x-axis acceleration data

 -0.5566   0.8213  -0.0308  -0.2407  -0.2715  -0.9438   0.3193   0.5693   0.5977   0.4985 
 -0.4600   0.8574  -0.3008  -0.6558  -0.1226  -0.6528   0.2358   0.4839   0.8105   0.4946 
 -0.3252   0.8354  -0.1704  -0.3345  -0.1626  -0.1558   0.2827   0.5234   0.9634   0.4824 
 -0.1899   0.9097  -0.1104   0.3237  -0.1592   0.2603   0.2046   0.5674   0.7393   0.5171 
 -0.1499   0.9111  -0.1558   0.2168  -0.1670  -0.7324   0.2192   0.5654   0.7764   0.4702 
 -0.4126   0.8633  -0.1138  -0.6719  -0.1479  -0.6191   0.2778   0.4834   0.7275   0.4463 
 -0.3652   0.9209  -0.0786  -0.0444  -0.2251   0.0249   0.2295   0.4375   0.7183   0.4307 
 -0.2124   0.8677  -0.1372   0.0571  -0.2822  -0.9443   0.2090   0.4917   0.7393   0.3662 
 -0.1494   0.7974  -0.2388  -0.7500  -0.1606  -0.0327   0.2500   0.4106   0.6841   0.3877 
 -0.1938   0.7852  -0.1953   0.2568  -0.0684  -0.5928   0.1240   0.3291   0.7021   0.4385 
 -0.2700   0.8008  -0.2339  -0.8228  -0.1489  -0.9258   0.1025   0.3633   0.7056   0.4873 
 -0.3154   0.7646  -0.2798  -0.0879  -0.2129   0.0337   0.0068   0.3506   0.6729   0.3813 
 -0.2822   0.7666  -0.2422  -0.5718  -0.1904  -0.3901   0.7490   0.3735   0.6567   0.3887 
 -0.3350   0.7500  -0.4346  -0.6187  -0.1538  -0.6880   0.2695   0.3145   0.6934   0.4131 
 -0.5498   0.8198  -0.5615  -0.3281  -0.1938  -0.7036   0.2617   0.2173   0.6636   0.3418 
 -0.5898   0.7998   0.0093  -0.9873  -0.3428  -0.6323   0.2778   0.3335   0.6592   0.3315 
 -0.3491   0.8350  -0.9087  -0.0889  -0.1240  -0.6489   0.2666   0.1304   0.6187   0.3218 
  0.0454   0.7617   0.0845  -1.1855  -0.4160  -0.6812   0.2676  -0.0137   0.5254   0.3271 
  0.5649   0.6074  -0.0420  -0.2153  -0.1284  -0.6475   0.1187   0.5020   0.6167   0.2666 
  1.0010   0.6421  -0.7202  -0.9673  -0.5264  -0.5742   0.3936  -0.1606   0.6372   0.3745 
  0.7642   0.6797  -0.9497  -1.0034   0.3003  -0.6274   0.1797   0.7964   0.5625   0.5513 
  0.0801   0.6748  -0.9146  -0.5820  -0.0786  -0.6914   0.2017   0.2852   0.5845  -0.0542 
  0.7056   0.6982  -0.6382  -0.6489  -0.6475  -0.7344   0.2808  -0.3857   0.5635   0.7021 
  0.9121   0.7622  -0.2271  -0.6909  -0.8999  -0.7021  -0.0996  -0.4810   0.5762  -0.3857 
  1.4487   0.7251  -0.6211  -0.6143  -0.7715  -0.7378   0.3350  -0.4648   0.6143  -0.0444 
  1.5718   0.7290  -0.5342  -0.6328  -0.5747  -0.7729  -0.1221  -0.5264   0.5254   0.6514 
  1.0742   0.6997  -0.5674  -0.6626  -0.1489  -0.8428   0.6226  -0.1123   0.4307   0.7651 
  1.0503   0.6064  -0.5615  -0.6670  -0.0132  -0.8862  -0.2754   0.6611   0.5151   0.7393 
  1.2241   0.5757  -0.6099  -0.6348  -1.0176  -1.0068  -0.4326   0.1538   0.5220   0.6050 
  1.1191   0.5552  -0.6372  -0.6201  -0.8618  -1.0801   0.0244  -0.3062   0.4785   0.0713 
  1.2676   0.5708  -0.7764  -0.6509  -0.6587  -1.0293   0.1865   0.5781   0.5234  -0.6152 
  1.3022   0.5732  -0.9014  -0.7383  -0.6533  -1.0044   0.0708  -0.4756   0.5122   0.2168 
  1.3931   0.6113  -0.8628  -0.8066  -0.6582  -1.0903  -0.3403   0.4341   0.4556   0.2939 
  1.3799   0.6128  -0.8164  -0.9526  -0.6689  -1.2046  -0.5684   0.0981   0.4438  -0.4980 
  1.3311   0.5649  -0.8691  -1.0674  -0.7588  -1.2222   0.2363  -0.4980   0.4111   0.2935 
  1.2544   0.5684  -0.9116  -1.1069  -0.7979  -1.2163   0.2563   0.3423   0.4097  -0.3130 
  1.6113   0.6060  -0.9067  -1.0264  -0.8105  -1.5713  -0.6055   0.4175   0.3872  -0.2993 
  2.3042   0.5532  -0.8091  -1.1606  -0.8467  -1.9307   0.4678  -0.2031   0.3315   0.3857 
  0.0796   0.5684  -0.8228  -1.4512  -0.7905  -1.9561  -0.6323  -0.6016   0.2900  -0.3735 
 -1.2842   0.5518  -0.8530  -1.4722  -0.7754  -1.9043   0.3091  -0.6792   0.3252  -0.7915 
 -0.0190   0.5459  -0.8535  -1.5557  -0.7783  -1.1909  -0.1616  -0.5957   0.2017  -0.3364 
  0.3345   0.5225  -0.7612  -1.9072  -0.7842   1.1670  -0.6211  -0.4736   0.1060   0.0840 
  0.2456   0.4438  -0.8091  -2.3740  -0.7354   1.8911   0.2139  -0.5928   0.0679   0.2241 
  0.1270   0.4756  -0.8691  -2.1021  -0.7510   2.7891   0.2969  -0.7583  -0.0698   0.1987 
  0.1045   0.4526  -0.8579  -1.4434  -0.7275   1.9731  -0.4351  -0.6660  -0.1924   0.0435 
  0.2197   0.4438  -0.9092  -0.6855  -0.6802  -1.2666  -0.8320  -0.3594   0.2280   0.1528 
  0.5532   0.4375  -1.0010   0.9648  -0.7197  -1.1958  -0.8857   0.0850  -0.5156   0.0288 
  0.5303   0.4038  -1.0132   0.2119  -0.7153  -0.4434  -0.8291   0.2998   0.3857  -0.1943 
  0.1670   0.4414  -1.0244   3.8940  -0.8296  -1.3062  -0.8633  -0.3677  -0.2573  -0.6543 
  0.1982   0.4429  -1.1421   0.6353  -0.9209  -0.3682  -1.0347  -0.7480  -0.8047  -1.1133 
  0.5117   0.3530  -1.0854  -0.8950  -1.0200  -0.8877  -1.1187   0.1548  -0.7373  -1.0034 
  0.5454   0.3564  -1.2388  -0.4619  -1.0181  -0.8662  -1.0684  -0.2500  -0.7690  -0.2295 
  0.3730   0.4238  -1.2471  -1.5000  -0.9487  -1.3491  -0.7754  -0.6074  -0.8501  -0.6675 
  0.3916   0.4199  -1.5820  -1.1494  -1.0854  -1.2207  -0.9014   0.1709  -0.6792  -0.2754 
  0.3560   0.3555  -1.9478  -0.7891  -1.1172  -1.0649  -0.6582  -0.9546   0.0635  -0.7871 
  0.2759   0.3184  -1.8857  -0.6704  -1.1821  -1.1221  -0.7612   0.1157   0.0835  -0.7344 
  0.3457   0.3022  -1.7861  -0.6924  -1.3867  -1.0718  -0.7852  -0.9800  -0.7983  -0.8345 
  0.3921   0.3291  -1.6304  -1.1772  -1.6582  -0.9858  -0.7842  -0.1587   0.3032  -0.8721 
  0.1948   0.2266  -0.8521  -0.9570  -1.7334  -0.8418  -0.8115  -0.9019  -0.8188  -0.8618 
  0.1421   0.1841   0.9556  -0.9355  -1.9980  -0.7397  -0.7793  -0.3760   0.2495  -0.7207 
  0.2241   0.1714  -0.5620  -0.9668  -1.7329  -0.6548  -0.8335  -0.3262  -0.2202  -0.7222 
  0.1709   0.1396   4.5806  -0.8945  -1.8716  -0.5864  -0.8071  -0.3760  -0.3530  -0.7290 
  0.0933   0.0195   0.2764  -0.8188  -0.3735  -0.6025  -0.7725  -0.6831  -0.4805  -0.6460 
  0.1143  -0.0503  -0.0928  -0.7666   2.9531  -0.5581  -0.7627  -0.7256  -0.4814  -0.6660 
  0.1152  -0.0923  -1.3423  -0.6738  -0.5620  -0.5762  -0.7197  -0.7432  -0.5786  -0.6611 
  0.0835  -0.0815  -0.4209  -0.6641   4.0249  -0.5664  -0.6543  -0.7422  -0.7051  -0.6328 
  0.0527  -0.0874  -1.4595  -0.5649  -0.3804  -0.5591  -0.7080  -0.7354  -0.7202  -0.6709 
  0.0342  -0.1426  -0.5015  -0.5776  -1.3872  -0.2896  -0.7432  -0.7666  -0.7417  -0.7871 
  0.0352  -0.2075  -0.5547  -0.4805  -0.6089  -0.0576  -0.6660  -0.7402  -0.8042  -0.8159 
 -0.0127  -0.2813  -0.7217  -0.5610  -1.0532   0.0859  -0.6616  -0.7256  -0.7944  -0.8770 
 -0.0259  -0.3652  -1.0938  -0.4756  -0.4526   0.1973  -0.7808  -0.6787  -0.7749  -1.0317 
 -0.0308  -0.3521  -0.9971  -0.3916  -0.3530   0.2842  -1.0146  -0.6768  -0.7803  -1.0869 
 -0.0396  -0.2505  -0.9170  -0.4683  -0.8501   0.3364  -1.1138  -0.6831  -0.8521  -1.0122 
 -0.0762  -0.1030  -0.6860  -0.4878  -1.0278   0.3921  -1.1431  -0.6636  -0.8057  -1.0557 
 -0.0840  -0.0449  -0.3809  -0.6099  -1.0225   0.3716  -1.1602  -0.5913  -0.7856  -1.0884 
 -0.0894  -0.1787  -0.1426  -0.7041  -1.1079   0.2153  -1.3843  -0.5801  -0.7710  -1.1792 
 -0.1460  -0.1846   0.1084  -0.7241  -1.1650   0.1807  -1.4248  -0.6543  -0.7354  -1.3398 
 -0.1948  -0.2124   0.2285  -0.5928  -1.1484   0.3931  -1.7500  -0.7241  -0.7363  -1.5981 
 -0.2783  -0.1499   0.3052  -0.7969  -0.9561   0.3828  -2.1172  -0.7490  -0.7163  -1.8013 
 -0.3140  -0.2837   0.1377  -1.0386  -0.8633   0.3613  -2.1455  -0.8638  -0.7070  -2.2075 
 -0.3599  -0.2051  -0.3057  -0.6401  -0.7178   0.9917  -1.7236  -1.0981  -0.7754  -2.0610 
 -0.4790  -0.2334  -0.8623  -0.4150  -0.6631   1.5439  -1.4150  -1.1055  -0.7983  -2.2729 
 -0.5220  -0.2749  -0.6714  -0.3745  -0.6631   1.4771   0.6328  -1.2173  -0.8096  -1.8545 
 -0.6182  -0.2646   0.0117  -0.3018  -0.8442   1.8906   2.7368  -1.2837  -0.8843   1.3569 
 -0.6206  -0.3486   0.0244  -0.2427  -0.7822   2.1318   2.1890  -1.2642  -1.0078  -0.4331 
 -0.6479  -0.2866  -0.1685  -0.1504  -0.7002   2.0068   2.5859  -1.4648  -1.1567   5.7720 
 -0.7056  -0.3096   0.0605  -0.0352  -0.6978   1.9653  -0.7588  -1.7104  -1.1875  -0.0415 
 -0.7290  -0.4063   0.3965   0.0991  -0.6611   1.8765  -1.2510  -1.7354  -1.3135  -0.4365 
 -0.7612  -0.2749   0.6660   0.1948  -0.6543   1.7134  -0.8433  -1.9766  -1.1855  -1.2632 
 -0.7197  -0.1763   1.1172   0.1318  -0.6743   1.5371  -1.2144  -2.2256  -1.2910  -1.0342 
 -0.7129  -0.1245   1.6982  -0.0522  -0.5869   1.4102  -0.1343  -2.2520  -1.7300  -0.9653 
 -0.7744  -0.0991   2.5020  -0.0586  -0.6411   1.1646  -0.8115  -1.6099  -1.9917  -0.3101 
 -0.7871  -0.1689   2.9160  -0.0786  -0.6865   0.9580  -0.7554   1.4541  -2.3389  -0.2563 
 -0.7510  -0.2417   2.8975  -0.1133  -0.7451   0.8936  -1.0571   0.5938  -2.3442  -0.9492 
 -0.6978  -0.2251   2.5776  -0.0591  -0.7974   0.8447  -1.0410   5.0962  -1.7778  -1.1367 
 -0.6411  -0.1504   2.3022   0.0264  -0.7769   0.8052  -1.0640  -0.3511  -1.2031  -0.9355 
 -0.6421  -0.1885   2.1006   0.1577  -0.9429   0.8389  -1.0098  -1.0801   0.7681  -0.8291 
 -0.5439  -0.2896   1.9033   0.0835  -1.3774   0.8857  -0.9966  -0.2466   0.6812  -0.5718 
 -0.5396  -0.2866   1.7749  -0.0034  -1.4028   0.9243  -0.9067  -1.7339   4.9209  -0.4839 
 -0.5659  -0.3062   1.7393   0.3364  -0.7783   0.9653  -0.6465  -0.2788   0.3257  -0.5171 
 -0.6309  -0.2480   1.4448   0.6631  -0.4956   1.0127  -0.6279  -0.2002  -1.0649  -0.5273 
 -0.7480  -0.3931   1.1016   0.6558  -0.4526   1.0254  -0.5464  -0.6055  -1.0522  -0.3779 
 -0.8154  -0.0967   0.9468   0.5889  -0.5181   1.0220  -0.4443  -0.8047  -1.1099  -0.0645 
 -0.9009  -0.8076   0.8457   0.7891  -0.5088   1.0303  -0.3086  -1.0977  -0.5225   0.2100 
 -0.9619   0.0869   0.7969   0.9805  -0.5859   1.0815  -0.2676  -1.0791  -0.4746   0.5894 
 -1.0767  -0.4575   0.7896   0.9941  -0.6226   1.1416  -0.2100  -1.1582  -0.5249   1.0269 
 -1.1089  -1.1133   0.7646   1.1675  -0.5835   1.1953  -0.1558  -1.0337  -0.8853   1.4819 
 -1.3101  -1.1543   0.8208   1.1992  -0.6567   1.2051  -0.1123  -0.9507  -1.0078   1.8608 
 -1.5229  -1.0532   0.8472   1.0361  -0.6328   1.2012   0.0308  -0.8486  -1.0088   2.0322 
 -1.4902  -1.1470   0.8677   1.0522  -0.6333   1.1816   0.2520  -0.8311  -1.1436   2.0298 
 -2.0791  -1.1108   0.9248   1.0493  -0.6289   1.1504   0.5703  -0.7959  -1.0728   2.0718 
 -2.4829  -1.0830   0.9604   1.0029  -0.6631   1.0723   0.8560  -0.6973  -0.8091   2.1563 
 -2.6694  -0.8130   1.0518   0.9678  -0.6724   0.9653   0.9443  -0.7212  -0.7817   2.7036 
 -1.7271  -0.7983   1.1128   0.9536  -0.6646   0.8853   1.0986  -0.7539  -0.7544   3.2456 
 -0.8823  -0.7930   1.1699   0.8647  -0.6616   0.8672   1.3047  -0.7759  -0.8013   3.4707 
  0.7275  -0.7412   1.2715   0.7905  -0.6128   0.8677   1.3218  -0.6650  -0.8159   3.5415 
  3.3926  -0.7632   1.3394   0.7207  -0.5850   0.8594   1.3130  -0.5884  -0.8462   3.3169 
  1.5537  -0.7837   1.3301   0.7295  -0.5552   0.8032   1.8975  -0.6118  -0.8569   3.1377 
  0.3911  -0.8296   1.2813   0.6606  -0.5303   0.7124   2.4771  -0.6211  -0.7251   2.8892 
  0.4414  -0.7686   1.2402   0.6543  -0.4829   0.7012   2.7363  -0.6128  -0.7515   2.5557 
  0.2646  -0.6577   1.2163   0.3877  -0.4194   0.7339   3.0298  -0.5513  -0.7344   2.0972 
 -1.6685  -0.6680   1.2046   0.7349  -0.4058   0.7676   3.1572  -0.5562  -0.6660   1.5513 
 -1.4146  -0.6865   1.1201   0.7529  -0.3325   0.7749   2.9785  -0.6504  -0.5713   1.3018 
  0.1982  -0.6245   0.9521   0.5493  -0.2607   0.7466   2.4873  -0.7041  -0.5366   1.1943 
 -0.2095  -0.6904   0.8633   0.5562  -0.1069   0.7104   2.0869  -0.6289  -0.6143   0.9502 
 -0.4448  -0.8042   0.8066   0.7866   0.0781   0.6665   1.8462  -0.5913  -0.6338   0.7422 
 -1.0815  -0.9692   0.8027   0.6304   0.2070   0.6245   1.5278  -0.5620  -0.5889   0.5972 
 -1.1831  -1.0083   0.7588   0.7427   0.1069   0.5806   1.3335  -0.6392  -0.4893   0.5039 
 -1.1675  -1.0474   0.7124   1.1470   0.1758   0.5669   1.2461  -0.6299  -0.4604   0.5029 
 -1.3281  -1.0869   0.6953   0.5684   0.1660   0.5801   1.0835  -0.7310  -0.5757   0.5708 
 -1.3477  -1.2461   0.7070   0.1982   0.1001   0.6406   0.9507  -0.9028  -0.6309   0.6436 
 -1.2031  -1.2837   0.7314   0.7554   0.0239   0.7051   0.8032  -0.9756  -0.6411   0.7607 
 -0.9307  -1.4131   0.7456   1.0220  -0.3179   0.7515   0.7124  -0.7603  -0.7134   0.9116 
 -0.7378  -1.7202   0.7461   0.5400  -0.4082   0.8267   0.6948  -0.6890  -0.9277   1.0669 
 -0.5332  -2.0688   0.7578   1.0469  -0.3208   0.9155   0.7227  -0.6147  -0.9844   1.2236 
 -0.2729  -2.0146   0.7769   0.6172  -0.5063   0.9922   0.7617  -0.6123  -0.6997   1.3125 
 -0.1885  -2.2002   0.8076   0.4917  -0.8232   0.0000   0.8096  -0.6431  -0.5981   1.4268 
 -0.2788  -1.4526   0.8511   0.7163  -0.8076   0.0000   0.8848  -0.5659  -0.5425   1.5962 
 -0.2173  -1.0034   0.8848   0.7778  -0.4380   0.0000   1.0151  -0.5049  -0.5322   1.7109 
 -0.2251   0.6621   0.8662   0.6665   2.2798   0.0000   1.1777  -0.4834  -0.5190   1.7793 
 -0.2231  -0.6670   0.8174   0.6406  -0.0234   0.0000   1.3486  -0.5015  -0.6187   1.7856 
 -0.3101   4.8794   0.8101   0.0000   0.3750   0.0000   1.5166  -0.4141  -0.6470   1.7373 
 -0.5771   0.6133   0.8604   0.0000  -0.3154   0.0000   1.6123  -0.2329  -0.6265   1.5601 
 -0.7485  -1.4810   0.9082   0.0000   1.3032   0.0000   1.6309  -0.0708  -0.6445   1.4463 
 -0.9360  -1.0869   0.9185   0.0000  -0.5728   0.0000   1.6338   0.0244  -0.6606   1.3716 
 -1.0400  -0.1943   0.9097   0.0000   0.5972   0.0000   1.6221   0.1855  -0.6387   1.1992 
 -0.9995  -0.9854   0.9087   0.0000   0.5376   0.0000   1.5640   0.3213  -0.6548   1.0825 
 -0.9097  -0.4072   0.9375   0.0000   0.1079   0.0000   1.4321   0.5112  -0.6475   0.9717 
 -0.6606  -0.4624   0.9541   0.0000   0.4067   0.0000   1.3252   0.6768  -0.6553   0.8311 
 -0.5552  -0.9189   0.9385   0.0000   0.6367   0.0000   1.2178   0.7197  -0.6406   0.7466 
 -0.3496  -1.0469   0.9116   0.0000   0.3149   0.0000   1.1260   0.8867  -0.6606   0.6875 
 -0.1836  -1.1494   0.9121   0.0000   0.5874   0.0000   1.0605   1.1133  -0.7129   0.6260 
 -0.1216  -1.1826   0.9165   0.0000   0.6763   0.0000   1.0029   1.3442  -0.7114   0.5562 
 -0.0830  -1.2295   0.9316   0.0000   0.6079   0.0000   0.9136   1.1899  -0.7183   0.5283 
 -0.1543  -1.1514   0.9595   0.0000   0.5410   0.0000   0.8101   2.0688  -0.7090   0.5117 
 -0.2197  -1.0137   0.9839   0.0000   0.5649   0.0000   0.7539   1.7393  -0.6978   0.5210 
 -0.3623  -0.7080   0.0000   0.0000   0.5693   0.0000   0.7188   1.3638  -0.7188   0.5503 
 -0.5605  -0.5151   0.0000   0.0000   0.5576   0.0000   0.6392   2.0806  -0.7466   0.5879 
 -0.6807  -0.3853   0.0000   0.0000   0.5557   0.0000   0.5649   2.2759  -0.7686   0.5732 
 -0.7637  -0.2998   0.0000   0.0000   0.7256   0.0000   0.5127   2.3203  -0.8057   0.5376 
 -0.7842  -0.3242   0.0000   0.0000   0.6602   0.0000   0.4824   2.2925  -0.8145   0.4839 
 -0.7646  -0.4395   0.0000   0.0000   0.0000   0.0000   0.4526   2.1880  -0.8037   0.4380 
 -0.6064  -0.4956   0.0000   0.0000   0.0000   0.0000   0.4658   2.0674  -0.7690   0.4170 
 -0.4253  -0.5142   0.0000   0.0000   0.0000   0.0000   0.5146   1.7437  -0.7354   0.3701 
 -0.3032  -0.5278   0.0000   0.0000   0.0000   0.0000   0.5698   1.4893  -0.7051   0.4302 
 -0.2139  -0.5303   0.0000   0.0000   0.0000   0.0000   0.6226   1.3862  -0.7466   0.5308 
 -0.1724  -0.6396   0.0000   0.0000   0.0000   0.0000   0.6748   1.2505  -0.7554   0.6001 
 -0.1802  -0.7222   0.0000   0.0000   0.0000   0.0000   0.7178   1.1875  -0.7393   0.6406 
 -0.1733  -0.6372   0.0000   0.0000   0.0000   0.0000   0.7749   1.0659  -0.7642   0.6416 
 -0.2495  -0.4570   0.0000   0.0000   0.0000   0.0000   0.8062   0.9375  -0.7969   0.6152 
 -0.3677  -0.3350   0.0000   0.0000   0.0000   0.0000   0.8022   0.8647  -0.7490   0.5918 
 -0.4233  -0.3008   0.0000   0.0000   0.0000   0.0000   0.9473   0.8911  -0.7612   0.6079 
 -0.4912  -0.3872   0.0000   0.0000   0.0000   0.0000   1.0444   0.8867  -0.7871   0.6187 
 -0.5439  -0.3413   0.0000   0.0000   0.0000   0.0000   1.1938   0.8916  -0.7632   0.6206 
 -0.4341  -0.2725   0.0000   0.0000   0.0000   0.0000   1.2822   0.9233  -0.7324   0.6470 
 -0.2627  -0.2944   0.0000   0.0000   0.0000   0.0000   1.3276   0.9546  -0.6812   0.6689 
 -0.2178  -0.3496   0.0000   0.0000   0.0000   0.0000   1.3438   0.9971  -0.6343   0.6660 
 -0.3164  -0.2954   0.0000   0.0000   0.0000   0.0000   1.2959   1.0244  -0.6147   0.6548 
 -0.2876  -0.2603   0.0000   0.0000   0.0000   0.0000   1.2778   1.0552  -0.5815   0.6548 
 -0.2690  -0.2290   0.0000   0.0000   0.0000   0.0000   1.2817   1.1328  -0.5698   0.6543 
 -0.4131  -0.5469   0.0000   0.0000   0.0000   0.0000   1.2773   1.1899  -0.5435   0.6436 
 -0.4585  -0.7280   0.0000   0.0000   0.0000   0.0000   1.2432   1.2715  -0.4927   0.6396 
 -0.5029  -0.3623   0.0000   0.0000   0.0000   0.0000   1.1821   1.3511  -0.4507   0.6460 
 -0.5889  -0.2290   0.0000   0.0000   0.0000   0.0000   1.1040   1.4116  -0.3159   0.6294 
 -0.7305  -0.2393   0.0000   0.0000   0.0000   0.0000   1.0039   1.3696  -0.1968   0.6348 
 -1.1387  -0.2383   0.0000   0.0000   0.0000   0.0000   0.9102   1.2305  -0.1118   0.6528 
 -0.6860  -0.0596   0.0000   0.0000   0.0000   0.0000   0.8213   1.0845  -0.0952   0.6816 
 -0.8364  -0.2397   0.0000   0.0000   0.0000   0.0000   0.7729   0.0000   0.0420   0.7085 
 -0.5283   0.0234   0.0000   0.0000   0.0000   0.0000   0.7803   0.0000   0.2017   0.7109 
 -0.6558  -0.2944   0.0000   0.0000   0.0000   0.0000   0.7847   0.0000   0.3115   0.7236 
 -0.1792   0.1763   0.0000   0.0000   0.0000   0.0000   0.7793   0.0000   0.4116   0.7524 
 -0.3091  -0.3726   0.0000   0.0000   0.0000   0.0000   0.8042   0.0000   0.5376   0.7695 
 -0.5518  -0.7114   0.0000   0.0000   0.0000   0.0000   0.0000   0.0000   0.7637   0.7607 
 -0.3306  -0.4424   0.0000   0.0000   0.0000   0.0000   0.0000   0.0000   0.8511   0.7295 
 -0.1904  -0.1094   0.0000   0.0000   0.0000   0.0000   0.0000   0.0000   0.7969   0.6797 
 -0.0083  -0.0093   0.0000   0.0000   0.0000   0.0000   0.0000   0.0000   0.9854   0.0000 
 -0.1421  -0.1655   0.0000   0.0000   0.0000   0.0000   0.0000   0.0000   1.2842   0.0000 
 -0.2524  -0.6909   0.0000   0.0000   0.0000   0.0000   0.0000   0.0000   1.5986   0.0000 
 -0.2637  -0.8584   0.0000   0.0000   0.0000   0.0000   0.0000   0.0000   1.8911   0.0000 
  0.2383   0.0620   0.0000   0.0000   0.0000   0.0000   0.0000   0.0000   1.9233   0.0000 
  0.1489  -0.1216   0.0000   0.0000   0.0000   0.0000   0.0000   0.0000   1.8994   0.0000 
 -0.1426  -0.7798   0.0000   0.0000   0.0000   0.0000   0.0000   0.0000   1.9038   0.0000 
 -0.7471   0.2495   0.0000   0.0000   0.0000   0.0000   0.0000   0.0000   1.6719   0.0000 
 -0.4429  -0.8130   0.0000   0.0000   0.0000   0.0000   0.0000   0.0000   1.6045   0.0000 
 -0.1992  -0.2734   0.0000   0.0000   0.0000   0.0000   0.0000   0.0000   1.8374   0.0000 
 -0.2925  -0.2129   0.0000   0.0000   0.0000   0.0000   0.0000   0.0000   3.6313   0.0000 
 -0.1724  -0.1904   0.0000   0.0000   0.0000   0.0000   0.0000   0.0000   0.8457   0.0000 
  0.0586  -0.1431   0.0000   0.0000   0.0000   0.0000   0.0000   0.0000   0.4321   0.0000 
  0.2871  -0.0586   0.0000   0.0000   0.0000   0.0000   0.0000   0.0000   0.7739   0.0000 
  0.0000   0.0171   0.0000   0.0000   0.0000   0.0000   0.0000   0.0000   1.4805   0.0000 
  0.0000   0.0947   0.0000   0.0000   0.0000   0.0000   0.0000   0.0000   1.4717   0.0000 
  0.0000   0.1567   0.0000   0.0000   0.0000   0.0000   0.0000   0.0000   0.8804   0.0000 
  0.0000   0.1958   0.0000   0.0000   0.0000   0.0000   0.0000   0.0000   0.9258   0.0000 
  0.0000   0.1416   0.0000   0.0000   0.0000   0.0000   0.0000   0.0000   1.0581   0.0000 
  0.0000  -0.0186   0.0000   0.0000   0.0000   0.0000   0.0000   0.0000   0.9897   0.0000 
  0.0000  -0.0825   0.0000   0.0000   0.0000   0.0000   0.0000   0.0000   0.9063   0.0000 
  0.0000   0.0449   0.0000   0.0000   0.0000   0.0000   0.0000   0.0000   0.8994   0.0000 
  0.0000   0.1821   0.0000   0.0000   0.0000   0.0000   0.0000   0.0000   0.9126   0.0000 
  0.0000   0.0659   0.0000   0.0000   0.0000   0.0000   0.0000   0.0000   0.8979   0.0000 
  0.0000   0.0874   0.0000   0.0000   0.0000   0.0000   0.0000   0.0000   0.8691   0.0000 
  0.0000   0.4019   0.0000   0.0000   0.0000   0.0000   0.0000   0.0000   0.8223   0.0000 
  0.0000   0.7671   0.0000   0.0000   0.0000   0.0000   0.0000   0.0000   0.7769   0.0000 
  0.0000   0.9355   0.0000   0.0000   0.0000   0.0000   0.0000   0.0000   0.7402   0.0000 
  0.0000   0.8628   0.0000   0.0000   0.0000   0.0000   0.0000   0.0000   0.7227   0.0000 
  0.0000   1.0293   0.0000   0.0000   0.0000   0.0000   0.0000   0.0000   0.7256   0.0000 
  0.0000   1.5015   0.0000   0.0000   0.0000   0.0000   0.0000   0.0000   0.7251   0.0000 
  0.0000   1.8833   0.0000   0.0000   0.0000   0.0000   0.0000   0.0000   0.7373   0.0000 
  0.0000   1.7734   0.0000   0.0000   0.0000   0.0000   0.0000   0.0000   0.7490   0.0000 
  0.0000   1.4570   0.0000   0.0000   0.0000   0.0000   0.0000   0.0000   0.7485   0.0000 
  0.0000   1.3794   0.0000   0.0000   0.0000   0.0000   0.0000   0.0000   0.7363   0.0000 
  0.0000   1.3711   0.0000   0.0000   0.0000   0.0000   0.0000   0.0000   0.7485   0.0000 
  0.0000   1.4546   0.0000   0.0000   0.0000   0.0000   0.0000   0.0000   0.7690   0.0000 
  0.0000   1.3770   0.0000   0.0000   0.0000   0.0000   0.0000   0.0000   0.8062   0.0000 
  0.0000   1.2329   0.0000   0.0000   0.0000   0.0000   0.0000   0.0000   0.8511   0.0000 
  0.0000   1.0933   0.0000   0.0000   0.0000   0.0000   0.0000   0.0000   0.9126   0.0000 
  0.0000   1.0200   0.0000   0.0000   0.0000   0.0000   0.0000   0.0000   0.9932   0.0000 
  0.0000   0.9805   0.0000   0.0000   0.0000   0.0000   0.0000   0.0000   1.0469   0.0000 
  0.0000   0.9702   0.0000   0.0000   0.0000   0.0000   0.0000   0.0000   1.0796   0.0000 
  0.0000   0.9482   0.0000   0.0000   0.0000   0.0000   0.0000   0.0000   1.0723   0.0000 
  0.0000   0.9521   0.0000   0.0000   0.0000   0.0000   0.0000   0.0000   1.0615   0.0000 
  0.0000   0.0000   0.0000   0.0000   0.0000   0.0000   0.0000   0.0000   1.0996   0.0000 
  0.0000   0.0000   0.0000   0.0000   0.0000   0.0000   0.0000   0.0000   1.0938   0.0000 
  0.0000   0.0000   0.0000   0.0000   0.0000   0.0000   0.0000   0.0000   1.0127   0.0000 
  0.0000   0.0000   0.0000   0.0000   0.0000   0.0000   0.0000   0.0000   0.9248   0.0000 
  0.0000   0.0000   0.0000   0.0000   0.0000   0.0000   0.0000   0.0000   0.8599   0.0000 
  0.0000   0.0000   0.0000   0.0000   0.0000   0.0000   0.0000   0.0000   0.8228   0.0000 
  0.0000   0.0000   0.0000   0.0000   0.0000   0.0000   0.0000   0.0000   0.8252   0.0000 
  0.0000   0.0000   0.0000   0.0000   0.0000   0.0000   0.0000   0.0000   0.8794   0.0000 
  0.0000   0.0000   0.0000   0.0000   0.0000   0.0000   0.0000   0.0000   0.0000   0.0000 
  0.0000   0.0000   0.0000   0.0000   0.0000   0.0000   0.0000   0.0000   0.0000   0.0000 
  0.0000   0.0000   0.0000   0.0000   0.0000   0.0000   0.0000   0.0000   0.0000   0.0000 
  0.0000   0.0000   0.0000   0.0000   0.0000   0.0000   0.0000   0.0000   0.0000   0.0000 
  0.0000   0.0000   0.0000   0.0000   0.0000   0.0000   0.0000   0.0000   0.0000   0.0000 
  0.0000   0.0000   0.0000   0.0000   0.0000   0.0000   0.0000   0.0000   0.0000   0.0000 
  0.0000   0.0000   0.0000   0.0000   0.0000   0.0000   0.0000   0.0000   0.0000   0.0000 
  0.0000   0.0000   0.0000   0.0000   0.0000   0.0000   0.0000   0.0000   0.0000   0.0000 
  0.0000   0.0000   0.0000   0.0000   0.0000   0.0000   0.0000   0.0000   0.0000   0.0000 
  0.0000   0.0000   0.0000   0.0000   0.0000   0.0000   0.0000   0.0000   0.0000   0.0000 
  0.0000   0.0000   0.0000   0.0000   0.0000   0.0000   0.0000   0.0000   0.0000   0.0000 
  0.0000   0.0000   0.0000   0.0000   0.0000   0.0000   0.0000   0.0000   0.0000   0.0000 
  0.0000   0.0000   0.0000   0.0000   0.0000   0.0000   0.0000   0.0000   0.0000   0.0000 
  0.0000   0.0000   0.0000   0.0000   0.0000   0.0000   0.0000   0.0000   0.0000   0.0000 
  0.0000   0.0000   0.0000   0.0000   0.0000   0.0000   0.0000   0.0000   0.0000   0.0000 
  0.0000   0.0000   0.0000   0.0000   0.0000   0.0000   0.0000   0.0000   0.0000   0.0000 
  0.0000   0.0000   0.0000   0.0000   0.0000   0.0000   0.0000   0.0000   0.0000   0.0000 
  0.0000   0.0000   0.0000   0.0000   0.0000   0.0000   0.0000   0.0000   0.0000   0.0000 
  0.0000   0.0000   0.0000   0.0000   0.0000   0.0000   0.0000   0.0000   0.0000   0.0000 
  0.0000   0.0000   0.0000   0.0000   0.0000   0.0000   0.0000   0.0000   0.0000   0.0000 
  0.0000   0.0000   0.0000   0.0000   0.0000   0.0000   0.0000   0.0000   0.0000   0.0000 
  0.0000   0.0000   0.0000   0.0000   0.0000   0.0000   0.0000   0.0000   0.0000   0.0000 
  0.0000   0.0000   0.0000   0.0000   0.0000   0.0000   0.0000   0.0000   0.0000   0.0000 
  0.0000   0.0000   0.0000   0.0000   0.0000   0.0000   0.0000   0.0000   0.0000   0.0000 
  0.0000   0.0000   0.0000   0.0000   0.0000   0.0000   0.0000   0.0000   0.0000   0.0000 
  0.0000   0.0000   0.0000   0.0000   0.0000   0.0000   0.0000   0.0000   0.0000   0.0000 
  0.0000   0.0000   0.0000   0.0000   0.0000   0.0000   0.0000   0.0000   0.0000   0.0000 
  0.0000   0.0000   0.0000   0.0000   0.0000   0.0000   0.0000   0.0000   0.0000   0.0000 
  0.0000   0.0000   0.0000   0.0000   0.0000   0.0000   0.0000   0.0000   0.0000   0.0000 
  0.0000   0.0000   0.0000   0.0000   0.0000   0.0000   0.0000   0.0000   0.0000   0.0000 
  0.0000   0.0000   0.0000   0.0000   0.0000   0.0000   0.0000   0.0000   0.0000   0.0000 
  0.0000   0.0000   0.0000   0.0000   0.0000   0.0000   0.0000   0.0000   0.0000   0.0000 
  0.0000   0.0000   0.0000   0.0000   0.0000   0.0000   0.0000   0.0000   0.0000   0.0000 
  0.0000   0.0000   0.0000   0.0000   0.0000   0.0000   0.0000   0.0000   0.0000   0.0000 
  0.0000   0.0000   0.0000   0.0000   0.0000   0.0000   0.0000   0.0000   0.0000   0.0000 
  0.0000   0.0000   0.0000   0.0000   0.0000   0.0000   0.0000   0.0000   0.0000   0.0000 
  0.0000   0.0000   0.0000   0.0000   0.0000   0.0000   0.0000   0.0000   0.0000   0.0000 
  0.0000   0.0000   0.0000   0.0000   0.0000   0.0000   0.0000   0.0000   0.0000   0.0000 
  0.0000   0.0000   0.0000   0.0000   0.0000   0.0000   0.0000   0.0000   0.0000   0.0000 
  0.0000   0.0000   0.0000   0.0000   0.0000   0.0000   0.0000   0.0000   0.0000   0.0000 
  0.0000   0.0000   0.0000   0.0000   0.0000   0.0000   0.0000   0.0000   0.0000   0.0000 
  0.0000   0.0000   0.0000   0.0000   0.0000   0.0000   0.0000   0.0000   0.0000   0.0000 
  0.0000   0.0000   0.0000   0.0000   0.0000   0.0000   0.0000   0.0000   0.0000   0.0000 
  0.0000   0.0000   0.0000   0.0000   0.0000   0.0000   0.0000   0.0000   0.0000   0.0000 
  0.0000   0.0000   0.0000   0.0000   0.0000   0.0000   0.0000   0.0000   0.0000   0.0000 
  0.0000   0.0000   0.0000   0.0000   0.0000   0.0000   0.0000   0.0000   0.0000   0.0000 
  0.0000   0.0000   0.0000   0.0000   0.0000   0.0000   0.0000   0.0000   0.0000   0.0000 
  0.0000   0.0000   0.0000   0.0000   0.0000   0.0000   0.0000   0.0000   0.0000   0.0000 
  0.0000   0.0000   0.0000   0.0000   0.0000   0.0000   0.0000   0.0000   0.0000   0.0000 
  0.0000   0.0000   0.0000   0.0000   0.0000   0.0000   0.0000   0.0000   0.0000   0.0000 
  0.0000   0.0000   0.0000   0.0000   0.0000   0.0000   0.0000   0.0000   0.0000   0.0000 
  0.0000   0.0000   0.0000   0.0000   0.0000   0.0000   0.0000   0.0000   0.0000   0.0000 
  0.0000   0.0000   0.0000   0.0000   0.0000   0.0000   0.0000   0.0000   0.0000   0.0000 
  0.0000   0.0000   0.0000   0.0000   0.0000   0.0000   0.0000   0.0000   0.0000   0.0000 
  0.0000   0.0000   0.0000   0.0000   0.0000   0.0000   0.0000   0.0000   0.0000   0.0000 
  0.0000   0.0000   0.0000   0.0000   0.0000   0.0000   0.0000   0.0000   0.0000   0.0000 
  0.0000   0.0000   0.0000   0.0000   0.0000   0.0000   0.0000   0.0000   0.0000   0.0000 
  0.0000   0.0000   0.0000   0.0000   0.0000   0.0000   0.0000   0.0000   0.0000   0.0000 
  0.0000   0.0000   0.0000   0.0000   0.0000   0.0000   0.0000   0.0000   0.0000   0.0000 
  0.0000   0.0000   0.0000   0.0000   0.0000   0.0000   0.0000   0.0000   0.0000   0.0000 
  0.0000   0.0000   0.0000   0.0000   0.0000   0.0000   0.0000   0.0000   0.0000   0.0000 
  0.0000   0.0000   0.0000   0.0000   0.0000   0.0000   0.0000   0.0000   0.0000   0.0000 
  0.0000   0.0000   0.0000   0.0000   0.0000   0.0000   0.0000   0.0000   0.0000   0.0000 
  0.0000   0.0000   0.0000   0.0000   0.0000   0.0000   0.0000   0.0000   0.0000   0.0000 
  0.0000   0.0000   0.0000   0.0000   0.0000   0.0000   0.0000   0.0000   0.0000   0.0000 
  0.0000   0.0000   0.0000   0.0000   0.0000   0.0000   0.0000   0.0000   0.0000   0.0000 
  0.0000   0.0000   0.0000   0.0000   0.0000   0.0000   0.0000   0.0000   0.0000   0.0000 
  0.0000   0.0000   0.0000   0.0000   0.0000   0.0000   0.0000   0.0000   0.0000   0.0000 
  0.0000   0.0000   0.0000   0.0000   0.0000   0.0000   0.0000   0.0000   0.0000   0.0000 
  0.0000   0.0000   0.0000   0.0000   0.0000   0.0000   0.0000   0.0000   0.0000   0.0000 
  0.0000   0.0000   0.0000   0.0000   0.0000   0.0000   0.0000   0.0000   0.0000   0.0000 
  0.0000   0.0000   0.0000   0.0000   0.0000   0.0000   0.0000   0.0000   0.0000   0.0000 
  0.0000   0.0000   0.0000   0.0000   0.0000   0.0000   0.0000   0.0000   0.0000   0.0000 
  0.0000   0.0000   0.0000   0.0000   0.0000   0.0000   0.0000   0.0000   0.0000   0.0000 
  0.0000   0.0000   0.0000   0.0000   0.0000   0.0000   0.0000   0.0000   0.0000   0.0000 
  0.0000   0.0000   0.0000   0.0000   0.0000   0.0000   0.0000   0.0000   0.0000   0.0000 
  0.0000   0.0000   0.0000   0.0000   0.0000   0.0000   0.0000   0.0000   0.0000   0.0000 
  0.0000   0.0000   0.0000   0.0000   0.0000   0.0000   0.0000   0.0000   0.0000   0.0000 
  0.0000   0.0000   0.0000   0.0000   0.0000   0.0000   0.0000   0.0000   0.0000   0.0000 
  0.0000   0.0000   0.0000   0.0000   0.0000   0.0000   0.0000   0.0000   0.0000   0.0000 
  0.0000   0.0000   0.0000   0.0000   0.0000   0.0000   0.0000   0.0000   0.0000   0.0000 
  0.0000   0.0000   0.0000   0.0000   0.0000   0.0000   0.0000   0.0000   0.0000   0.0000 
  0.0000   0.0000   0.0000   0.0000   0.0000   0.0000   0.0000   0.0000   0.0000   0.0000 
  0.0000   0.0000   0.0000   0.0000   0.0000   0.0000   0.0000   0.0000   0.0000   0.0000 
  0.0000   0.0000   0.0000   0.0000   0.0000   0.0000   0.0000   0.0000   0.0000   0.0000 
  0.0000   0.0000   0.0000   0.0000   0.0000   0.0000   0.0000   0.0000   0.0000   0.0000 
  0.0000   0.0000   0.0000   0.0000   0.0000   0.0000   0.0000   0.0000   0.0000   0.0000 
  0.0000   0.0000   0.0000   0.0000   0.0000   0.0000   0.0000   0.0000   0.0000   0.0000 
  0.0000   0.0000   0.0000   0.0000   0.0000   0.0000   0.0000   0.0000   0.0000   0.0000 
  0.0000   0.0000   0.0000   0.0000   0.0000   0.0000   0.0000   0.0000   0.0000   0.0000 
  0.0000   0.0000   0.0000   0.0000   0.0000   0.0000   0.0000   0.0000   0.0000   0.0000 
  0.0000   0.0000   0.0000   0.0000   0.0000   0.0000   0.0000   0.0000   0.0000   0.0000 
  0.0000   0.0000   0.0000   0.0000   0.0000   0.0000   0.0000   0.0000   0.0000   0.0000 
  0.0000   0.0000   0.0000   0.0000   0.0000   0.0000   0.0000   0.0000   0.0000   0.0000 
  0.0000   0.0000   0.0000   0.0000   0.0000   0.0000   0.0000   0.0000   0.0000   0.0000 
  0.0000   0.0000   0.0000   0.0000   0.0000   0.0000   0.0000   0.0000   0.0000   0.0000 
  0.0000   0.0000   0.0000   0.0000   0.0000   0.0000   0.0000   0.0000   0.0000   0.0000 
  0.0000   0.0000   0.0000   0.0000   0.0000   0.0000   0.0000   0.0000   0.0000   0.0000 
  0.0000   0.0000   0.0000   0.0000   0.0000   0.0000   0.0000   0.0000   0.0000   0.0000 
  0.0000   0.0000   0.0000   0.0000   0.0000   0.0000   0.0000   0.0000   0.0000   0.0000 
  0.0000   0.0000   0.0000   0.0000   0.0000   0.0000   0.0000   0.0000   0.0000   0.0000 
  0.0000   0.0000   0.0000   0.0000   0.0000   0.0000   0.0000   0.0000   0.0000   0.0000 
  0.0000   0.0000   0.0000   0.0000   0.0000   0.0000   0.0000   0.0000   0.0000   0.0000 
  0.0000   0.0000   0.0000   0.0000   0.0000   0.0000   0.0000   0.0000   0.0000   0.0000 
  0.0000   0.0000   0.0000   0.0000   0.0000   0.0000   0.0000   0.0000   0.0000   0.0000 
  0.0000   0.0000   0.0000   0.0000   0.0000   0.0000   0.0000   0.0000   0.0000   0.0000 
  0.0000   0.0000   0.0000   0.0000   0.0000   0.0000   0.0000   0.0000   0.0000   0.0000 
  0.0000   0.0000   0.0000   0.0000   0.0000   0.0000   0.0000   0.0000   0.0000   0.0000 
  0.0000   0.0000   0.0000   0.0000   0.0000   0.0000   0.0000   0.0000   0.0000   0.0000 
  0.0000   0.0000   0.0000   0.0000   0.0000   0.0000   0.0000   0.0000   0.0000   0.0000 
  0.0000   0.0000   0.0000   0.0000   0.0000   0.0000   0.0000   0.0000   0.0000   0.0000 
  0.0000   0.0000   0.0000   0.0000   0.0000   0.0000   0.0000   0.0000   0.0000   0.0000 
  0.0000   0.0000   0.0000   0.0000   0.0000   0.0000   0.0000   0.0000   0.0000   0.0000 
  0.0000   0.0000   0.0000   0.0000   0.0000   0.0000   0.0000   0.0000   0.0000   0.0000 
  0.0000   0.0000   0.0000   0.0000   0.0000   0.0000   0.0000   0.0000   0.0000   0.0000 
  0.0000   0.0000   0.0000   0.0000   0.0000   0.0000   0.0000   0.0000   0.0000   0.0000 
  0.0000   0.0000   0.0000   0.0000   0.0000   0.0000   0.0000   0.0000   0.0000   0.0000 
  0.0000   0.0000   0.0000   0.0000   0.0000   0.0000   0.0000   0.0000   0.0000   0.0000 
  0.0000   0.0000   0.0000   0.0000   0.0000   0.0000   0.0000   0.0000   0.0000   0.0000 
  0.0000   0.0000   0.0000   0.0000   0.0000   0.0000   0.0000   0.0000   0.0000   0.0000 
  0.0000   0.0000   0.0000   0.0000   0.0000   0.0000   0.0000   0.0000   0.0000   0.0000 
  0.0000   0.0000   0.0000   0.0000   0.0000   0.0000   0.0000   0.0000   0.0000   0.0000 
  0.0000   0.0000   0.0000   0.0000   0.0000   0.0000   0.0000   0.0000   0.0000   0.0000 
  0.0000   0.0000   0.0000   0.0000   0.0000   0.0000   0.0000   0.0000   0.0000   0.0000 
  0.0000   0.0000   0.0000   0.0000   0.0000   0.0000   0.0000   0.0000   0.0000   0.0000 
  0.0000   0.0000   0.0000   0.0000   0.0000   0.0000   0.0000   0.0000   0.0000   0.0000 
  0.0000   0.0000   0.0000   0.0000   0.0000   0.0000   0.0000   0.0000   0.0000   0.0000 
  0.0000   0.0000   0.0000   0.0000   0.0000   0.0000   0.0000   0.0000   0.0000   0.0000 
  0.0000   0.0000   0.0000   0.0000   0.0000   0.0000   0.0000   0.0000   0.0000   0.0000 
  0.0000   0.0000   0.0000   0.0000   0.0000   0.0000   0.0000   0.0000   0.0000   0.0000 
  0.0000   0.0000   0.0000   0.0000   0.0000   0.0000   0.0000   0.0000   0.0000   0.0000 
  0.0000   0.0000   0.0000   0.0000   0.0000   0.0000   0.0000   0.0000   0.0000   0.0000 
  0.0000   0.0000   0.0000   0.0000   0.0000   0.0000   0.0000   0.0000   0.0000   0.0000 
  0.0000   0.0000   0.0000   0.0000   0.0000   0.0000   0.0000   0.0000   0.0000   0.0000 
  0.0000   0.0000   0.0000   0.0000   0.0000   0.0000   0.0000   0.0000   0.0000   0.0000 
  0.0000   0.0000   0.0000   0.0000   0.0000   0.0000   0.0000   0.0000   0.0000   0.0000 
  0.0000   0.0000   0.0000   0.0000   0.0000   0.0000   0.0000   0.0000   0.0000   0.0000 
  0.0000   0.0000   0.0000   0.0000   0.0000   0.0000   0.0000   0.0000   0.0000   0.0000 
  0.0000   0.0000   0.0000   0.0000   0.0000   0.0000   0.0000   0.0000   0.0000   0.0000 
  0.0000   0.0000   0.0000   0.0000   0.0000   0.0000   0.0000   0.0000   0.0000   0.0000 
  0.0000   0.0000   0.0000   0.0000   0.0000   0.0000   0.0000   0.0000   0.0000   0.0000 
  0.0000   0.0000   0.0000   0.0000   0.0000   0.0000   0.0000   0.0000   0.0000   0.0000 
  0.0000   0.0000   0.0000   0.0000   0.0000   0.0000   0.0000   0.0000   0.0000   0.0000 
  0.0000   0.0000   0.0000   0.0000   0.0000   0.0000   0.0000   0.0000   0.0000   0.0000 
  0.0000   0.0000   0.0000   0.0000   0.0000   0.0000   0.0000   0.0000   0.0000   0.0000 
  0.0000   0.0000   0.0000   0.0000   0.0000   0.0000   0.0000   0.0000   0.0000   0.0000 
  0.0000   0.0000   0.0000   0.0000   0.0000   0.0000   0.0000   0.0000   0.0000   0.0000 
  0.0000   0.0000   0.0000   0.0000   0.0000   0.0000   0.0000   0.0000   0.0000   0.0000 
  0.0000   0.0000   0.0000   0.0000   0.0000   0.0000   0.0000   0.0000   0.0000   0.0000 
  0.0000   0.0000   0.0000   0.0000   0.0000   0.0000   0.0000   0.0000   0.0000   0.0000 
  0.0000   0.0000   0.0000   0.0000   0.0000   0.0000   0.0000   0.0000   0.0000   0.0000 
  0.0000   0.0000   0.0000   0.0000   0.0000   0.0000   0.0000   0.0000   0.0000   0.0000 
  0.0000   0.0000   0.0000   0.0000   0.0000   0.0000   0.0000   0.0000   0.0000   0.0000 
  0.0000   0.0000   0.0000   0.0000   0.0000   0.0000   0.0000   0.0000   0.0000   0.0000 
  0.0000   0.0000   0.0000   0.0000   0.0000   0.0000   0.0000   0.0000   0.0000   0.0000 
  0.0000   0.0000   0.0000   0.0000   0.0000   0.0000   0.0000   0.0000   0.0000   0.0000 
  0.0000   0.0000   0.0000   0.0000   0.0000   0.0000   0.0000   0.0000   0.0000   0.0000 
  0.0000   0.0000   0.0000   0.0000   0.0000   0.0000   0.0000   0.0000   0.0000   0.0000 
  0.0000   0.0000   0.0000   0.0000   0.0000   0.0000   0.0000   0.0000   0.0000   0.0000 
  0.0000   0.0000   0.0000   0.0000   0.0000   0.0000   0.0000   0.0000   0.0000   0.0000 
  0.0000   0.0000   0.0000   0.0000   0.0000   0.0000   0.0000   0.0000   0.0000   0.0000 
  0.0000   0.0000   0.0000   0.0000   0.0000   0.0000   0.0000   0.0000   0.0000   0.0000 
  0.0000   0.0000   0.0000   0.0000   0.0000   0.0000   0.0000   0.0000   0.0000   0.0000 
  0.0000   0.0000   0.0000   0.0000   0.0000   0.0000   0.0000   0.0000   0.0000   0.0000 
  0.0000   0.0000   0.0000   0.0000   0.0000   0.0000   0.0000   0.0000   0.0000   0.0000 
  0.0000   0.0000   0.0000   0.0000   0.0000   0.0000   0.0000   0.0000   0.0000   0.0000 
  0.0000   0.0000   0.0000   0.0000   0.0000   0.0000   0.0000   0.0000   0.0000   0.0000 
  0.0000   0.0000   0.0000   0.0000   0.0000   0.0000   0.0000   0.0000   0.0000   0.0000 
  0.0000   0.0000   0.0000   0.0000   0.0000   0.0000   0.0000   0.0000   0.0000   0.0000 
  0.0000   0.0000   0.0000   0.0000   0.0000   0.0000   0.0000   0.0000   0.0000   0.0000 
  0.0000   0.0000   0.0000   0.0000   0.0000   0.0000   0.0000   0.0000   0.0000   0.0000 
  0.0000   0.0000   0.0000   0.0000   0.0000   0.0000   0.0000   0.0000   0.0000   0.0000 
  0.0000   0.0000   0.0000   0.0000   0.0000   0.0000   0.0000   0.0000   0.0000   0.0000 
  0.0000   0.0000   0.0000   0.0000   0.0000   0.0000   0.0000   0.0000   0.0000   0.0000 
  0.0000   0.0000   0.0000   0.0000   0.0000   0.0000   0.0000   0.0000   0.0000   0.0000 
  0.0000   0.0000   0.0000   0.0000   0.0000   0.0000   0.0000   0.0000   0.0000   0.0000 
  0.0000   0.0000   0.0000   0.0000   0.0000   0.0000   0.0000   0.0000   0.0000   0.0000 
  0.0000   0.0000   0.0000   0.0000   0.0000   0.0000   0.0000   0.0000   0.0000   0.0000 
  0.0000   0.0000   0.0000   0.0000   0.0000   0.0000   0.0000   0.0000   0.0000   0.0000 
  0.0000   0.0000   0.0000   0.0000   0.0000   0.0000   0.0000   0.0000   0.0000   0.0000 
  0.0000   0.0000   0.0000   0.0000   0.0000   0.0000   0.0000   0.0000   0.0000   0.0000 
  0.0000   0.0000   0.0000   0.0000   0.0000   0.0000   0.0000   0.0000   0.0000   0.0000 
  0.0000   0.0000   0.0000   0.0000   0.0000   0.0000   0.0000   0.0000   0.0000   0.0000 
  0.0000   0.0000   0.0000   0.0000   0.0000   0.0000   0.0000   0.0000   0.0000   0.0000 
  0.0000   0.0000   0.0000   0.0000   0.0000   0.0000   0.0000   0.0000   0.0000   0.0000 
  0.0000   0.0000   0.0000   0.0000   0.0000   0.0000   0.0000   0.0000   0.0000   0.0000 
  0.0000   0.0000   0.0000   0.0000   0.0000   0.0000   0.0000   0.0000   0.0000   0.0000 
  0.0000   0.0000   0.0000   0.0000   0.0000   0.0000   0.0000   0.0000   0.0000   0.0000 
  0.0000   0.0000   0.0000   0.0000   0.0000   0.0000   0.0000   0.0000   0.0000   0.0000 
  0.0000   0.0000   0.0000   0.0000   0.0000   0.0000   0.0000   0.0000   0.0000   0.0000 
  0.0000   0.0000   0.0000   0.0000   0.0000   0.0000   0.0000   0.0000   0.0000   0.0000 
  0.0000   0.0000   0.0000   0.0000   0.0000   0.0000   0.0000   0.0000   0.0000   0.0000 
  0.0000   0.0000   0.0000   0.0000   0.0000   0.0000   0.0000   0.0000   0.0000   0.0000 
  0.0000   0.0000   0.0000   0.0000   0.0000   0.0000   0.0000   0.0000   0.0000   0.0000 
  0.0000   0.0000   0.0000   0.0000   0.0000   0.0000   0.0000   0.0000   0.0000   0.0000 
  0.0000   0.0000   0.0000   0.0000   0.0000   0.0000   0.0000   0.0000   0.0000   0.0000 
  0.0000   0.0000   0.0000   0.0000   0.0000   0.0000   0.0000   0.0000   0.0000   0.0000 
  0.0000   0.0000   0.0000   0.0000   0.0000   0.0000   0.0000   0.0000   0.0000   0.0000 
  0.0000   0.0000   0.0000   0.0000   0.0000   0.0000   0.0000   0.0000   0.0000   0.0000 
  0.0000   0.0000   0.0000   0.0000   0.0000   0.0000   0.0000   0.0000   0.0000   0.0000 
  0.0000   0.0000   0.0000   0.0000   0.0000   0.0000   0.0000   0.0000   0.0000   0.0000 
  0.0000   0.0000   0.0000   0.0000   0.0000   0.0000   0.0000   0.0000   0.0000   0.0000 
  0.0000   0.0000   0.0000   0.0000   0.0000   0.0000   0.0000   0.0000   0.0000   0.0000 
  0.0000   0.0000   0.0000   0.0000   0.0000   0.0000   0.0000   0.0000   0.0000   0.0000 
  0.0000   0.0000   0.0000   0.0000   0.0000   0.0000   0.0000   0.0000   0.0000   0.0000 
  0.0000   0.0000   0.0000   0.0000   0.0000   0.0000   0.0000   0.0000   0.0000   0.0000 
  0.0000   0.0000   0.0000   0.0000   0.0000   0.0000   0.0000   0.0000   0.0000   0.0000 
  0.0000   0.0000   0.0000   0.0000   0.0000   0.0000   0.0000   0.0000   0.0000   0.0000 
  0.0000   0.0000   0.0000   0.0000   0.0000   0.0000   0.0000   0.0000   0.0000   0.0000 
  0.0000   0.0000   0.0000   0.0000   0.0000   0.0000   0.0000   0.0000   0.0000   0.0000 
  0.0000   0.0000   0.0000   0.0000   0.0000   0.0000   0.0000   0.0000   0.0000   0.0000 
  0.0000   0.0000   0.0000   0.0000   0.0000   0.0000   0.0000   0.0000   0.0000   0.0000 
  0.0000   0.0000   0.0000   0.0000   0.0000   0.0000   0.0000   0.0000   0.0000   0.0000 
  0.0000   0.0000   0.0000   0.0000   0.0000   0.0000   0.0000   0.0000   0.0000   0.0000 
  0.0000   0.0000   0.0000   0.0000   0.0000   0.0000   0.0000   0.0000   0.0000   0.0000 
  0.0000   0.0000   0.0000   0.0000   0.0000   0.0000   0.0000   0.0000   0.0000   0.0000 
  0.0000   0.0000   0.0000   0.0000   0.0000   0.0000   0.0000   0.0000   0.0000   0.0000 
  0.0000   0.0000   0.0000   0.0000   0.0000   0.0000   0.0000   0.0000   0.0000   0.0000 
  0.0000   0.0000   0.0000   0.0000   0.0000   0.0000   0.0000   0.0000   0.0000   0.0000 
  0.0000   0.0000   0.0000   0.0000   0.0000   0.0000   0.0000   0.0000   0.0000   0.0000 
  0.0000   0.0000   0.0000   0.0000   0.0000   0.0000   0.0000   0.0000   0.0000   0.0000 
  0.0000   0.0000   0.0000   0.0000   0.0000   0.0000   0.0000   0.0000   0.0000   0.0000 
  0.0000   0.0000   0.0000   0.0000   0.0000   0.0000   0.0000   0.0000   0.0000   0.0000 
  0.0000   0.0000   0.0000   0.0000   0.0000   0.0000   0.0000   0.0000   0.0000   0.0000 
  0.0000   0.0000   0.0000   0.0000   0.0000   0.0000   0.0000   0.0000   0.0000   0.0000 
  0.0000   0.0000   0.0000   0.0000   0.0000   0.0000   0.0000   0.0000   0.0000   0.0000 
  0.0000   0.0000   0.0000   0.0000   0.0000   0.0000   0.0000   0.0000   0.0000   0.0000 
  0.0000   0.0000   0.0000   0.0000   0.0000   0.0000   0.0000   0.0000   0.0000   0.0000 
  0.0000   0.0000   0.0000   0.0000   0.0000   0.0000   0.0000   0.0000   0.0000   0.0000 
  0.0000   0.0000   0.0000   0.0000   0.0000   0.0000   0.0000   0.0000   0.0000   0.0000 
  0.0000   0.0000   0.0000   0.0000   0.0000   0.0000   0.0000   0.0000   0.0000   0.0000 
  0.0000   0.0000   0.0000   0.0000   0.0000   0.0000   0.0000   0.0000   0.0000   0.0000 
  0.0000   0.0000   0.0000   0.0000   0.0000   0.0000   0.0000   0.0000   0.0000   0.0000 
  0.0000   0.0000   0.0000   0.0000   0.0000   0.0000   0.0000   0.0000   0.0000   0.0000 
  0.0000   0.0000   0.0000   0.0000   0.0000   0.0000   0.0000   0.0000   0.0000   0.0000 
  0.0000   0.0000   0.0000   0.0000   0.0000   0.0000   0.0000   0.0000   0.0000   0.0000 
  0.0000   0.0000   0.0000   0.0000   0.0000   0.0000   0.0000   0.0000   0.0000   0.0000 
  0.0000   0.0000   0.0000   0.0000   0.0000   0.0000   0.0000   0.0000   0.0000   0.0000 
  0.0000   0.0000   0.0000   0.0000   0.0000   0.0000   0.0000   0.0000   0.0000   0.0000 
  0.0000   0.0000   0.0000   0.0000   0.0000   0.0000   0.0000   0.0000   0.0000   0.0000 
  0.0000   0.0000   0.0000   0.0000   0.0000   0.0000   0.0000   0.0000   0.0000   0.0000 
  0.0000   0.0000   0.0000   0.0000   0.0000   0.0000   0.0000   0.0000   0.0000   0.0000 
  0.0000   0.0000   0.0000   0.0000   0.0000   0.0000   0.0000   0.0000   0.0000   0.0000 
  0.0000   0.0000   0.0000   0.0000   0.0000   0.0000   0.0000   0.0000   0.0000   0.0000 
  0.0000   0.0000   0.0000   0.0000   0.0000   0.0000   0.0000   0.0000   0.0000   0.0000 
  0.0000   0.0000   0.0000   0.0000   0.0000   0.0000   0.0000   0.0000   0.0000   0.0000 
  0.0000   0.0000   0.0000   0.0000   0.0000   0.0000   0.0000   0.0000   0.0000   0.0000 
  0.0000   0.0000   0.0000   0.0000   0.0000   0.0000   0.0000   0.0000   0.0000   0.0000 
  0.0000   0.0000   0.0000   0.0000   0.0000   0.0000   0.0000   0.0000   0.0000   0.0000 
  0.0000   0.0000   0.0000   0.0000   0.0000   0.0000   0.0000   0.0000   0.0000   0.0000 
  0.0000   0.0000   0.0000   0.0000   0.0000   0.0000   0.0000   0.0000   0.0000   0.0000 
  0.0000   0.0000   0.0000   0.0000   0.0000   0.0000   0.0000   0.0000   0.0000   0.0000 
  0.0000   0.0000   0.0000   0.0000   0.0000   0.0000   0.0000   0.0000   0.0000   0.0000 
  0.0000   0.0000   0.0000   0.0000   0.0000   0.0000   0.0000   0.0000   0.0000   0.0000 
  0.0000   0.0000   0.0000   0.0000   0.0000   0.0000   0.0000   0.0000   0.0000   0.0000 
  0.0000   0.0000   0.0000   0.0000   0.0000   0.0000   0.0000   0.0000   0.0000   0.0000 
  0.0000   0.0000   0.0000   0.0000   0.0000   0.0000   0.0000   0.0000   0.0000   0.0000 
  0.0000   0.0000   0.0000   0.0000   0.0000   0.0000   0.0000   0.0000   0.0000   0.0000 
  0.0000   0.0000   0.0000   0.0000   0.0000   0.0000   0.0000   0.0000   0.0000   0.0000 
  0.0000   0.0000   0.0000   0.0000   0.0000   0.0000   0.0000   0.0000   0.0000   0.0000 
  0.0000   0.0000   0.0000   0.0000   0.0000   0.0000   0.0000   0.0000   0.0000   0.0000 
  0.0000   0.0000   0.0000   0.0000   0.0000   0.0000   0.0000   0.0000   0.0000   0.0000 
  0.0000   0.0000   0.0000   0.0000   0.0000   0.0000   0.0000   0.0000   0.0000   0.0000 
  0.0000   0.0000   0.0000   0.0000   0.0000   0.0000   0.0000   0.0000   0.0000   0.0000 
  0.0000   0.0000   0.0000   0.0000   0.0000   0.0000   0.0000   0.0000   0.0000   0.0000 
  0.0000   0.0000   0.0000   0.0000   0.0000   0.0000   0.0000   0.0000   0.0000   0.0000 
  0.0000   0.0000   0.0000   0.0000   0.0000   0.0000   0.0000   0.0000   0.0000   0.0000 
  0.0000   0.0000   0.0000   0.0000   0.0000   0.0000   0.0000   0.0000   0.0000   0.0000 
  0.0000   0.0000   0.0000   0.0000   0.0000   0.0000   0.0000   0.0000   0.0000   0.0000 
  0.0000   0.0000   0.0000   0.0000   0.0000   0.0000   0.0000   0.0000   0.0000   0.0000 
  0.0000   0.0000   0.0000   0.0000   0.0000   0.0000   0.0000   0.0000   0.0000   0.0000 
  0.0000   0.0000   0.0000   0.0000   0.0000   0.0000   0.0000   0.0000   0.0000   0.0000 
  0.0000   0.0000   0.0000   0.0000   0.0000   0.0000   0.0000   0.0000   0.0000   0.0000 
  0.0000   0.0000   0.0000   0.0000   0.0000   0.0000   0.0000   0.0000   0.0000   0.0000 
  0.0000   0.0000   0.0000   0.0000   0.0000   0.0000   0.0000   0.0000   0.0000   0.0000 
  0.0000   0.0000   0.0000   0.0000   0.0000   0.0000   0.0000   0.0000   0.0000   0.0000 
  0.0000   0.0000   0.0000   0.0000   0.0000   0.0000   0.0000   0.0000   0.0000   0.0000 
  0.0000   0.0000   0.0000   0.0000   0.0000   0.0000   0.0000   0.0000   0.0000   0.0000 
  0.0000   0.0000   0.0000   0.0000   0.0000   0.0000   0.0000   0.0000   0.0000   0.0000 
  0.0000   0.0000   0.0000   0.0000   0.0000   0.0000   0.0000   0.0000   0.0000   0.0000 
  0.0000   0.0000   0.0000   0.0000   0.0000   0.0000   0.0000   0.0000   0.0000   0.0000 
  0.0000   0.0000   0.0000   0.0000   0.0000   0.0000   0.0000   0.0000   0.0000   0.0000 
  0.0000   0.0000   0.0000   0.0000   0.0000   0.0000   0.0000   0.0000   0.0000   0.0000 
  0.0000   0.0000   0.0000   0.0000   0.0000   0.0000   0.0000   0.0000   0.0000   0.0000 
  0.0000   0.0000   0.0000   0.0000   0.0000   0.0000   0.0000   0.0000   0.0000   0.0000 
  0.0000   0.0000   0.0000   0.0000   0.0000   0.0000   0.0000   0.0000   0.0000   0.0000 
  0.0000   0.0000   0.0000   0.0000   0.0000   0.0000   0.0000   0.0000   0.0000   0.0000 
  0.0000   0.0000   0.0000   0.0000   0.0000   0.0000   0.0000   0.0000   0.0000   0.0000 
  0.0000   0.0000   0.0000   0.0000   0.0000   0.0000   0.0000   0.0000   0.0000   0.0000 
  0.0000   0.0000   0.0000   0.0000   0.0000   0.0000   0.0000   0.0000   0.0000   0.0000 
  0.0000   0.0000   0.0000   0.0000   0.0000   0.0000   0.0000   0.0000   0.0000   0.0000 
  0.0000   0.0000   0.0000   0.0000   0.0000   0.0000   0.0000   0.0000   0.0000   0.0000 
  0.0000   0.0000   0.0000   0.0000   0.0000   0.0000   0.0000   0.0000   0.0000   0.0000 
  0.0000   0.0000   0.0000   0.0000   0.0000   0.0000   0.0000   0.0000   0.0000   0.0000 
  0.0000   0.0000   0.0000   0.0000   0.0000   0.0000   0.0000   0.0000   0.0000   0.0000 
  0.0000   0.0000   0.0000   0.0000   0.0000   0.0000   0.0000   0.0000   0.0000   0.0000 
  0.0000   0.0000   0.0000   0.0000   0.0000   0.0000   0.0000   0.0000   0.0000   0.0000 
  0.0000   0.0000   0.0000   0.0000   0.0000   0.0000   0.0000   0.0000   0.0000   0.0000 
  0.0000   0.0000   0.0000   0.0000   0.0000   0.0000   0.0000   0.0000   0.0000   0.0000 
  0.0000   0.0000   0.0000   0.0000   0.0000   0.0000   0.0000   0.0000   0.0000   0.0000 
  0.0000   0.0000   0.0000   0.0000   0.0000   0.0000   0.0000   0.0000   0.0000   0.0000 
  0.0000   0.0000   0.0000   0.0000   0.0000   0.0000   0.0000   0.0000   0.0000   0.0000 
  0.0000   0.0000   0.0000   0.0000   0.0000   0.0000   0.0000   0.0000   0.0000   0.0000 
  0.0000   0.0000   0.0000   0.0000   0.0000   0.0000   0.0000   0.0000   0.0000   0.0000 
  0.0000   0.0000   0.0000   0.0000   0.0000   0.0000   0.0000   0.0000   0.0000   0.0000 
  0.0000   0.0000   0.0000   0.0000   0.0000   0.0000   0.0000   0.0000   0.0000   0.0000 
  0.0000   0.0000   0.0000   0.0000   0.0000   0.0000   0.0000   0.0000   0.0000   0.0000 
  0.0000   0.0000   0.0000   0.0000   0.0000   0.0000   0.0000   0.0000   0.0000   0.0000 
  0.0000   0.0000   0.0000   0.0000   0.0000   0.0000   0.0000   0.0000   0.0000   0.0000 
  0.0000   0.0000   0.0000   0.0000   0.0000   0.0000   0.0000   0.0000   0.0000   0.0000 
  0.0000   0.0000   0.0000   0.0000   0.0000   0.0000   0.0000   0.0000   0.0000   0.0000 
  0.0000   0.0000   0.0000   0.0000   0.0000   0.0000   0.0000   0.0000   0.0000   0.0000 
  0.0000   0.0000   0.0000   0.0000   0.0000   0.0000   0.0000   0.0000   0.0000   0.0000 
  0.0000   0.0000   0.0000   0.0000   0.0000   0.0000   0.0000   0.0000   0.0000   0.0000 
  0.0000   0.0000   0.0000   0.0000   0.0000   0.0000   0.0000   0.0000   0.0000   0.0000 
  0.0000   0.0000   0.0000   0.0000   0.0000   0.0000   0.0000   0.0000   0.0000   0.0000 
  0.0000   0.0000   0.0000   0.0000   0.0000   0.0000   0.0000   0.0000   0.0000   0.0000 
  0.0000   0.0000   0.0000   0.0000   0.0000   0.0000   0.0000   0.0000   0.0000   0.0000 
  0.0000   0.0000   0.0000   0.0000   0.0000   0.0000   0.0000   0.0000   0.0000   0.0000 
  0.0000   0.0000   0.0000   0.0000   0.0000   0.0000   0.0000   0.0000   0.0000   0.0000 
  0.0000   0.0000   0.0000   0.0000   0.0000   0.0000   0.0000   0.0000   0.0000   0.0000 
  0.0000   0.0000   0.0000   0.0000   0.0000   0.0000   0.0000   0.0000   0.0000   0.0000 
  0.0000   0.0000   0.0000   0.0000   0.0000   0.0000   0.0000   0.0000   0.0000   0.0000 
  0.0000   0.0000   0.0000   0.0000   0.0000   0.0000   0.0000   0.0000   0.0000   0.0000 
  0.0000   0.0000   0.0000   0.0000   0.0000   0.0000   0.0000   0.0000   0.0000   0.0000 
  0.0000   0.0000   0.0000   0.0000   0.0000   0.0000   0.0000   0.0000   0.0000   0.0000 
  0.0000   0.0000   0.0000   0.0000   0.0000   0.0000   0.0000   0.0000   0.0000   0.0000 
  0.0000   0.0000   0.0000   0.0000   0.0000   0.0000   0.0000   0.0000   0.0000   0.0000 
  0.0000   0.0000   0.0000   0.0000   0.0000   0.0000   0.0000   0.0000   0.0000   0.0000 
  0.0000   0.0000   0.0000   0.0000   0.0000   0.0000   0.0000   0.0000   0.0000   0.0000 
  0.0000   0.0000   0.0000   0.0000   0.0000   0.0000   0.0000   0.0000   0.0000   0.0000 
  0.0000   0.0000   0.0000   0.0000   0.0000   0.0000   0.0000   0.0000   0.0000   0.0000 
  0.0000   0.0000   0.0000   0.0000   0.0000   0.0000   0.0000   0.0000   0.0000   0.0000 
  0.0000   0.0000   0.0000   0.0000   0.0000   0.0000   0.0000   0.0000   0.0000   0.0000 
  0.0000   0.0000   0.0000   0.0000   0.0000   0.0000   0.0000   0.0000   0.0000   0.0000 
  0.0000   0.0000   0.0000   0.0000   0.0000   0.0000   0.0000   0.0000   0.0000   0.0000 
  0.0000   0.0000   0.0000   0.0000   0.0000   0.0000   0.0000   0.0000   0.0000   0.0000 
  0.0000   0.0000   0.0000   0.0000   0.0000   0.0000   0.0000   0.0000   0.0000   0.0000 
  0.0000   0.0000   0.0000   0.0000   0.0000   0.0000   0.0000   0.0000   0.0000   0.0000 
  0.0000   0.0000   0.0000   0.0000   0.0000   0.0000   0.0000   0.0000   0.0000   0.0000 
  0.0000   0.0000   0.0000   0.0000   0.0000   0.0000   0.0000   0.0000   0.0000   0.0000 
  0.0000   0.0000   0.0000   0.0000   0.0000   0.0000   0.0000   0.0000   0.0000   0.0000 
  0.0000   0.0000   0.0000   0.0000   0.0000   0.0000   0.0000   0.0000   0.0000   0.0000 
  0.0000   0.0000   0.0000   0.0000   0.0000   0.0000   0.0000   0.0000   0.0000   0.0000 
  0.0000   0.0000   0.0000   0.0000   0.0000   0.0000   0.0000   0.0000   0.0000   0.0000 
  0.0000   0.0000   0.0000   0.0000   0.0000   0.0000   0.0000   0.0000   0.0000   0.0000 
  0.0000   0.0000   0.0000   0.0000   0.0000   0.0000   0.0000   0.0000   0.0000   0.0000 
  0.0000   0.0000   0.0000   0.0000   0.0000   0.0000   0.0000   0.0000   0.0000   0.0000 
  0.0000   0.0000   0.0000   0.0000   0.0000   0.0000   0.0000   0.0000   0.0000   0.0000 
  0.0000   0.0000   0.0000   0.0000   0.0000   0.0000   0.0000   0.0000   0.0000   0.0000 
  0.0000   0.0000   0.0000   0.0000   0.0000   0.0000   0.0000   0.0000   0.0000   0.0000 
  0.0000   0.0000   0.0000   0.0000   0.0000   0.0000   0.0000   0.0000   0.0000   0.0000 
  0.0000   0.0000   0.0000   0.0000   0.0000   0.0000   0.0000   0.0000   0.0000   0.0000 
  0.0000   0.0000   0.0000   0.0000   0.0000   0.0000   0.0000   0.0000   0.0000   0.0000 
  0.0000   0.0000   0.0000   0.0000   0.0000   0.0000   0.0000   0.0000   0.0000   0.0000 
  0.0000   0.0000   0.0000   0.0000   0.0000   0.0000   0.0000   0.0000   0.0000   0.0000 
  0.0000   0.0000   0.0000   0.0000   0.0000   0.0000   0.0000   0.0000   0.0000   0.0000 
  0.0000   0.0000   0.0000   0.0000   0.0000   0.0000   0.0000   0.0000   0.0000   0.0000 
  0.0000   0.0000   0.0000   0.0000   0.0000   0.0000   0.0000   0.0000   0.0000   0.0000 
  0.0000   0.0000   0.0000   0.0000   0.0000   0.0000   0.0000   0.0000   0.0000   0.0000 
  0.0000   0.0000   0.0000   0.0000   0.0000   0.0000   0.0000   0.0000   0.0000   0.0000 
  0.0000   0.0000   0.0000   0.0000   0.0000   0.0000   0.0000   0.0000   0.0000   0.0000 
  0.0000   0.0000   0.0000   0.0000   0.0000   0.0000   0.0000   0.0000   0.0000   0.0000 
  0.0000   0.0000   0.0000   0.0000   0.0000   0.0000   0.0000   0.0000   0.0000   0.0000 
  0.0000   0.0000   0.0000   0.0000   0.0000   0.0000   0.0000   0.0000   0.0000   0.0000 
  0.0000   0.0000   0.0000   0.0000   0.0000   0.0000   0.0000   0.0000   0.0000   0.0000 
  0.0000   0.0000   0.0000   0.0000   0.0000   0.0000   0.0000   0.0000   0.0000   0.0000 
  0.0000   0.0000   0.0000   0.0000   0.0000   0.0000   0.0000   0.0000   0.0000   0.0000 
  0.0000   0.0000   0.0000   0.0000   0.0000   0.0000   0.0000   0.0000   0.0000   0.0000 
  0.0000   0.0000   0.0000   0.0000   0.0000   0.0000   0.0000   0.0000   0.0000   0.0000 
  0.0000   0.0000   0.0000   0.0000   0.0000   0.0000   0.0000   0.0000   0.0000   0.0000 
  0.0000   0.0000   0.0000   0.0000   0.0000   0.0000   0.0000   0.0000   0.0000   0.0000 
  0.0000   0.0000   0.0000   0.0000   0.0000   0.0000   0.0000   0.0000   0.0000   0.0000 
  0.0000   0.0000   0.0000   0.0000   0.0000   0.0000   0.0000   0.0000   0.0000   0.0000 
  0.0000   0.0000   0.0000   0.0000   0.0000   0.0000   0.0000   0.0000   0.0000   0.0000 
  0.0000   0.0000   0.0000   0.0000   0.0000   0.0000   0.0000   0.0000   0.0000   0.0000 
  0.0000   0.0000   0.0000   0.0000   0.0000   0.0000   0.0000   0.0000   0.0000   0.0000 
  0.0000   0.0000   0.0000   0.0000   0.0000   0.0000   0.0000   0.0000   0.0000   0.0000 
  0.0000   0.0000   0.0000   0.0000   0.0000   0.0000   0.0000   0.0000   0.0000   0.0000 
  0.0000   0.0000   0.0000   0.0000   0.0000   0.0000   0.0000   0.0000   0.0000   0.0000 
  0.0000   0.0000   0.0000   0.0000   0.0000   0.0000   0.0000   0.0000   0.0000   0.0000 
  0.0000   0.0000   0.0000   0.0000   0.0000   0.0000   0.0000   0.0000   0.0000   0.0000 
  0.0000   0.0000   0.0000   0.0000   0.0000   0.0000   0.0000   0.0000   0.0000   0.0000 
  0.0000   0.0000   0.0000   0.0000   0.0000   0.0000   0.0000   0.0000   0.0000   0.0000 
  0.0000   0.0000   0.0000   0.0000   0.0000   0.0000   0.0000   0.0000   0.0000   0.0000 
  0.0000   0.0000   0.0000   0.0000   0.0000   0.0000   0.0000   0.0000   0.0000   0.0000 
  0.0000   0.0000   0.0000   0.0000   0.0000   0.0000   0.0000   0.0000   0.0000   0.0000 
  0.0000   0.0000   0.0000   0.0000   0.0000   0.0000   0.0000   0.0000   0.0000   0.0000 
  0.0000   0.0000   0.0000   0.0000   0.0000   0.0000   0.0000   0.0000   0.0000   0.0000 
  0.0000   0.0000   0.0000   0.0000   0.0000   0.0000   0.0000   0.0000   0.0000   0.0000 
  0.0000   0.0000   0.0000   0.0000   0.0000   0.0000   0.0000   0.0000   0.0000   0.0000 
  0.0000   0.0000   0.0000   0.0000   0.0000   0.0000   0.0000   0.0000   0.0000   0.0000 
  0.0000   0.0000   0.0000   0.0000   0.0000   0.0000   0.0000   0.0000   0.0000   0.0000 
  0.0000   0.0000   0.0000   0.0000   0.0000   0.0000   0.0000   0.0000   0.0000   0.0000 
  0.0000   0.0000   0.0000   0.0000   0.0000   0.0000   0.0000   0.0000   0.0000   0.0000 
  0.0000   0.0000   0.0000   0.0000   0.0000   0.0000   0.0000   0.0000   0.0000   0.0000 
  0.0000   0.0000   0.0000   0.0000   0.0000   0.0000   0.0000   0.0000   0.0000   0.0000 
  0.0000   0.0000   0.0000   0.0000   0.0000   0.0000   0.0000   0.0000   0.0000   0.0000 
  0.0000   0.0000   0.0000   0.0000   0.0000   0.0000   0.0000   0.0000   0.0000   0.0000 
  0.0000   0.0000   0.0000   0.0000   0.0000   0.0000   0.0000   0.0000   0.0000   0.0000 
  0.0000   0.0000   0.0000   0.0000   0.0000   0.0000   0.0000   0.0000   0.0000   0.0000 
  0.0000   0.0000   0.0000   0.0000   0.0000   0.0000   0.0000   0.0000   0.0000   0.0000 
  0.0000   0.0000   0.0000   0.0000   0.0000   0.0000   0.0000   0.0000   0.0000   0.0000 
  0.0000   0.0000   0.0000   0.0000   0.0000   0.0000   0.0000   0.0000   0.0000   0.0000 
  0.0000   0.0000   0.0000   0.0000   0.0000   0.0000   0.0000   0.0000   0.0000   0.0000 
  0.0000   0.0000   0.0000   0.0000   0.0000   0.0000   0.0000   0.0000   0.0000   0.0000 
  0.0000   0.0000   0.0000   0.0000   0.0000   0.0000   0.0000   0.0000   0.0000   0.0000 
  0.0000   0.0000   0.0000   0.0000   0.0000   0.0000   0.0000   0.0000   0.0000   0.0000 
  0.0000   0.0000   0.0000   0.0000   0.0000   0.0000   0.0000   0.0000   0.0000   0.0000 
  0.0000   0.0000   0.0000   0.0000   0.0000   0.0000   0.0000   0.0000   0.0000   0.0000 
  0.0000   0.0000   0.0000   0.0000   0.0000   0.0000   0.0000   0.0000   0.0000   0.0000 
  0.0000   0.0000   0.0000   0.0000   0.0000   0.0000   0.0000   0.0000   0.0000   0.0000 
  0.0000   0.0000   0.0000   0.0000   0.0000   0.0000   0.0000   0.0000   0.0000   0.0000 
  0.0000   0.0000   0.0000   0.0000   0.0000   0.0000   0.0000   0.0000   0.0000   0.0000 
  0.0000   0.0000   0.0000   0.0000   0.0000   0.0000   0.0000   0.0000   0.0000   0.0000 
  0.0000   0.0000   0.0000   0.0000   0.0000   0.0000   0.0000   0.0000   0.0000   0.0000 
  0.0000   0.0000   0.0000   0.0000   0.0000   0.0000   0.0000   0.0000   0.0000   0.0000 
  0.0000   0.0000   0.0000   0.0000   0.0000   0.0000   0.0000   0.0000   0.0000   0.0000 
  0.0000   0.0000   0.0000   0.0000   0.0000   0.0000   0.0000   0.0000   0.0000   0.0000 
  0.0000   0.0000   0.0000   0.0000   0.0000   0.0000   0.0000   0.0000   0.0000   0.0000 
  0.0000   0.0000   0.0000   0.0000   0.0000   0.0000   0.0000   0.0000   0.0000   0.0000 
  0.0000   0.0000   0.0000   0.0000   0.0000   0.0000   0.0000   0.0000   0.0000   0.0000 
  0.0000   0.0000   0.0000   0.0000   0.0000   0.0000   0.0000   0.0000   0.0000   0.0000 
  0.0000   0.0000   0.0000   0.0000   0.0000   0.0000   0.0000   0.0000   0.0000   0.0000 
  0.0000   0.0000   0.0000   0.0000   0.0000   0.0000   0.0000   0.0000   0.0000   0.0000 
  0.0000   0.0000   0.0000   0.0000   0.0000   0.0000   0.0000   0.0000   0.0000   0.0000 
  0.0000   0.0000   0.0000   0.0000   0.0000   0.0000   0.0000   0.0000   0.0000   0.0000 
  0.0000   0.0000   0.0000   0.0000   0.0000   0.0000   0.0000   0.0000   0.0000   0.0000 
  0.0000   0.0000   0.0000   0.0000   0.0000   0.0000   0.0000   0.0000   0.0000   0.0000 
  0.0000   0.0000   0.0000   0.0000   0.0000   0.0000   0.0000   0.0000   0.0000   0.0000 
  0.0000   0.0000   0.0000   0.0000   0.0000   0.0000   0.0000   0.0000   0.0000   0.0000 
  0.0000   0.0000   0.0000   0.0000   0.0000   0.0000   0.0000   0.0000   0.0000   0.0000 
  0.0000   0.0000   0.0000   0.0000   0.0000   0.0000   0.0000   0.0000   0.0000   0.0000 
  0.0000   0.0000   0.0000   0.0000   0.0000   0.0000   0.0000   0.0000   0.0000   0.0000 
  0.0000   0.0000   0.0000   0.0000   0.0000   0.0000   0.0000   0.0000   0.0000   0.0000 
  0.0000   0.0000   0.0000   0.0000   0.0000   0.0000   0.0000   0.0000   0.0000   0.0000 
  0.0000   0.0000   0.0000   0.0000   0.0000   0.0000   0.0000   0.0000   0.0000   0.0000 
  0.0000   0.0000   0.0000   0.0000   0.0000   0.0000   0.0000   0.0000   0.0000   0.0000 
  0.0000   0.0000   0.0000   0.0000   0.0000   0.0000   0.0000   0.0000   0.0000   0.0000 
  0.0000   0.0000   0.0000   0.0000   0.0000   0.0000   0.0000   0.0000   0.0000   0.0000 
  0.0000   0.0000   0.0000   0.0000   0.0000   0.0000   0.0000   0.0000   0.0000   0.0000 
  0.0000   0.0000   0.0000   0.0000   0.0000   0.0000   0.0000   0.0000   0.0000   0.0000 
  0.0000   0.0000   0.0000   0.0000   0.0000   0.0000   0.0000   0.0000   0.0000   0.0000 
  0.0000   0.0000   0.0000   0.0000   0.0000   0.0000   0.0000   0.0000   0.0000   0.0000 
  0.0000   0.0000   0.0000   0.0000   0.0000   0.0000   0.0000   0.0000   0.0000   0.0000 
  0.0000   0.0000   0.0000   0.0000   0.0000   0.0000   0.0000   0.0000   0.0000   0.0000 
  0.0000   0.0000   0.0000   0.0000   0.0000   0.0000   0.0000   0.0000   0.0000   0.0000 
  0.0000   0.0000   0.0000   0.0000   0.0000   0.0000   0.0000   0.0000   0.0000   0.0000 
  0.0000   0.0000   0.0000   0.0000   0.0000   0.0000   0.0000   0.0000   0.0000   0.0000 
  0.0000   0.0000   0.0000   0.0000   0.0000   0.0000   0.0000   0.0000   0.0000   0.0000 
  0.0000   0.0000   0.0000   0.0000   0.0000   0.0000   0.0000   0.0000   0.0000   0.0000 
  0.0000   0.0000   0.0000   0.0000   0.0000   0.0000   0.0000   0.0000   0.0000   0.0000 
  0.0000   0.0000   0.0000   0.0000   0.0000   0.0000   0.0000   0.0000   0.0000   0.0000 
  0.0000   0.0000   0.0000   0.0000   0.0000   0.0000   0.0000   0.0000   0.0000   0.0000 
  0.0000   0.0000   0.0000   0.0000   0.0000   0.0000   0.0000   0.0000   0.0000   0.0000 
  0.0000   0.0000   0.0000   0.0000   0.0000   0.0000   0.0000   0.0000   0.0000   0.0000 
  0.0000   0.0000   0.0000   0.0000   0.0000   0.0000   0.0000   0.0000   0.0000   0.0000 
  0.0000   0.0000   0.0000   0.0000   0.0000   0.0000   0.0000   0.0000   0.0000   0.0000 
  0.0000   0.0000   0.0000   0.0000   0.0000   0.0000   0.0000   0.0000   0.0000   0.0000 
  0.0000   0.0000   0.0000   0.0000   0.0000   0.0000   0.0000   0.0000   0.0000   0.0000 
  0.0000   0.0000   0.0000   0.0000   0.0000   0.0000   0.0000   0.0000   0.0000   0.0000 
  0.0000   0.0000   0.0000   0.0000   0.0000   0.0000   0.0000   0.0000   0.0000   0.0000 
  0.0000   0.0000   0.0000   0.0000   0.0000   0.0000   0.0000   0.0000   0.0000   0.0000 
  0.0000   0.0000   0.0000   0.0000   0.0000   0.0000   0.0000   0.0000   0.0000   0.0000 
  0.0000   0.0000   0.0000   0.0000   0.0000   0.0000   0.0000   0.0000   0.0000   0.0000 
  0.0000   0.0000   0.0000   0.0000   0.0000   0.0000   0.0000   0.0000   0.0000   0.0000 
  0.0000   0.0000   0.0000   0.0000   0.0000   0.0000   0.0000   0.0000   0.0000   0.0000 
  0.0000   0.0000   0.0000   0.0000   0.0000   0.0000   0.0000   0.0000   0.0000   0.0000 
  0.0000   0.0000   0.0000   0.0000   0.0000   0.0000   0.0000   0.0000   0.0000   0.0000 
  0.0000   0.0000   0.0000   0.0000   0.0000   0.0000   0.0000   0.0000   0.0000   0.0000 
  0.0000   0.0000   0.0000   0.0000   0.0000   0.0000   0.0000   0.0000   0.0000   0.0000 
  0.0000   0.0000   0.0000   0.0000   0.0000   0.0000   0.0000   0.0000   0.0000   0.0000 
  0.0000   0.0000   0.0000   0.0000   0.0000   0.0000   0.0000   0.0000   0.0000   0.0000 
  0.0000   0.0000   0.0000   0.0000   0.0000   0.0000   0.0000   0.0000   0.0000   0.0000 
  0.0000   0.0000   0.0000   0.0000   0.0000   0.0000   0.0000   0.0000   0.0000   0.0000 
  0.0000   0.0000   0.0000   0.0000   0.0000   0.0000   0.0000   0.0000   0.0000   0.0000 
  0.0000   0.0000   0.0000   0.0000   0.0000   0.0000   0.0000   0.0000   0.0000   0.0000 
  0.0000   0.0000   0.0000   0.0000   0.0000   0.0000   0.0000   0.0000   0.0000   0.0000 
  0.0000   0.0000   0.0000   0.0000   0.0000   0.0000   0.0000   0.0000   0.0000   0.0000 
  0.0000   0.0000   0.0000   0.0000   0.0000   0.0000   0.0000   0.0000   0.0000   0.0000 
  0.0000   0.0000   0.0000   0.0000   0.0000   0.0000   0.0000   0.0000   0.0000   0.0000 
  0.0000   0.0000   0.0000   0.0000   0.0000   0.0000   0.0000   0.0000   0.0000   0.0000 
  0.0000   0.0000   0.0000   0.0000   0.0000   0.0000   0.0000   0.0000   0.0000   0.0000 
  0.0000   0.0000   0.0000   0.0000   0.0000   0.0000   0.0000   0.0000   0.0000   0.0000 
  0.0000   0.0000   0.0000   0.0000   0.0000   0.0000   0.0000   0.0000   0.0000   0.0000 
  0.0000   0.0000   0.0000   0.0000   0.0000   0.0000   0.0000   0.0000   0.0000   0.0000 
  0.0000   0.0000   0.0000   0.0000   0.0000   0.0000   0.0000   0.0000   0.0000   0.0000 
  0.0000   0.0000   0.0000   0.0000   0.0000   0.0000   0.0000   0.0000   0.0000   0.0000 
  0.0000   0.0000   0.0000   0.0000   0.0000   0.0000   0.0000   0.0000   0.0000   0.0000 
  0.0000   0.0000   0.0000   0.0000   0.0000   0.0000   0.0000   0.0000   0.0000   0.0000 
  0.0000   0.0000   0.0000   0.0000   0.0000   0.0000   0.0000   0.0000   0.0000   0.0000 
  0.0000   0.0000   0.0000   0.0000   0.0000   0.0000   0.0000   0.0000   0.0000   0.0000 
  0.0000   0.0000   0.0000   0.0000   0.0000   0.0000   0.0000   0.0000   0.0000   0.0000 
  0.0000   0.0000   0.0000   0.0000   0.0000   0.0000   0.0000   0.0000   0.0000   0.0000 
  0.0000   0.0000   0.0000   0.0000   0.0000   0.0000   0.0000   0.0000   0.0000   0.0000 
  0.0000   0.0000   0.0000   0.0000   0.0000   0.0000   0.0000   0.0000   0.0000   0.0000 
  0.0000   0.0000   0.0000   0.0000   0.0000   0.0000   0.0000   0.0000   0.0000   0.0000 
  0.0000   0.0000   0.0000   0.0000   0.0000   0.0000   0.0000   0.0000   0.0000   0.0000 
  0.0000   0.0000   0.0000   0.0000   0.0000   0.0000   0.0000   0.0000   0.0000   0.0000 
  0.0000   0.0000   0.0000   0.0000   0.0000   0.0000   0.0000   0.0000   0.0000   0.0000 
  0.0000   0.0000   0.0000   0.0000   0.0000   0.0000   0.0000   0.0000   0.0000   0.0000 
  0.0000   0.0000   0.0000   0.0000   0.0000   0.0000   0.0000   0.0000   0.0000   0.0000 
