z-axis acceleration data

  0.2451   0.2158   0.9063   0.8638   0.6792   0.4849   0.3652   0.4199   0.4160   0.2959 
  0.3052   0.2051   0.8223   0.3354   0.6909   0.4536   0.3442   0.4092   0.2803   0.3115 
  0.3638   0.1885   0.8457   0.1924   0.7300   0.6914   0.3374   0.4023   0.2622   0.3047 
  0.5293   0.1421   0.8354   0.9268   0.6899   1.1709   0.3472   0.4395   0.2573   0.3247 
  0.4966   0.2095   0.8501   1.3315   0.7441   0.9692   0.3330   0.4897   0.2129   0.3228 
  0.4194   0.1860   0.8462   0.3311   0.7368   0.5820   0.3320   0.5166   0.1802   0.3354 
  0.3848   0.1816   0.8638   0.4717   0.6797   1.3804   0.3623   0.5313   0.1841   0.3374 
  0.3643   0.1567   0.8594   1.3813   0.6343   0.4897   0.3623   0.5752   0.2261   0.3403 
  0.3643   0.1777   0.8853   0.1768   0.7725   1.4941   0.3945   0.5767   0.2568   0.3472 
  0.3828   0.1719   0.8569   1.3384   0.8110   0.7144   0.3428   0.5410   0.2485   0.4063 
  0.4019   0.1919   0.8667   0.5742   0.7969   0.9321   0.5049   0.5444   0.2178   0.4185 
  0.4019   0.1504   0.8296   0.9829   0.8218   1.4849   0.2305   0.5425   0.2285   0.4063 
  0.3721   0.1519   0.8433   1.1841   0.7852   0.9507   0.5723   0.5430   0.2261   0.4092 
  0.3237   0.1260   0.8242   0.5283   0.8184   1.0396   0.5342   0.5601   0.2939   0.4072 
  0.3950   0.1646   0.7202   1.5796   0.7915   1.0186   0.4199   0.5469   0.3208   0.4053 
  0.5288   0.2500   0.7979   0.3428   0.7583   1.0151   0.4238   0.5610   0.3784   0.4116 
  0.7119   0.2754   0.8564   1.6641   0.9126   1.0288   0.4053   0.4854   0.4023   0.4536 
  0.9136   0.2646   1.0796   0.5747   0.8389   0.9839   0.4072   0.3970   0.4824   0.4653 
  1.0459   0.1733   0.7651   1.3740   0.5410   0.9351   0.2939   0.4019   0.4316   0.4927 
  1.4595   0.1094   0.5806   1.0161   0.9424   0.9160   0.2617   0.6279   0.4185   0.4434 
  1.3228   0.0264   0.5449   1.0098   0.9868   0.8569   0.4517   0.7139   0.4219   0.5591 
  0.6694  -0.0259   0.5229   1.0430   0.5566   0.7373   0.5635   0.2119   0.3970   0.6138 
  0.2197  -0.0923   0.5835   0.9897   0.4380   0.6128   0.6758   0.2505   0.4795   0.3770 
  0.2705  -0.1333   0.8086   0.9639   0.4956   0.5210   0.5767   0.3916   0.4990   0.2354 
  0.0156  -0.1387   0.8516   0.9355   0.4507   0.4619   0.2578   0.3999   0.5112   0.7051 
  0.0679  -0.1167   0.8945   0.8452   0.5381   0.3301   0.7627   0.2261   0.4819   0.8354 
 -0.0386  -0.0630   0.9160   0.7856   0.8271   0.1406   0.5596   0.1621   0.4512   0.8140 
  0.0527  -0.0156   0.9370   0.6987   1.2480   0.0122   0.2651   0.7080   0.3525   0.8643 
  0.1587   0.0337   0.9907   0.6060   0.7983  -0.0854   0.5913   0.8286   0.3340   0.9697 
  0.3809   0.0303   0.9966   0.5034   0.6113  -0.2104   0.8604   0.1665   0.3198   0.8447 
  0.3286   0.0581   1.0059   0.3906   0.8462  -0.2983   0.9482   0.9546   0.3530   0.2964 
  0.2251   0.0537   0.9858   0.2510   0.9487  -0.4155   0.9082   0.1450   0.3418   0.4785 
  0.1387   0.0635   1.0093   0.0645   0.9941  -0.5293   0.7139   1.0098   0.3745   1.0693 
  0.1924   0.0898   0.9800  -0.0781   1.0356  -0.5635   0.3613   0.3574   0.3926   0.2085 
  0.2979   0.0820   0.9834  -0.1851   1.0557  -0.6274   0.6240   0.4497   0.4492   1.1069 
  0.4355   0.0669   0.9736  -0.2671   1.0562  -0.5718   1.1499   1.0508   0.4907   0.2427 
 -1.6758   0.0430   0.9438  -0.3867   1.0366  -0.6025   0.3706   0.7173   0.5005   0.8340 
  0.5337   0.0566   0.8960  -0.5078   1.0176  -0.4585   1.1421   0.2715   0.4971   0.9502 
  0.8735   0.0483   0.8608  -0.5503   0.9854   0.0776   0.3657   0.2217   0.5054   0.2251 
  0.2036   0.0132   0.8135  -0.6343   0.9878   0.7148   1.1694   0.3770   0.5376   0.3506 
  0.0498  -0.0088   0.7266  -0.6099   0.9321   1.6812   0.4502   0.5298   0.5327   0.9033 
  0.2363   0.0137   0.6226  -0.5449   0.8789   2.2778   0.5762   0.5884   0.5430   1.1660 
  0.2168   0.0098   0.5190  -0.3262   0.8193  -2.8887   1.1597   0.5693   0.5801   1.1284 
  0.2817   0.0044   0.4165   0.0757   0.7920  -3.9238   0.8735   0.4165   0.4380   1.0249 
  0.3545  -0.0015   0.2949   0.7720   0.7192  -0.1357   0.4053   0.2104   0.3062   0.9717 
  0.4097  -0.0098   0.0967   1.6289   0.5898   0.0698   0.2842   0.2866   0.3970   1.0698 
  0.4824  -0.0093  -0.0234   2.3335   0.5005   0.8706   0.4585   0.7402   0.6772   1.2280 
  0.4287  -0.0376  -0.1089  -3.6123   0.3623   0.7671   0.6045   1.2817   0.6567   1.3369 
  0.4048  -0.0469  -0.2583  -3.8584   0.1855  -0.0337   0.6792   0.8643   0.2666   1.1445 
  0.3325  -0.0356  -0.3862   0.4424   0.0132   0.1660   0.6196   0.1343   0.3774   0.5859 
  0.3672  -0.0181  -0.5195   0.0625  -0.1055   0.3545   0.4585   0.9043   0.5625   0.3286 
  0.3999  -0.0303  -0.5874   0.9316  -0.1841   0.2529   0.3872   1.0918   0.6177   1.1738 
  0.3979  -0.0391  -0.6431   0.3618  -0.2881   0.3335   0.6455   0.1152   0.5039   1.3247 
  0.4214  -0.0479  -0.5923  -0.0483  -0.4404   0.4604   0.9526   1.3345   0.2573   1.0483 
  0.4375  -0.0396  -0.5347   0.2729  -0.6030   0.5313   1.0352   0.2158   0.5620   0.9741 
  0.4409  -0.0005  -0.4058   0.5010  -0.6616   0.5752   1.0288   1.1846   1.0752   0.9409 
  0.5073  -0.0137   0.1582   0.3257  -0.6738   0.6318   1.0586   0.5508   0.2563   0.9155 
  0.5771  -0.0264   0.7480   0.2852  -0.6230   0.5420   1.0547   0.9888   1.0444   0.8853 
  0.5151  -0.0015   1.6230   0.4082  -0.6489   0.5020   1.0508   0.8823   0.3516   0.9038 
  0.5708   0.0215   2.1836   0.5088  -0.1055   0.4673   1.0054   0.7969   1.1704   0.8823 
  0.6152   0.0483  -5.8179   0.5796   0.7715   0.4292   0.9663   1.3687   0.9795   0.8530 
  0.6279   0.0596  -3.8242   0.5952   1.3545   0.3979   0.9170   0.9883   0.7461   0.7847 
  0.6172   0.0400   0.3530   0.6733   1.6660   0.3506   0.8555   0.9434   0.7759   0.7378 
  0.6392   0.0425   0.0542   0.7300   1.2451   0.2363   0.8223   1.0063   0.8354   0.6865 
  0.6694   0.0698   0.9893   0.7520  -7.6865   0.1777   0.7500   1.0112   0.8687   0.6294 
  0.6934   0.0903   0.3608   0.7891  -0.7441   0.1069   0.6660   0.9800   0.8809   0.5444 
  0.6733   0.1519  -0.0894   0.7729   0.6074   0.0342   0.5918   0.9663   0.9028   0.4604 
  0.6787   0.1826   0.3560   0.7207   0.6548   0.0107   0.4609   0.9248   0.9746   0.4009 
  0.6899   0.1777   0.3008   0.6045   0.0195   0.0073   0.3398   0.9175   0.9409   0.2876 
  0.6724   0.2275   0.1587   0.7061   0.1719  -0.0107   0.1812   0.8555   0.9082   0.1372 
  0.6836   0.2534   0.3228   0.6660   0.1235   0.0137  -0.0269   0.7764   0.9360  -0.0083 
  0.6689   0.3354   0.4053   0.6797   0.4609   0.0313  -0.1812   0.7266   0.9492  -0.0952 
  0.6836   0.3716   0.4453   0.6895   0.4243   0.1001  -0.3057   0.6787   0.8765  -0.2173 
  0.6909   0.4087   0.2852   0.7559   0.2568   0.2236  -0.4082   0.5713   0.8604  -0.3149 
  0.7319   0.4487  -0.0928   0.7866   0.4214   0.4409  -0.5137   0.5249   0.8169  -0.4346 
  0.7446   0.3818  -0.2358   0.9282   0.4653   0.4585  -0.4780   0.4004   0.8081  -0.5122 
  0.7612   0.3740  -0.1572   0.9736   0.4849   0.5347  -0.6221   0.3130   0.7339  -0.6372 
  0.7656   0.4487  -0.0679   0.9570   0.5381   1.0132  -0.4819   0.1689   0.7070  -0.5757 
  0.7856   0.4131   0.0356   1.0093   0.5425   1.4077  -0.3447   0.0479   0.6372  -0.6304 
  0.8203   0.3955   0.1621   1.0522   0.6084   1.3301   0.1592  -0.0601   0.5654  -0.1069 
  0.8823   0.4048   0.3340   0.9263   0.6348   1.1108   0.6582  -0.1753   0.4888   0.3193 
  0.9385   0.4863   0.3955   0.8174   0.6035   1.0391   1.4404  -0.2798   0.3740   1.0742 
  0.9629   0.5000   0.3813   0.7607   0.6060   0.9521   2.0972  -0.3506   0.2856   1.7529 
  0.9746   0.5552   0.4868   0.6265   0.6768   0.7222  -2.0830  -0.4624   0.1196   2.9160 
  1.0361   0.5688   0.6255   0.4863   0.6982   0.7222  -4.6841  -0.5054   0.0103  -7.7778 
  1.0674   0.6060   0.6680   0.3081   0.6973   0.7441   0.3169  -0.5737  -0.1074  -2.7266 
  1.0605   0.5967   0.9189   0.2070   0.6807   0.5376   0.2803  -0.4858  -0.2920  -0.0703 
  1.0898   0.6206   1.1733   0.1235   0.6704   0.4688   0.5923  -0.5210  -0.2773   0.2510 
  1.0811   0.6626   1.0352   0.3149   0.7041   0.4272   0.8369  -0.1147  -0.4546   1.2827 
  1.0566   0.7808   0.7993   0.2632   0.7344   0.3472  -0.1104   0.2642  -0.4648  -0.0732 
  1.0259   0.8525   0.7144   0.2700   0.6909   0.3281   0.1494   0.9077  -0.4380  -0.3594 
  0.9951   0.8730   0.6416   0.2925   0.6318   0.3413   0.4189   1.5566  -0.5122   0.1372 
  0.9409   0.8467   0.5669   0.3301   0.6147   0.3872   0.1855   2.8193  -0.1846   0.3525 
  0.8779   0.8403   0.4961   0.3535   0.5732   0.3672   0.1758  -6.7617   0.3828  -0.0410 
  0.8545   0.8228   0.5161   0.2979   0.5869   0.3530   0.1821  -3.6138   0.8223   0.1558 
  0.7798   0.8345   0.3999   0.2969   0.5234   0.3125   0.3257   0.7515   1.8677   0.2881 
  0.7261   0.8433   0.4121   0.4277   0.5327   0.2568   0.3950   0.1387   2.6997   0.2983 
  0.6426   0.8120   0.2979   0.7637   0.6582   0.2466   0.3398   0.9912  -6.2368   0.0151 
  0.5239   0.7915   0.1860   0.7705   0.6660   0.2598   0.3120  -0.4355  -3.8428  -0.1177 
  0.3545   0.7603   0.1665   0.7764   0.6230   0.2544   0.3687  -0.0039   1.1094  -0.1162 
  0.1924   0.7432   0.1968   0.7544   0.6343   0.2573   0.4312   0.3877   0.3994  -0.1357 
  0.0581   0.5889   0.2119   0.9390   0.6890   0.2437   0.4492   0.1641   0.6230  -0.1582 
 -0.0947   0.8354   0.2573   0.9600   0.6382   0.2480   0.3184   0.1831  -0.2017  -0.1406 
 -0.2261   0.8389   0.2749   0.9058   0.5825   0.2275   0.2139   0.3589   0.0210  -0.2188 
 -0.2959   1.0610   0.2065   0.9209   0.6563   0.2344   0.1309   0.5601   0.4116  -0.1709 
 -0.3667   0.6968   0.2163   0.8516   0.6538   0.2070   0.0850   0.6450   0.2915  -0.1177 
 -0.4814   0.7236   0.2217   0.8120   0.6460   0.2114   0.1787   0.5913   0.2886  -0.0508 
 -0.5024   0.8433   0.2144   0.8687   0.6343   0.2012   0.0767   0.5752   0.4136   0.0215 
 -0.6504   0.9731   0.1528   0.9131   0.6489   0.2041   0.0400   0.6367   0.4575   0.0786 
 -0.7085   0.9072   0.1055   0.8589   0.6563   0.2021   0.1704   0.6768   0.5737   0.3413 
 -0.7080   0.7813   0.1216   0.7905   0.6743   0.2202   0.1924   0.7163   0.5146   0.7109 
 -0.5283   0.9771   0.1162   0.7627   0.6729   0.2427   0.2241   0.6792   0.4307   0.7266 
  0.0376   1.2036   0.1362   0.6812   0.6587   0.2671   0.2227   0.7041   0.4922   0.5928 
  0.7500   1.1982   0.1650   0.6353   0.6748   0.2759   0.1982   0.6909   0.5552   0.5820 
  1.6470   1.2207   0.1880   0.5884   0.6528   0.2725   0.3477   0.7407   0.6016   0.6924 
  2.2207   1.1592   0.1973   0.5732   0.6470   0.2544   0.7319   0.7241   0.6260   0.5449 
 -3.5005   1.0708   0.2065   0.4795   0.5991   0.2510   0.7617   0.7290   0.6909   0.4673 
 -7.4209   1.0010   0.2241   0.3960   0.5723   0.2803   0.5020   0.7354   0.6694   0.4229 
  0.3315   0.9453   0.2217   0.3618   0.5200   0.2632   0.5161   0.7490   0.6152   0.4453 
 -1.0156   0.8818   0.2280   0.3135   0.4097   0.2646   0.5044   0.7505   0.7075   0.4126 
  1.7471   0.8364   0.2427   0.3081   0.2842   0.2583   0.4868   0.7500   0.7114   0.4443 
  0.2783   0.7402   0.2554   0.2041   0.1685   0.2554   0.4512   0.7085   0.7036   0.3999 
 -0.3643   0.6631   0.2563   0.2432   0.1250   0.2437   0.5825   0.6641   0.7256   0.4106 
  0.3169   0.5264   0.2656   0.3496   0.0347   0.2539   0.5347   0.6699   0.6523   0.4209 
  0.3105   0.3765   0.2700   0.1982  -0.0776   0.2544   0.4795   0.6323   0.6431   0.4678 
  0.1670   0.2061   0.2646   0.5508  -0.0215   0.2505   0.4346   0.5952   0.6382   0.4619 
  0.3960   0.0615   0.2720   0.2944  -0.0029   0.2534   0.4028   0.5669   0.6479   0.4155 
  0.6509  -0.0566   0.2642   0.4087   0.0010   0.2368   0.3853   0.5396   0.5752   0.3613 
  0.8101  -0.1572   0.2495   0.4521  -0.0288   0.2329   0.4150   0.5078   0.5737   0.2842 
  0.8223  -0.3125   0.2310   0.4575   0.0620   0.2344   0.4150   0.4888   0.5684   0.2544 
  0.7964  -0.3867   0.1978   0.3833   0.2373   0.2109   0.4072   0.4907   0.5796   0.2261 
  0.8062  -0.4668   0.1772   0.4434   0.5869   0.1885   0.3809   0.4731   0.5957   0.1846 
  0.8281  -0.5410   0.1680   0.4316   0.7793   0.1782   0.3145   0.4111   0.6436   0.1694 
  0.8105  -0.4922   0.1826   0.3965   0.7720   0.1470   0.2485   0.3535   0.7310   0.1875 
  0.7427  -0.4248   0.1733   0.2993   0.9106   0.1143   0.2168   0.3052   0.7651   0.1851 
  0.6758  -0.3110   0.1523   0.3823   1.1821   0.0918   0.2114   0.3110   0.7402   0.1836 
  0.6753   0.2158   0.1411   0.4082   1.1968   0.0000   0.2036   0.3066   0.7476   0.1836 
  0.6440   0.7124   0.1392   0.3462   1.0659   0.0000   0.1787   0.2705   0.7495   0.1753 
  0.6558   1.6255   0.1211   0.3457   0.9512   0.0000   0.1826   0.1855   0.7217   0.1626 
  0.6685   2.6050   0.1416   0.3716   1.5840   0.0000   0.1475   0.1816   0.6689   0.1958 
  0.6499  -3.5195   0.1729   0.4204   1.9805   0.0000   0.1646   0.2808   0.6592   0.2515 
  0.6514  -4.5332   0.1934   0.0000   1.7251   0.0000   0.1719   0.2700   0.6797   0.3120 
  0.6558   0.7495   0.1929   0.0000   0.0601   0.0000   0.1826   0.2251   0.6440   0.3550 
  0.6748   0.4927   0.1816   0.0000   0.9194   0.0000   0.1782   0.1919   0.5894   0.3472 
  0.6787   0.2900   0.1763   0.0000   0.4741   0.0000   0.1846   0.2485   0.6030   0.3398 
  0.6978   0.1670   0.1807   0.0000   0.4438   0.0000   0.1855   0.1665   0.5972   0.3228 
  0.7446   0.1377   0.1948   0.0000   0.2759   0.0000   0.1689   0.2451   0.6001   0.3003 
  0.7632   0.3462   0.1904   0.0000   0.3315   0.0000   0.1563   0.3047   0.5996   0.2998 
  0.7686   0.4004   0.1831   0.0000   0.2710   0.0000   0.1489   0.3027   0.6045   0.2666 
  0.8628   0.3628   0.2002   0.0000   0.4644   0.0000   0.1387   0.2939   0.6152   0.2456 
  0.8208   0.4619   0.1846   0.0000   0.4326   0.0000   0.1475   0.3760   0.6045   0.2261 
  0.9814   0.5869   0.1572   0.0000   0.3491   0.0000   0.1646   0.5342   0.6338   0.2305 
  1.0352   0.6631   0.1455   0.0000   0.2983   0.0000   0.1367   0.6821   0.6250   0.2373 
  0.9360   0.6558   0.1235   0.0000   0.2822   0.0000   0.1250   0.5332   0.6318   0.2412 
  0.9512   0.7212   0.1216   0.0000   0.2832   0.0000   0.1494   0.7949   0.6489   0.2402 
  0.9282   0.7437   0.1152   0.0000   0.2656   0.0000   0.1323   0.5474   0.6094   0.2852 
  0.9067   0.6724   0.0000   0.0000   0.2705   0.0000   0.1548   0.7876   0.5986   0.3672 
  0.9014   0.6260   0.0000   0.0000   0.2456   0.0000   0.1982   0.9229   0.5591   0.3848 
  0.8804   0.4849   0.0000   0.0000   0.2329   0.0000   0.2617   0.6240   0.5371   0.4116 
  0.8354   0.3921   0.0000   0.0000   0.2334   0.0000   0.3105   0.5815   0.5444   0.4702 
  0.8354   0.4399   0.0000   0.0000   0.2217   0.0000   0.3389   0.5503   0.5098   0.4800 
  0.8101   0.4463   0.0000   0.0000   0.0000   0.0000   0.3491   0.6392   0.4775   0.4731 
  0.7344   0.4771   0.0000   0.0000   0.0000   0.0000   0.3623   0.7603   0.4233   0.5054 
  0.6196   0.5015   0.0000   0.0000   0.0000   0.0000   0.3857   0.7314   0.3955   0.4980 
  0.6040   0.6089   0.0000   0.0000   0.0000   0.0000   0.3794   0.6387   0.3569   0.4785 
  0.4722   0.6655   0.0000   0.0000   0.0000   0.0000   0.3916   0.4946   0.3716   0.4595 
  0.4854   0.7842   0.0000   0.0000   0.0000   0.0000   0.4023   0.3804   0.3813   0.4473 
  0.4634   0.8882   0.0000   0.0000   0.0000   0.0000   0.4233   0.3623   0.3955   0.4268 
  0.4033   0.8892   0.0000   0.0000   0.0000   0.0000   0.4526   0.2983   0.4097   0.4253 
  0.4321   0.9395   0.0000   0.0000   0.0000   0.0000   0.4336   0.2886   0.4336   0.4556 
  0.3281   0.9907   0.0000   0.0000   0.0000   0.0000   0.4072   0.2354   0.4775   0.4785 
  0.3408   0.9395   0.0000   0.0000   0.0000   0.0000   0.4170   0.2109   0.5273   0.4697 
  0.4429   1.0259   0.0000   0.0000   0.0000   0.0000   0.3657   0.2197   0.5552   0.4629 
  0.4751   0.9414   0.0000   0.0000   0.0000   0.0000   0.3535   0.2168   0.5752   0.4429 
  0.4580   0.8574   0.0000   0.0000   0.0000   0.0000   0.3369   0.2407   0.5723   0.4199 
  0.5259   0.7261   0.0000   0.0000   0.0000   0.0000   0.3105   0.2432   0.5488   0.4033 
  0.6563   0.7446   0.0000   0.0000   0.0000   0.0000   0.2881   0.2363   0.5181   0.4048 
  0.7148   0.7773   0.0000   0.0000   0.0000   0.0000   0.3047   0.2324   0.4473   0.3999 
  0.6772   0.7612   0.0000   0.0000   0.0000   0.0000   0.2554   0.2114   0.3828   0.3926 
  0.6870   0.6445   0.0000   0.0000   0.0000   0.0000   0.1997   0.1777   0.3174   0.3730 
  0.7227   0.9321   0.0000   0.0000   0.0000   0.0000   0.1792   0.1533   0.2666   0.3647 
  0.8892   0.9917   0.0000   0.0000   0.0000   0.0000   0.1694   0.1284   0.3008   0.3550 
  0.9331   1.0610   0.0000   0.0000   0.0000   0.0000   0.1509   0.1289   0.1855   0.3550 
  0.9673   1.0908   0.0000   0.0000   0.0000   0.0000   0.1499   0.1094   0.2090   0.3462 
  1.0522   1.1162   0.0000   0.0000   0.0000   0.0000   0.1587   0.1484   0.2471   0.3267 
  1.0356   1.0850   0.0000   0.0000   0.0000   0.0000   0.1729   0.1841   0.2998   0.3096 
  1.1572   1.0571   0.0000   0.0000   0.0000   0.0000   0.1885   0.2358   0.1455   0.2910 
  1.1387   0.9453   0.0000   0.0000   0.0000   0.0000   0.1836   0.0000   0.1108   0.2656 
  0.7803   0.9624   0.0000   0.0000   0.0000   0.0000   0.1699   0.0000   0.3267   0.2754 
  0.7261   1.0146   0.0000   0.0000   0.0000   0.0000   0.1431   0.0000   0.3638   0.2617 
  0.7949   0.9951   0.0000   0.0000   0.0000   0.0000   0.1147   0.0000   0.2544   0.2661 
  0.6685   0.6348   0.0000   0.0000   0.0000   0.0000   0.0859   0.0000   0.2139   0.2515 
  0.5151   0.7461   0.0000   0.0000   0.0000   0.0000   0.0000   0.0000   0.3872   0.2671 
  0.3921   0.9873   0.0000   0.0000   0.0000   0.0000   0.0000   0.0000   0.5820   0.2813 
  0.3599   1.0767   0.0000   0.0000   0.0000   0.0000   0.0000   0.0000   0.6938   0.2954 
  0.4219   1.0645   0.0000   0.0000   0.0000   0.0000   0.0000   0.0000   0.7202   0.0000 
  0.5879   0.9473   0.0000   0.0000   0.0000   0.0000   0.0000   0.0000   0.7466   0.0000 
  0.8530   0.6890   0.0000   0.0000   0.0000   0.0000   0.0000   0.0000   0.7378   0.0000 
  0.6807   0.3652   0.0000   0.0000   0.0000   0.0000   0.0000   0.0000   0.7510   0.0000 
  0.6055   0.6270   0.0000   0.0000   0.0000   0.0000   0.0000   0.0000   0.7051   0.0000 
  0.5513   0.8887   0.0000   0.0000   0.0000   0.0000   0.0000   0.0000   0.6924   0.0000 
  0.5674   0.3071   0.0000   0.0000   0.0000   0.0000   0.0000   0.0000   0.6465   0.0000 
  0.5122   1.0229   0.0000   0.0000   0.0000   0.0000   0.0000   0.0000   0.7173   0.0000 
  0.3506   0.4751   0.0000   0.0000   0.0000   0.0000   0.0000   0.0000   0.6982   0.0000 
  0.7310   0.5688   0.0000   0.0000   0.0000   0.0000   0.0000   0.0000   1.4897   0.0000 
  0.8657   0.5005   0.0000   0.0000   0.0000   0.0000   0.0000   0.0000   5.3164   0.0000 
  0.8394   0.2959   0.0000   0.0000   0.0000   0.0000   0.0000   0.0000  -0.2822   0.0000 
  0.7832   0.1401   0.0000   0.0000   0.0000   0.0000   0.0000   0.0000   0.4927   0.0000 
  0.7568   0.1489   0.0000   0.0000   0.0000   0.0000   0.0000   0.0000   0.3062   0.0000 
  0.0000   0.1797   0.0000   0.0000   0.0000   0.0000   0.0000   0.0000   0.1694   0.0000 
  0.0000   0.1978   0.0000   0.0000   0.0000   0.0000   0.0000   0.0000  -0.2441   0.0000 
  0.0000   0.1997   0.0000   0.0000   0.0000   0.0000   0.0000   0.0000   0.0684   0.0000 
  0.0000   0.3169   0.0000   0.0000   0.0000   0.0000   0.0000   0.0000   0.1396   0.0000 
  0.0000   0.5049   0.0000   0.0000   0.0000   0.0000   0.0000   0.0000   0.1216   0.0000 
  0.0000   0.6274   0.0000   0.0000   0.0000   0.0000   0.0000   0.0000   0.1704   0.0000 
  0.0000   0.6084   0.0000   0.0000   0.0000   0.0000   0.0000   0.0000   0.1938   0.0000 
  0.0000   0.6548   0.0000   0.0000   0.0000   0.0000   0.0000   0.0000   0.1221   0.0000 
  0.0000   0.7139   0.0000   0.0000   0.0000   0.0000   0.0000   0.0000   0.0913   0.0000 
  0.0000   0.9321   0.0000   0.0000   0.0000   0.0000   0.0000   0.0000   0.0649   0.0000 
  0.0000   0.9692   0.0000   0.0000   0.0000   0.0000   0.0000   0.0000   0.0537   0.0000 
  0.0000   0.8271   0.0000   0.0000   0.0000   0.0000   0.0000   0.0000   0.0664   0.0000 
  0.0000   0.7280   0.0000   0.0000   0.0000   0.0000   0.0000   0.0000   0.0859   0.0000 
  0.0000   0.8555   0.0000   0.0000   0.0000   0.0000   0.0000   0.0000   0.1133   0.0000 
  0.0000   0.8530   0.0000   0.0000   0.0000   0.0000   0.0000   0.0000   0.1328   0.0000 
  0.0000   0.6953   0.0000   0.0000   0.0000   0.0000   0.0000   0.0000   0.1294   0.0000 
  0.0000   0.4419   0.0000   0.0000   0.0000   0.0000   0.0000   0.0000   0.1421   0.0000 
  0.0000   0.3789   0.0000   0.0000   0.0000   0.0000   0.0000   0.0000   0.1509   0.0000 
  0.0000   0.4570   0.0000   0.0000   0.0000   0.0000   0.0000   0.0000   0.1436   0.0000 
  0.0000   0.4175   0.0000   0.0000   0.0000   0.0000   0.0000   0.0000   0.1411   0.0000 
  0.0000   0.3794   0.0000   0.0000   0.0000   0.0000   0.0000   0.0000   0.1665   0.0000 
  0.0000   0.4346   0.0000   0.0000   0.0000   0.0000   0.0000   0.0000   0.1836   0.0000 
  0.0000   0.3208   0.0000   0.0000   0.0000   0.0000   0.0000   0.0000   0.1821   0.0000 
  0.0000   0.2549   0.0000   0.0000   0.0000   0.0000   0.0000   0.0000   0.2041   0.0000 
  0.0000   0.1777   0.0000   0.0000   0.0000   0.0000   0.0000   0.0000   0.2153   0.0000 
  0.0000   0.1519   0.0000   0.0000   0.0000   0.0000   0.0000   0.0000   0.2236   0.0000 
  0.0000   0.1147   0.0000   0.0000   0.0000   0.0000   0.0000   0.0000   0.2188   0.0000 
  0.0000   0.1187   0.0000   0.0000   0.0000   0.0000   0.0000   0.0000   0.1987   0.0000 
  0.0000   0.1504   0.0000   0.0000   0.0000   0.0000   0.0000   0.0000   0.2012   0.0000 
  0.0000   0.1875   0.0000   0.0000   0.0000   0.0000   0.0000   0.0000   0.2090   0.0000 
  0.0000   0.1792   0.0000   0.0000   0.0000   0.0000   0.0000   0.0000   0.2070   0.0000 
  0.0000   0.0000   0.0000   0.0000   0.0000   0.0000   0.0000   0.0000   0.1924   0.0000 
  0.0000   0.0000   0.0000   0.0000   0.0000   0.0000   0.0000   0.0000   0.2031   0.0000 
  0.0000   0.0000   0.0000   0.0000   0.0000   0.0000   0.0000   0.0000   0.2275   0.0000 
  0.0000   0.0000   0.0000   0.0000   0.0000   0.0000   0.0000   0.0000   0.2295   0.0000 
  0.0000   0.0000   0.0000   0.0000   0.0000   0.0000   0.0000   0.0000   0.2397   0.0000 
  0.0000   0.0000   0.0000   0.0000   0.0000   0.0000   0.0000   0.0000   0.2471   0.0000 
  0.0000   0.0000   0.0000   0.0000   0.0000   0.0000   0.0000   0.0000   0.2461   0.0000 
  0.0000   0.0000   0.0000   0.0000   0.0000   0.0000   0.0000   0.0000   0.2188   0.0000 
  0.0000   0.0000   0.0000   0.0000   0.0000   0.0000   0.0000   0.0000   0.0000   0.0000 
  0.0000   0.0000   0.0000   0.0000   0.0000   0.0000   0.0000   0.0000   0.0000   0.0000 
  0.0000   0.0000   0.0000   0.0000   0.0000   0.0000   0.0000   0.0000   0.0000   0.0000 
  0.0000   0.0000   0.0000   0.0000   0.0000   0.0000   0.0000   0.0000   0.0000   0.0000 
  0.0000   0.0000   0.0000   0.0000   0.0000   0.0000   0.0000   0.0000   0.0000   0.0000 
  0.0000   0.0000   0.0000   0.0000   0.0000   0.0000   0.0000   0.0000   0.0000   0.0000 
  0.0000   0.0000   0.0000   0.0000   0.0000   0.0000   0.0000   0.0000   0.0000   0.0000 
  0.0000   0.0000   0.0000   0.0000   0.0000   0.0000   0.0000   0.0000   0.0000   0.0000 
  0.0000   0.0000   0.0000   0.0000   0.0000   0.0000   0.0000   0.0000   0.0000   0.0000 
  0.0000   0.0000   0.0000   0.0000   0.0000   0.0000   0.0000   0.0000   0.0000   0.0000 
  0.0000   0.0000   0.0000   0.0000   0.0000   0.0000   0.0000   0.0000   0.0000   0.0000 
  0.0000   0.0000   0.0000   0.0000   0.0000   0.0000   0.0000   0.0000   0.0000   0.0000 
  0.0000   0.0000   0.0000   0.0000   0.0000   0.0000   0.0000   0.0000   0.0000   0.0000 
  0.0000   0.0000   0.0000   0.0000   0.0000   0.0000   0.0000   0.0000   0.0000   0.0000 
  0.0000   0.0000   0.0000   0.0000   0.0000   0.0000   0.0000   0.0000   0.0000   0.0000 
  0.0000   0.0000   0.0000   0.0000   0.0000   0.0000   0.0000   0.0000   0.0000   0.0000 
  0.0000   0.0000   0.0000   0.0000   0.0000   0.0000   0.0000   0.0000   0.0000   0.0000 
  0.0000   0.0000   0.0000   0.0000   0.0000   0.0000   0.0000   0.0000   0.0000   0.0000 
  0.0000   0.0000   0.0000   0.0000   0.0000   0.0000   0.0000   0.0000   0.0000   0.0000 
  0.0000   0.0000   0.0000   0.0000   0.0000   0.0000   0.0000   0.0000   0.0000   0.0000 
  0.0000   0.0000   0.0000   0.0000   0.0000   0.0000   0.0000   0.0000   0.0000   0.0000 
  0.0000   0.0000   0.0000   0.0000   0.0000   0.0000   0.0000   0.0000   0.0000   0.0000 
  0.0000   0.0000   0.0000   0.0000   0.0000   0.0000   0.0000   0.0000   0.0000   0.0000 
  0.0000   0.0000   0.0000   0.0000   0.0000   0.0000   0.0000   0.0000   0.0000   0.0000 
  0.0000   0.0000   0.0000   0.0000   0.0000   0.0000   0.0000   0.0000   0.0000   0.0000 
  0.0000   0.0000   0.0000   0.0000   0.0000   0.0000   0.0000   0.0000   0.0000   0.0000 
  0.0000   0.0000   0.0000   0.0000   0.0000   0.0000   0.0000   0.0000   0.0000   0.0000 
  0.0000   0.0000   0.0000   0.0000   0.0000   0.0000   0.0000   0.0000   0.0000   0.0000 
  0.0000   0.0000   0.0000   0.0000   0.0000   0.0000   0.0000   0.0000   0.0000   0.0000 
  0.0000   0.0000   0.0000   0.0000   0.0000   0.0000   0.0000   0.0000   0.0000   0.0000 
  0.0000   0.0000   0.0000   0.0000   0.0000   0.0000   0.0000   0.0000   0.0000   0.0000 
  0.0000   0.0000   0.0000   0.0000   0.0000   0.0000   0.0000   0.0000   0.0000   0.0000 
  0.0000   0.0000   0.0000   0.0000   0.0000   0.0000   0.0000   0.0000   0.0000   0.0000 
  0.0000   0.0000   0.0000   0.0000   0.0000   0.0000   0.0000   0.0000   0.0000   0.0000 
  0.0000   0.0000   0.0000   0.0000   0.0000   0.0000   0.0000   0.0000   0.0000   0.0000 
  0.0000   0.0000   0.0000   0.0000   0.0000   0.0000   0.0000   0.0000   0.0000   0.0000 
  0.0000   0.0000   0.0000   0.0000   0.0000   0.0000   0.0000   0.0000   0.0000   0.0000 
  0.0000   0.0000   0.0000   0.0000   0.0000   0.0000   0.0000   0.0000   0.0000   0.0000 
  0.0000   0.0000   0.0000   0.0000   0.0000   0.0000   0.0000   0.0000   0.0000   0.0000 
  0.0000   0.0000   0.0000   0.0000   0.0000   0.0000   0.0000   0.0000   0.0000   0.0000 
  0.0000   0.0000   0.0000   0.0000   0.0000   0.0000   0.0000   0.0000   0.0000   0.0000 
  0.0000   0.0000   0.0000   0.0000   0.0000   0.0000   0.0000   0.0000   0.0000   0.0000 
  0.0000   0.0000   0.0000   0.0000   0.0000   0.0000   0.0000   0.0000   0.0000   0.0000 
  0.0000   0.0000   0.0000   0.0000   0.0000   0.0000   0.0000   0.0000   0.0000   0.0000 
  0.0000   0.0000   0.0000   0.0000   0.0000   0.0000   0.0000   0.0000   0.0000   0.0000 
  0.0000   0.0000   0.0000   0.0000   0.0000   0.0000   0.0000   0.0000   0.0000   0.0000 
  0.0000   0.0000   0.0000   0.0000   0.0000   0.0000   0.0000   0.0000   0.0000   0.0000 
  0.0000   0.0000   0.0000   0.0000   0.0000   0.0000   0.0000   0.0000   0.0000   0.0000 
  0.0000   0.0000   0.0000   0.0000   0.0000   0.0000   0.0000   0.0000   0.0000   0.0000 
  0.0000   0.0000   0.0000   0.0000   0.0000   0.0000   0.0000   0.0000   0.0000   0.0000 
  0.0000   0.0000   0.0000   0.0000   0.0000   0.0000   0.0000   0.0000   0.0000   0.0000 
  0.0000   0.0000   0.0000   0.0000   0.0000   0.0000   0.0000   0.0000   0.0000   0.0000 
  0.0000   0.0000   0.0000   0.0000   0.0000   0.0000   0.0000   0.0000   0.0000   0.0000 
  0.0000   0.0000   0.0000   0.0000   0.0000   0.0000   0.0000   0.0000   0.0000   0.0000 
  0.0000   0.0000   0.0000   0.0000   0.0000   0.0000   0.0000   0.0000   0.0000   0.0000 
  0.0000   0.0000   0.0000   0.0000   0.0000   0.0000   0.0000   0.0000   0.0000   0.0000 
  0.0000   0.0000   0.0000   0.0000   0.0000   0.0000   0.0000   0.0000   0.0000   0.0000 
  0.0000   0.0000   0.0000   0.0000   0.0000   0.0000   0.0000   0.0000   0.0000   0.0000 
  0.0000   0.0000   0.0000   0.0000   0.0000   0.0000   0.0000   0.0000   0.0000   0.0000 
  0.0000   0.0000   0.0000   0.0000   0.0000   0.0000   0.0000   0.0000   0.0000   0.0000 
  0.0000   0.0000   0.0000   0.0000   0.0000   0.0000   0.0000   0.0000   0.0000   0.0000 
  0.0000   0.0000   0.0000   0.0000   0.0000   0.0000   0.0000   0.0000   0.0000   0.0000 
  0.0000   0.0000   0.0000   0.0000   0.0000   0.0000   0.0000   0.0000   0.0000   0.0000 
  0.0000   0.0000   0.0000   0.0000   0.0000   0.0000   0.0000   0.0000   0.0000   0.0000 
  0.0000   0.0000   0.0000   0.0000   0.0000   0.0000   0.0000   0.0000   0.0000   0.0000 
  0.0000   0.0000   0.0000   0.0000   0.0000   0.0000   0.0000   0.0000   0.0000   0.0000 
  0.0000   0.0000   0.0000   0.0000   0.0000   0.0000   0.0000   0.0000   0.0000   0.0000 
  0.0000   0.0000   0.0000   0.0000   0.0000   0.0000   0.0000   0.0000   0.0000   0.0000 
  0.0000   0.0000   0.0000   0.0000   0.0000   0.0000   0.0000   0.0000   0.0000   0.0000 
  0.0000   0.0000   0.0000   0.0000   0.0000   0.0000   0.0000   0.0000   0.0000   0.0000 
  0.0000   0.0000   0.0000   0.0000   0.0000   0.0000   0.0000   0.0000   0.0000   0.0000 
  0.0000   0.0000   0.0000   0.0000   0.0000   0.0000   0.0000   0.0000   0.0000   0.0000 
  0.0000   0.0000   0.0000   0.0000   0.0000   0.0000   0.0000   0.0000   0.0000   0.0000 
  0.0000   0.0000   0.0000   0.0000   0.0000   0.0000   0.0000   0.0000   0.0000   0.0000 
  0.0000   0.0000   0.0000   0.0000   0.0000   0.0000   0.0000   0.0000   0.0000   0.0000 
  0.0000   0.0000   0.0000   0.0000   0.0000   0.0000   0.0000   0.0000   0.0000   0.0000 
  0.0000   0.0000   0.0000   0.0000   0.0000   0.0000   0.0000   0.0000   0.0000   0.0000 
  0.0000   0.0000   0.0000   0.0000   0.0000   0.0000   0.0000   0.0000   0.0000   0.0000 
  0.0000   0.0000   0.0000   0.0000   0.0000   0.0000   0.0000   0.0000   0.0000   0.0000 
  0.0000   0.0000   0.0000   0.0000   0.0000   0.0000   0.0000   0.0000   0.0000   0.0000 
  0.0000   0.0000   0.0000   0.0000   0.0000   0.0000   0.0000   0.0000   0.0000   0.0000 
  0.0000   0.0000   0.0000   0.0000   0.0000   0.0000   0.0000   0.0000   0.0000   0.0000 
  0.0000   0.0000   0.0000   0.0000   0.0000   0.0000   0.0000   0.0000   0.0000   0.0000 
  0.0000   0.0000   0.0000   0.0000   0.0000   0.0000   0.0000   0.0000   0.0000   0.0000 
  0.0000   0.0000   0.0000   0.0000   0.0000   0.0000   0.0000   0.0000   0.0000   0.0000 
  0.0000   0.0000   0.0000   0.0000   0.0000   0.0000   0.0000   0.0000   0.0000   0.0000 
  0.0000   0.0000   0.0000   0.0000   0.0000   0.0000   0.0000   0.0000   0.0000   0.0000 
  0.0000   0.0000   0.0000   0.0000   0.0000   0.0000   0.0000   0.0000   0.0000   0.0000 
  0.0000   0.0000   0.0000   0.0000   0.0000   0.0000   0.0000   0.0000   0.0000   0.0000 
  0.0000   0.0000   0.0000   0.0000   0.0000   0.0000   0.0000   0.0000   0.0000   0.0000 
  0.0000   0.0000   0.0000   0.0000   0.0000   0.0000   0.0000   0.0000   0.0000   0.0000 
  0.0000   0.0000   0.0000   0.0000   0.0000   0.0000   0.0000   0.0000   0.0000   0.0000 
  0.0000   0.0000   0.0000   0.0000   0.0000   0.0000   0.0000   0.0000   0.0000   0.0000 
  0.0000   0.0000   0.0000   0.0000   0.0000   0.0000   0.0000   0.0000   0.0000   0.0000 
  0.0000   0.0000   0.0000   0.0000   0.0000   0.0000   0.0000   0.0000   0.0000   0.0000 
  0.0000   0.0000   0.0000   0.0000   0.0000   0.0000   0.0000   0.0000   0.0000   0.0000 
  0.0000   0.0000   0.0000   0.0000   0.0000   0.0000   0.0000   0.0000   0.0000   0.0000 
  0.0000   0.0000   0.0000   0.0000   0.0000   0.0000   0.0000   0.0000   0.0000   0.0000 
  0.0000   0.0000   0.0000   0.0000   0.0000   0.0000   0.0000   0.0000   0.0000   0.0000 
  0.0000   0.0000   0.0000   0.0000   0.0000   0.0000   0.0000   0.0000   0.0000   0.0000 
  0.0000   0.0000   0.0000   0.0000   0.0000   0.0000   0.0000   0.0000   0.0000   0.0000 
  0.0000   0.0000   0.0000   0.0000   0.0000   0.0000   0.0000   0.0000   0.0000   0.0000 
  0.0000   0.0000   0.0000   0.0000   0.0000   0.0000   0.0000   0.0000   0.0000   0.0000 
  0.0000   0.0000   0.0000   0.0000   0.0000   0.0000   0.0000   0.0000   0.0000   0.0000 
  0.0000   0.0000   0.0000   0.0000   0.0000   0.0000   0.0000   0.0000   0.0000   0.0000 
  0.0000   0.0000   0.0000   0.0000   0.0000   0.0000   0.0000   0.0000   0.0000   0.0000 
  0.0000   0.0000   0.0000   0.0000   0.0000   0.0000   0.0000   0.0000   0.0000   0.0000 
  0.0000   0.0000   0.0000   0.0000   0.0000   0.0000   0.0000   0.0000   0.0000   0.0000 
  0.0000   0.0000   0.0000   0.0000   0.0000   0.0000   0.0000   0.0000   0.0000   0.0000 
  0.0000   0.0000   0.0000   0.0000   0.0000   0.0000   0.0000   0.0000   0.0000   0.0000 
  0.0000   0.0000   0.0000   0.0000   0.0000   0.0000   0.0000   0.0000   0.0000   0.0000 
  0.0000   0.0000   0.0000   0.0000   0.0000   0.0000   0.0000   0.0000   0.0000   0.0000 
  0.0000   0.0000   0.0000   0.0000   0.0000   0.0000   0.0000   0.0000   0.0000   0.0000 
  0.0000   0.0000   0.0000   0.0000   0.0000   0.0000   0.0000   0.0000   0.0000   0.0000 
  0.0000   0.0000   0.0000   0.0000   0.0000   0.0000   0.0000   0.0000   0.0000   0.0000 
  0.0000   0.0000   0.0000   0.0000   0.0000   0.0000   0.0000   0.0000   0.0000   0.0000 
  0.0000   0.0000   0.0000   0.0000   0.0000   0.0000   0.0000   0.0000   0.0000   0.0000 
  0.0000   0.0000   0.0000   0.0000   0.0000   0.0000   0.0000   0.0000   0.0000   0.0000 
  0.0000   0.0000   0.0000   0.0000   0.0000   0.0000   0.0000   0.0000   0.0000   0.0000 
  0.0000   0.0000   0.0000   0.0000   0.0000   0.0000   0.0000   0.0000   0.0000   0.0000 
  0.0000   0.0000   0.0000   0.0000   0.0000   0.0000   0.0000   0.0000   0.0000   0.0000 
  0.0000   0.0000   0.0000   0.0000   0.0000   0.0000   0.0000   0.0000   0.0000   0.0000 
  0.0000   0.0000   0.0000   0.0000   0.0000   0.0000   0.0000   0.0000   0.0000   0.0000 
  0.0000   0.0000   0.0000   0.0000   0.0000   0.0000   0.0000   0.0000   0.0000   0.0000 
  0.0000   0.0000   0.0000   0.0000   0.0000   0.0000   0.0000   0.0000   0.0000   0.0000 
  0.0000   0.0000   0.0000   0.0000   0.0000   0.0000   0.0000   0.0000   0.0000   0.0000 
  0.0000   0.0000   0.0000   0.0000   0.0000   0.0000   0.0000   0.0000   0.0000   0.0000 
  0.0000   0.0000   0.0000   0.0000   0.0000   0.0000   0.0000   0.0000   0.0000   0.0000 
  0.0000   0.0000   0.0000   0.0000   0.0000   0.0000   0.0000   0.0000   0.0000   0.0000 
  0.0000   0.0000   0.0000   0.0000   0.0000   0.0000   0.0000   0.0000   0.0000   0.0000 
  0.0000   0.0000   0.0000   0.0000   0.0000   0.0000   0.0000   0.0000   0.0000   0.0000 
  0.0000   0.0000   0.0000   0.0000   0.0000   0.0000   0.0000   0.0000   0.0000   0.0000 
  0.0000   0.0000   0.0000   0.0000   0.0000   0.0000   0.0000   0.0000   0.0000   0.0000 
  0.0000   0.0000   0.0000   0.0000   0.0000   0.0000   0.0000   0.0000   0.0000   0.0000 
  0.0000   0.0000   0.0000   0.0000   0.0000   0.0000   0.0000   0.0000   0.0000   0.0000 
  0.0000   0.0000   0.0000   0.0000   0.0000   0.0000   0.0000   0.0000   0.0000   0.0000 
  0.0000   0.0000   0.0000   0.0000   0.0000   0.0000   0.0000   0.0000   0.0000   0.0000 
  0.0000   0.0000   0.0000   0.0000   0.0000   0.0000   0.0000   0.0000   0.0000   0.0000 
  0.0000   0.0000   0.0000   0.0000   0.0000   0.0000   0.0000   0.0000   0.0000   0.0000 
  0.0000   0.0000   0.0000   0.0000   0.0000   0.0000   0.0000   0.0000   0.0000   0.0000 
  0.0000   0.0000   0.0000   0.0000   0.0000   0.0000   0.0000   0.0000   0.0000   0.0000 
  0.0000   0.0000   0.0000   0.0000   0.0000   0.0000   0.0000   0.0000   0.0000   0.0000 
  0.0000   0.0000   0.0000   0.0000   0.0000   0.0000   0.0000   0.0000   0.0000   0.0000 
  0.0000   0.0000   0.0000   0.0000   0.0000   0.0000   0.0000   0.0000   0.0000   0.0000 
  0.0000   0.0000   0.0000   0.0000   0.0000   0.0000   0.0000   0.0000   0.0000   0.0000 
  0.0000   0.0000   0.0000   0.0000   0.0000   0.0000   0.0000   0.0000   0.0000   0.0000 
  0.0000   0.0000   0.0000   0.0000   0.0000   0.0000   0.0000   0.0000   0.0000   0.0000 
  0.0000   0.0000   0.0000   0.0000   0.0000   0.0000   0.0000   0.0000   0.0000   0.0000 
  0.0000   0.0000   0.0000   0.0000   0.0000   0.0000   0.0000   0.0000   0.0000   0.0000 
  0.0000   0.0000   0.0000   0.0000   0.0000   0.0000   0.0000   0.0000   0.0000   0.0000 
  0.0000   0.0000   0.0000   0.0000   0.0000   0.0000   0.0000   0.0000   0.0000   0.0000 
  0.0000   0.0000   0.0000   0.0000   0.0000   0.0000   0.0000   0.0000   0.0000   0.0000 
  0.0000   0.0000   0.0000   0.0000   0.0000   0.0000   0.0000   0.0000   0.0000   0.0000 
  0.0000   0.0000   0.0000   0.0000   0.0000   0.0000   0.0000   0.0000   0.0000   0.0000 
  0.0000   0.0000   0.0000   0.0000   0.0000   0.0000   0.0000   0.0000   0.0000   0.0000 
  0.0000   0.0000   0.0000   0.0000   0.0000   0.0000   0.0000   0.0000   0.0000   0.0000 
  0.0000   0.0000   0.0000   0.0000   0.0000   0.0000   0.0000   0.0000   0.0000   0.0000 
  0.0000   0.0000   0.0000   0.0000   0.0000   0.0000   0.0000   0.0000   0.0000   0.0000 
  0.0000   0.0000   0.0000   0.0000   0.0000   0.0000   0.0000   0.0000   0.0000   0.0000 
  0.0000   0.0000   0.0000   0.0000   0.0000   0.0000   0.0000   0.0000   0.0000   0.0000 
  0.0000   0.0000   0.0000   0.0000   0.0000   0.0000   0.0000   0.0000   0.0000   0.0000 
  0.0000   0.0000   0.0000   0.0000   0.0000   0.0000   0.0000   0.0000   0.0000   0.0000 
  0.0000   0.0000   0.0000   0.0000   0.0000   0.0000   0.0000   0.0000   0.0000   0.0000 
  0.0000   0.0000   0.0000   0.0000   0.0000   0.0000   0.0000   0.0000   0.0000   0.0000 
  0.0000   0.0000   0.0000   0.0000   0.0000   0.0000   0.0000   0.0000   0.0000   0.0000 
  0.0000   0.0000   0.0000   0.0000   0.0000   0.0000   0.0000   0.0000   0.0000   0.0000 
  0.0000   0.0000   0.0000   0.0000   0.0000   0.0000   0.0000   0.0000   0.0000   0.0000 
  0.0000   0.0000   0.0000   0.0000   0.0000   0.0000   0.0000   0.0000   0.0000   0.0000 
  0.0000   0.0000   0.0000   0.0000   0.0000   0.0000   0.0000   0.0000   0.0000   0.0000 
  0.0000   0.0000   0.0000   0.0000   0.0000   0.0000   0.0000   0.0000   0.0000   0.0000 
  0.0000   0.0000   0.0000   0.0000   0.0000   0.0000   0.0000   0.0000   0.0000   0.0000 
  0.0000   0.0000   0.0000   0.0000   0.0000   0.0000   0.0000   0.0000   0.0000   0.0000 
  0.0000   0.0000   0.0000   0.0000   0.0000   0.0000   0.0000   0.0000   0.0000   0.0000 
  0.0000   0.0000   0.0000   0.0000   0.0000   0.0000   0.0000   0.0000   0.0000   0.0000 
  0.0000   0.0000   0.0000   0.0000   0.0000   0.0000   0.0000   0.0000   0.0000   0.0000 
  0.0000   0.0000   0.0000   0.0000   0.0000   0.0000   0.0000   0.0000   0.0000   0.0000 
  0.0000   0.0000   0.0000   0.0000   0.0000   0.0000   0.0000   0.0000   0.0000   0.0000 
  0.0000   0.0000   0.0000   0.0000   0.0000   0.0000   0.0000   0.0000   0.0000   0.0000 
  0.0000   0.0000   0.0000   0.0000   0.0000   0.0000   0.0000   0.0000   0.0000   0.0000 
  0.0000   0.0000   0.0000   0.0000   0.0000   0.0000   0.0000   0.0000   0.0000   0.0000 
  0.0000   0.0000   0.0000   0.0000   0.0000   0.0000   0.0000   0.0000   0.0000   0.0000 
  0.0000   0.0000   0.0000   0.0000   0.0000   0.0000   0.0000   0.0000   0.0000   0.0000 
  0.0000   0.0000   0.0000   0.0000   0.0000   0.0000   0.0000   0.0000   0.0000   0.0000 
  0.0000   0.0000   0.0000   0.0000   0.0000   0.0000   0.0000   0.0000   0.0000   0.0000 
  0.0000   0.0000   0.0000   0.0000   0.0000   0.0000   0.0000   0.0000   0.0000   0.0000 
  0.0000   0.0000   0.0000   0.0000   0.0000   0.0000   0.0000   0.0000   0.0000   0.0000 
  0.0000   0.0000   0.0000   0.0000   0.0000   0.0000   0.0000   0.0000   0.0000   0.0000 
  0.0000   0.0000   0.0000   0.0000   0.0000   0.0000   0.0000   0.0000   0.0000   0.0000 
  0.0000   0.0000   0.0000   0.0000   0.0000   0.0000   0.0000   0.0000   0.0000   0.0000 
  0.0000   0.0000   0.0000   0.0000   0.0000   0.0000   0.0000   0.0000   0.0000   0.0000 
  0.0000   0.0000   0.0000   0.0000   0.0000   0.0000   0.0000   0.0000   0.0000   0.0000 
  0.0000   0.0000   0.0000   0.0000   0.0000   0.0000   0.0000   0.0000   0.0000   0.0000 
  0.0000   0.0000   0.0000   0.0000   0.0000   0.0000   0.0000   0.0000   0.0000   0.0000 
  0.0000   0.0000   0.0000   0.0000   0.0000   0.0000   0.0000   0.0000   0.0000   0.0000 
  0.0000   0.0000   0.0000   0.0000   0.0000   0.0000   0.0000   0.0000   0.0000   0.0000 
  0.0000   0.0000   0.0000   0.0000   0.0000   0.0000   0.0000   0.0000   0.0000   0.0000 
  0.0000   0.0000   0.0000   0.0000   0.0000   0.0000   0.0000   0.0000   0.0000   0.0000 
  0.0000   0.0000   0.0000   0.0000   0.0000   0.0000   0.0000   0.0000   0.0000   0.0000 
  0.0000   0.0000   0.0000   0.0000   0.0000   0.0000   0.0000   0.0000   0.0000   0.0000 
  0.0000   0.0000   0.0000   0.0000   0.0000   0.0000   0.0000   0.0000   0.0000   0.0000 
  0.0000   0.0000   0.0000   0.0000   0.0000   0.0000   0.0000   0.0000   0.0000   0.0000 
  0.0000   0.0000   0.0000   0.0000   0.0000   0.0000   0.0000   0.0000   0.0000   0.0000 
  0.0000   0.0000   0.0000   0.0000   0.0000   0.0000   0.0000   0.0000   0.0000   0.0000 
  0.0000   0.0000   0.0000   0.0000   0.0000   0.0000   0.0000   0.0000   0.0000   0.0000 
  0.0000   0.0000   0.0000   0.0000   0.0000   0.0000   0.0000   0.0000   0.0000   0.0000 
  0.0000   0.0000   0.0000   0.0000   0.0000   0.0000   0.0000   0.0000   0.0000   0.0000 
  0.0000   0.0000   0.0000   0.0000   0.0000   0.0000   0.0000   0.0000   0.0000   0.0000 
  0.0000   0.0000   0.0000   0.0000   0.0000   0.0000   0.0000   0.0000   0.0000   0.0000 
  0.0000   0.0000   0.0000   0.0000   0.0000   0.0000   0.0000   0.0000   0.0000   0.0000 
  0.0000   0.0000   0.0000   0.0000   0.0000   0.0000   0.0000   0.0000   0.0000   0.0000 
  0.0000   0.0000   0.0000   0.0000   0.0000   0.0000   0.0000   0.0000   0.0000   0.0000 
  0.0000   0.0000   0.0000   0.0000   0.0000   0.0000   0.0000   0.0000   0.0000   0.0000 
  0.0000   0.0000   0.0000   0.0000   0.0000   0.0000   0.0000   0.0000   0.0000   0.0000 
  0.0000   0.0000   0.0000   0.0000   0.0000   0.0000   0.0000   0.0000   0.0000   0.0000 
  0.0000   0.0000   0.0000   0.0000   0.0000   0.0000   0.0000   0.0000   0.0000   0.0000 
  0.0000   0.0000   0.0000   0.0000   0.0000   0.0000   0.0000   0.0000   0.0000   0.0000 
  0.0000   0.0000   0.0000   0.0000   0.0000   0.0000   0.0000   0.0000   0.0000   0.0000 
  0.0000   0.0000   0.0000   0.0000   0.0000   0.0000   0.0000   0.0000   0.0000   0.0000 
  0.0000   0.0000   0.0000   0.0000   0.0000   0.0000   0.0000   0.0000   0.0000   0.0000 
  0.0000   0.0000   0.0000   0.0000   0.0000   0.0000   0.0000   0.0000   0.0000   0.0000 
  0.0000   0.0000   0.0000   0.0000   0.0000   0.0000   0.0000   0.0000   0.0000   0.0000 
  0.0000   0.0000   0.0000   0.0000   0.0000   0.0000   0.0000   0.0000   0.0000   0.0000 
  0.0000   0.0000   0.0000   0.0000   0.0000   0.0000   0.0000   0.0000   0.0000   0.0000 
  0.0000   0.0000   0.0000   0.0000   0.0000   0.0000   0.0000   0.0000   0.0000   0.0000 
  0.0000   0.0000   0.0000   0.0000   0.0000   0.0000   0.0000   0.0000   0.0000   0.0000 
  0.0000   0.0000   0.0000   0.0000   0.0000   0.0000   0.0000   0.0000   0.0000   0.0000 
  0.0000   0.0000   0.0000   0.0000   0.0000   0.0000   0.0000   0.0000   0.0000   0.0000 
  0.0000   0.0000   0.0000   0.0000   0.0000   0.0000   0.0000   0.0000   0.0000   0.0000 
  0.0000   0.0000   0.0000   0.0000   0.0000   0.0000   0.0000   0.0000   0.0000   0.0000 
  0.0000   0.0000   0.0000   0.0000   0.0000   0.0000   0.0000   0.0000   0.0000   0.0000 
  0.0000   0.0000   0.0000   0.0000   0.0000   0.0000   0.0000   0.0000   0.0000   0.0000 
  0.0000   0.0000   0.0000   0.0000   0.0000   0.0000   0.0000   0.0000   0.0000   0.0000 
  0.0000   0.0000   0.0000   0.0000   0.0000   0.0000   0.0000   0.0000   0.0000   0.0000 
  0.0000   0.0000   0.0000   0.0000   0.0000   0.0000   0.0000   0.0000   0.0000   0.0000 
  0.0000   0.0000   0.0000   0.0000   0.0000   0.0000   0.0000   0.0000   0.0000   0.0000 
  0.0000   0.0000   0.0000   0.0000   0.0000   0.0000   0.0000   0.0000   0.0000   0.0000 
  0.0000   0.0000   0.0000   0.0000   0.0000   0.0000   0.0000   0.0000   0.0000   0.0000 
  0.0000   0.0000   0.0000   0.0000   0.0000   0.0000   0.0000   0.0000   0.0000   0.0000 
  0.0000   0.0000   0.0000   0.0000   0.0000   0.0000   0.0000   0.0000   0.0000   0.0000 
  0.0000   0.0000   0.0000   0.0000   0.0000   0.0000   0.0000   0.0000   0.0000   0.0000 
  0.0000   0.0000   0.0000   0.0000   0.0000   0.0000   0.0000   0.0000   0.0000   0.0000 
  0.0000   0.0000   0.0000   0.0000   0.0000   0.0000   0.0000   0.0000   0.0000   0.0000 
  0.0000   0.0000   0.0000   0.0000   0.0000   0.0000   0.0000   0.0000   0.0000   0.0000 
  0.0000   0.0000   0.0000   0.0000   0.0000   0.0000   0.0000   0.0000   0.0000   0.0000 
  0.0000   0.0000   0.0000   0.0000   0.0000   0.0000   0.0000   0.0000   0.0000   0.0000 
  0.0000   0.0000   0.0000   0.0000   0.0000   0.0000   0.0000   0.0000   0.0000   0.0000 
  0.0000   0.0000   0.0000   0.0000   0.0000   0.0000   0.0000   0.0000   0.0000   0.0000 
  0.0000   0.0000   0.0000   0.0000   0.0000   0.0000   0.0000   0.0000   0.0000   0.0000 
  0.0000   0.0000   0.0000   0.0000   0.0000   0.0000   0.0000   0.0000   0.0000   0.0000 
  0.0000   0.0000   0.0000   0.0000   0.0000   0.0000   0.0000   0.0000   0.0000   0.0000 
  0.0000   0.0000   0.0000   0.0000   0.0000   0.0000   0.0000   0.0000   0.0000   0.0000 
  0.0000   0.0000   0.0000   0.0000   0.0000   0.0000   0.0000   0.0000   0.0000   0.0000 
  0.0000   0.0000   0.0000   0.0000   0.0000   0.0000   0.0000   0.0000   0.0000   0.0000 
  0.0000   0.0000   0.0000   0.0000   0.0000   0.0000   0.0000   0.0000   0.0000   0.0000 
  0.0000   0.0000   0.0000   0.0000   0.0000   0.0000   0.0000   0.0000   0.0000   0.0000 
  0.0000   0.0000   0.0000   0.0000   0.0000   0.0000   0.0000   0.0000   0.0000   0.0000 
  0.0000   0.0000   0.0000   0.0000   0.0000   0.0000   0.0000   0.0000   0.0000   0.0000 
  0.0000   0.0000   0.0000   0.0000   0.0000   0.0000   0.0000   0.0000   0.0000   0.0000 
  0.0000   0.0000   0.0000   0.0000   0.0000   0.0000   0.0000   0.0000   0.0000   0.0000 
  0.0000   0.0000   0.0000   0.0000   0.0000   0.0000   0.0000   0.0000   0.0000   0.0000 
  0.0000   0.0000   0.0000   0.0000   0.0000   0.0000   0.0000   0.0000   0.0000   0.0000 
  0.0000   0.0000   0.0000   0.0000   0.0000   0.0000   0.0000   0.0000   0.0000   0.0000 
  0.0000   0.0000   0.0000   0.0000   0.0000   0.0000   0.0000   0.0000   0.0000   0.0000 
  0.0000   0.0000   0.0000   0.0000   0.0000   0.0000   0.0000   0.0000   0.0000   0.0000 
  0.0000   0.0000   0.0000   0.0000   0.0000   0.0000   0.0000   0.0000   0.0000   0.0000 
  0.0000   0.0000   0.0000   0.0000   0.0000   0.0000   0.0000   0.0000   0.0000   0.0000 
  0.0000   0.0000   0.0000   0.0000   0.0000   0.0000   0.0000   0.0000   0.0000   0.0000 
  0.0000   0.0000   0.0000   0.0000   0.0000   0.0000   0.0000   0.0000   0.0000   0.0000 
  0.0000   0.0000   0.0000   0.0000   0.0000   0.0000   0.0000   0.0000   0.0000   0.0000 
  0.0000   0.0000   0.0000   0.0000   0.0000   0.0000   0.0000   0.0000   0.0000   0.0000 
  0.0000   0.0000   0.0000   0.0000   0.0000   0.0000   0.0000   0.0000   0.0000   0.0000 
  0.0000   0.0000   0.0000   0.0000   0.0000   0.0000   0.0000   0.0000   0.0000   0.0000 
  0.0000   0.0000   0.0000   0.0000   0.0000   0.0000   0.0000   0.0000   0.0000   0.0000 
  0.0000   0.0000   0.0000   0.0000   0.0000   0.0000   0.0000   0.0000   0.0000   0.0000 
  0.0000   0.0000   0.0000   0.0000   0.0000   0.0000   0.0000   0.0000   0.0000   0.0000 
  0.0000   0.0000   0.0000   0.0000   0.0000   0.0000   0.0000   0.0000   0.0000   0.0000 
  0.0000   0.0000   0.0000   0.0000   0.0000   0.0000   0.0000   0.0000   0.0000   0.0000 
  0.0000   0.0000   0.0000   0.0000   0.0000   0.0000   0.0000   0.0000   0.0000   0.0000 
  0.0000   0.0000   0.0000   0.0000   0.0000   0.0000   0.0000   0.0000   0.0000   0.0000 
  0.0000   0.0000   0.0000   0.0000   0.0000   0.0000   0.0000   0.0000   0.0000   0.0000 
  0.0000   0.0000   0.0000   0.0000   0.0000   0.0000   0.0000   0.0000   0.0000   0.0000 
  0.0000   0.0000   0.0000   0.0000   0.0000   0.0000   0.0000   0.0000   0.0000   0.0000 
  0.0000   0.0000   0.0000   0.0000   0.0000   0.0000   0.0000   0.0000   0.0000   0.0000 
  0.0000   0.0000   0.0000   0.0000   0.0000   0.0000   0.0000   0.0000   0.0000   0.0000 
  0.0000   0.0000   0.0000   0.0000   0.0000   0.0000   0.0000   0.0000   0.0000   0.0000 
  0.0000   0.0000   0.0000   0.0000   0.0000   0.0000   0.0000   0.0000   0.0000   0.0000 
  0.0000   0.0000   0.0000   0.0000   0.0000   0.0000   0.0000   0.0000   0.0000   0.0000 
  0.0000   0.0000   0.0000   0.0000   0.0000   0.0000   0.0000   0.0000   0.0000   0.0000 
  0.0000   0.0000   0.0000   0.0000   0.0000   0.0000   0.0000   0.0000   0.0000   0.0000 
  0.0000   0.0000   0.0000   0.0000   0.0000   0.0000   0.0000   0.0000   0.0000   0.0000 
  0.0000   0.0000   0.0000   0.0000   0.0000   0.0000   0.0000   0.0000   0.0000   0.0000 
  0.0000   0.0000   0.0000   0.0000   0.0000   0.0000   0.0000   0.0000   0.0000   0.0000 
  0.0000   0.0000   0.0000   0.0000   0.0000   0.0000   0.0000   0.0000   0.0000   0.0000 
  0.0000   0.0000   0.0000   0.0000   0.0000   0.0000   0.0000   0.0000   0.0000   0.0000 
  0.0000   0.0000   0.0000   0.0000   0.0000   0.0000   0.0000   0.0000   0.0000   0.0000 
  0.0000   0.0000   0.0000   0.0000   0.0000   0.0000   0.0000   0.0000   0.0000   0.0000 
  0.0000   0.0000   0.0000   0.0000   0.0000   0.0000   0.0000   0.0000   0.0000   0.0000 
  0.0000   0.0000   0.0000   0.0000   0.0000   0.0000   0.0000   0.0000   0.0000   0.0000 
  0.0000   0.0000   0.0000   0.0000   0.0000   0.0000   0.0000   0.0000   0.0000   0.0000 
  0.0000   0.0000   0.0000   0.0000   0.0000   0.0000   0.0000   0.0000   0.0000   0.0000 
  0.0000   0.0000   0.0000   0.0000   0.0000   0.0000   0.0000   0.0000   0.0000   0.0000 
  0.0000   0.0000   0.0000   0.0000   0.0000   0.0000   0.0000   0.0000   0.0000   0.0000 
  0.0000   0.0000   0.0000   0.0000   0.0000   0.0000   0.0000   0.0000   0.0000   0.0000 
  0.0000   0.0000   0.0000   0.0000   0.0000   0.0000   0.0000   0.0000   0.0000   0.0000 
  0.0000   0.0000   0.0000   0.0000   0.0000   0.0000   0.0000   0.0000   0.0000   0.0000 
  0.0000   0.0000   0.0000   0.0000   0.0000   0.0000   0.0000   0.0000   0.0000   0.0000 
  0.0000   0.0000   0.0000   0.0000   0.0000   0.0000   0.0000   0.0000   0.0000   0.0000 
  0.0000   0.0000   0.0000   0.0000   0.0000   0.0000   0.0000   0.0000   0.0000   0.0000 
  0.0000   0.0000   0.0000   0.0000   0.0000   0.0000   0.0000   0.0000   0.0000   0.0000 
  0.0000   0.0000   0.0000   0.0000   0.0000   0.0000   0.0000   0.0000   0.0000   0.0000 
  0.0000   0.0000   0.0000   0.0000   0.0000   0.0000   0.0000   0.0000   0.0000   0.0000 
  0.0000   0.0000   0.0000   0.0000   0.0000   0.0000   0.0000   0.0000   0.0000   0.0000 
  0.0000   0.0000   0.0000   0.0000   0.0000   0.0000   0.0000   0.0000   0.0000   0.0000 
  0.0000   0.0000   0.0000   0.0000   0.0000   0.0000   0.0000   0.0000   0.0000   0.0000 
  0.0000   0.0000   0.0000   0.0000   0.0000   0.0000   0.0000   0.0000   0.0000   0.0000 
  0.0000   0.0000   0.0000   0.0000   0.0000   0.0000   0.0000   0.0000   0.0000   0.0000 
  0.0000   0.0000   0.0000   0.0000   0.0000   0.0000   0.0000   0.0000   0.0000   0.0000 
  0.0000   0.0000   0.0000   0.0000   0.0000   0.0000   0.0000   0.0000   0.0000   0.0000 
  0.0000   0.0000   0.0000   0.0000   0.0000   0.0000   0.0000   0.0000   0.0000   0.0000 
  0.0000   0.0000   0.0000   0.0000   0.0000   0.0000   0.0000   0.0000   0.0000   0.0000 
  0.0000   0.0000   0.0000   0.0000   0.0000   0.0000   0.0000   0.0000   0.0000   0.0000 
  0.0000   0.0000   0.0000   0.0000   0.0000   0.0000   0.0000   0.0000   0.0000   0.0000 
  0.0000   0.0000   0.0000   0.0000   0.0000   0.0000   0.0000   0.0000   0.0000   0.0000 
  0.0000   0.0000   0.0000   0.0000   0.0000   0.0000   0.0000   0.0000   0.0000   0.0000 
  0.0000   0.0000   0.0000   0.0000   0.0000   0.0000   0.0000   0.0000   0.0000   0.0000 
  0.0000   0.0000   0.0000   0.0000   0.0000   0.0000   0.0000   0.0000   0.0000   0.0000 
  0.0000   0.0000   0.0000   0.0000   0.0000   0.0000   0.0000   0.0000   0.0000   0.0000 
  0.0000   0.0000   0.0000   0.0000   0.0000   0.0000   0.0000   0.0000   0.0000   0.0000 
  0.0000   0.0000   0.0000   0.0000   0.0000   0.0000   0.0000   0.0000   0.0000   0.0000 
  0.0000   0.0000   0.0000   0.0000   0.0000   0.0000   0.0000   0.0000   0.0000   0.0000 
  0.0000   0.0000   0.0000   0.0000   0.0000   0.0000   0.0000   0.0000   0.0000   0.0000 
  0.0000   0.0000   0.0000   0.0000   0.0000   0.0000   0.0000   0.0000   0.0000   0.0000 
  0.0000   0.0000   0.0000   0.0000   0.0000   0.0000   0.0000   0.0000   0.0000   0.0000 
  0.0000   0.0000   0.0000   0.0000   0.0000   0.0000   0.0000   0.0000   0.0000   0.0000 
  0.0000   0.0000   0.0000   0.0000   0.0000   0.0000   0.0000   0.0000   0.0000   0.0000 
  0.0000   0.0000   0.0000   0.0000   0.0000   0.0000   0.0000   0.0000   0.0000   0.0000 
  0.0000   0.0000   0.0000   0.0000   0.0000   0.0000   0.0000   0.0000   0.0000   0.0000 
  0.0000   0.0000   0.0000   0.0000   0.0000   0.0000   0.0000   0.0000   0.0000   0.0000 
  0.0000   0.0000   0.0000   0.0000   0.0000   0.0000   0.0000   0.0000   0.0000   0.0000 
  0.0000   0.0000   0.0000   0.0000   0.0000   0.0000   0.0000   0.0000   0.0000   0.0000 
  0.0000   0.0000   0.0000   0.0000   0.0000   0.0000   0.0000   0.0000   0.0000   0.0000 
  0.0000   0.0000   0.0000   0.0000   0.0000   0.0000   0.0000   0.0000   0.0000   0.0000 
  0.0000   0.0000   0.0000   0.0000   0.0000   0.0000   0.0000   0.0000   0.0000   0.0000 
  0.0000   0.0000   0.0000   0.0000   0.0000   0.0000   0.0000   0.0000   0.0000   0.0000 
  0.0000   0.0000   0.0000   0.0000   0.0000   0.0000   0.0000   0.0000   0.0000   0.0000 
  0.0000   0.0000   0.0000   0.0000   0.0000   0.0000   0.0000   0.0000   0.0000   0.0000 
  0.0000   0.0000   0.0000   0.0000   0.0000   0.0000   0.0000   0.0000   0.0000   0.0000 
  0.0000   0.0000   0.0000   0.0000   0.0000   0.0000   0.0000   0.0000   0.0000   0.0000 
  0.0000   0.0000   0.0000   0.0000   0.0000   0.0000   0.0000   0.0000   0.0000   0.0000 
  0.0000   0.0000   0.0000   0.0000   0.0000   0.0000   0.0000   0.0000   0.0000   0.0000 
  0.0000   0.0000   0.0000   0.0000   0.0000   0.0000   0.0000   0.0000   0.0000   0.0000 
  0.0000   0.0000   0.0000   0.0000   0.0000   0.0000   0.0000   0.0000   0.0000   0.0000 
  0.0000   0.0000   0.0000   0.0000   0.0000   0.0000   0.0000   0.0000   0.0000   0.0000 
  0.0000   0.0000   0.0000   0.0000   0.0000   0.0000   0.0000   0.0000   0.0000   0.0000 
  0.0000   0.0000   0.0000   0.0000   0.0000   0.0000   0.0000   0.0000   0.0000   0.0000 
  0.0000   0.0000   0.0000   0.0000   0.0000   0.0000   0.0000   0.0000   0.0000   0.0000 
  0.0000   0.0000   0.0000   0.0000   0.0000   0.0000   0.0000   0.0000   0.0000   0.0000 
  0.0000   0.0000   0.0000   0.0000   0.0000   0.0000   0.0000   0.0000   0.0000   0.0000 
  0.0000   0.0000   0.0000   0.0000   0.0000   0.0000   0.0000   0.0000   0.0000   0.0000 
  0.0000   0.0000   0.0000   0.0000   0.0000   0.0000   0.0000   0.0000   0.0000   0.0000 
  0.0000   0.0000   0.0000   0.0000   0.0000   0.0000   0.0000   0.0000   0.0000   0.0000 
  0.0000   0.0000   0.0000   0.0000   0.0000   0.0000   0.0000   0.0000   0.0000   0.0000 
  0.0000   0.0000   0.0000   0.0000   0.0000   0.0000   0.0000   0.0000   0.0000   0.0000 
  0.0000   0.0000   0.0000   0.0000   0.0000   0.0000   0.0000   0.0000   0.0000   0.0000 
  0.0000   0.0000   0.0000   0.0000   0.0000   0.0000   0.0000   0.0000   0.0000   0.0000 
  0.0000   0.0000   0.0000   0.0000   0.0000   0.0000   0.0000   0.0000   0.0000   0.0000 
  0.0000   0.0000   0.0000   0.0000   0.0000   0.0000   0.0000   0.0000   0.0000   0.0000 
  0.0000   0.0000   0.0000   0.0000   0.0000   0.0000   0.0000   0.0000   0.0000   0.0000 
  0.0000   0.0000   0.0000   0.0000   0.0000   0.0000   0.0000   0.0000   0.0000   0.0000 
  0.0000   0.0000   0.0000   0.0000   0.0000   0.0000   0.0000   0.0000   0.0000   0.0000 
  0.0000   0.0000   0.0000   0.0000   0.0000   0.0000   0.0000   0.0000   0.0000   0.0000 
  0.0000   0.0000   0.0000   0.0000   0.0000   0.0000   0.0000   0.0000   0.0000   0.0000 
  0.0000   0.0000   0.0000   0.0000   0.0000   0.0000   0.0000   0.0000   0.0000   0.0000 
  0.0000   0.0000   0.0000   0.0000   0.0000   0.0000   0.0000   0.0000   0.0000   0.0000 
  0.0000   0.0000   0.0000   0.0000   0.0000   0.0000   0.0000   0.0000   0.0000   0.0000 
  0.0000   0.0000   0.0000   0.0000   0.0000   0.0000   0.0000   0.0000   0.0000   0.0000 
  0.0000   0.0000   0.0000   0.0000   0.0000   0.0000   0.0000   0.0000   0.0000   0.0000 
  0.0000   0.0000   0.0000   0.0000   0.0000   0.0000   0.0000   0.0000   0.0000   0.0000 
  0.0000   0.0000   0.0000   0.0000   0.0000   0.0000   0.0000   0.0000   0.0000   0.0000 
  0.0000   0.0000   0.0000   0.0000   0.0000   0.0000   0.0000   0.0000   0.0000   0.0000 
  0.0000   0.0000   0.0000   0.0000   0.0000   0.0000   0.0000   0.0000   0.0000   0.0000 
  0.0000   0.0000   0.0000   0.0000   0.0000   0.0000   0.0000   0.0000   0.0000   0.0000 
  0.0000   0.0000   0.0000   0.0000   0.0000   0.0000   0.0000   0.0000   0.0000   0.0000 
  0.0000   0.0000   0.0000   0.0000   0.0000   0.0000   0.0000   0.0000   0.0000   0.0000 
  0.0000   0.0000   0.0000   0.0000   0.0000   0.0000   0.0000   0.0000   0.0000   0.0000 
  0.0000   0.0000   0.0000   0.0000   0.0000   0.0000   0.0000   0.0000   0.0000   0.0000 
  0.0000   0.0000   0.0000   0.0000   0.0000   0.0000   0.0000   0.0000   0.0000   0.0000 
  0.0000   0.0000   0.0000   0.0000   0.0000   0.0000   0.0000   0.0000   0.0000   0.0000 
  0.0000   0.0000   0.0000   0.0000   0.0000   0.0000   0.0000   0.0000   0.0000   0.0000 
  0.0000   0.0000   0.0000   0.0000   0.0000   0.0000   0.0000   0.0000   0.0000   0.0000 
  0.0000   0.0000   0.0000   0.0000   0.0000   0.0000   0.0000   0.0000   0.0000   0.0000 
  0.0000   0.0000   0.0000   0.0000   0.0000   0.0000   0.0000   0.0000   0.0000   0.0000 
  0.0000   0.0000   0.0000   0.0000   0.0000   0.0000   0.0000   0.0000   0.0000   0.0000 
  0.0000   0.0000   0.0000   0.0000   0.0000   0.0000   0.0000   0.0000   0.0000   0.0000 
  0.0000   0.0000   0.0000   0.0000   0.0000   0.0000   0.0000   0.0000   0.0000   0.0000 
  0.0000   0.0000   0.0000   0.0000   0.0000   0.0000   0.0000   0.0000   0.0000   0.0000 
  0.0000   0.0000   0.0000   0.0000   0.0000   0.0000   0.0000   0.0000   0.0000   0.0000 
  0.0000   0.0000   0.0000   0.0000   0.0000   0.0000   0.0000   0.0000   0.0000   0.0000 
  0.0000   0.0000   0.0000   0.0000   0.0000   0.0000   0.0000   0.0000   0.0000   0.0000 
  0.0000   0.0000   0.0000   0.0000   0.0000   0.0000   0.0000   0.0000   0.0000   0.0000 
  0.0000   0.0000   0.0000   0.0000   0.0000   0.0000   0.0000   0.0000   0.0000   0.0000 
  0.0000   0.0000   0.0000   0.0000   0.0000   0.0000   0.0000   0.0000   0.0000   0.0000 
  0.0000   0.0000   0.0000   0.0000   0.0000   0.0000   0.0000   0.0000   0.0000   0.0000 
  0.0000   0.0000   0.0000   0.0000   0.0000   0.0000   0.0000   0.0000   0.0000   0.0000 
  0.0000   0.0000   0.0000   0.0000   0.0000   0.0000   0.0000   0.0000   0.0000   0.0000 
  0.0000   0.0000   0.0000   0.0000   0.0000   0.0000   0.0000   0.0000   0.0000   0.0000 
  0.0000   0.0000   0.0000   0.0000   0.0000   0.0000   0.0000   0.0000   0.0000   0.0000 
  0.0000   0.0000   0.0000   0.0000   0.0000   0.0000   0.0000   0.0000   0.0000   0.0000 
  0.0000   0.0000   0.0000   0.0000   0.0000   0.0000   0.0000   0.0000   0.0000   0.0000 
  0.0000   0.0000   0.0000   0.0000   0.0000   0.0000   0.0000   0.0000   0.0000   0.0000 
  0.0000   0.0000   0.0000   0.0000   0.0000   0.0000   0.0000   0.0000   0.0000   0.0000 
  0.0000   0.0000   0.0000   0.0000   0.0000   0.0000   0.0000   0.0000   0.0000   0.0000 
  0.0000   0.0000   0.0000   0.0000   0.0000   0.0000   0.0000   0.0000   0.0000   0.0000 
  0.0000   0.0000   0.0000   0.0000   0.0000   0.0000   0.0000   0.0000   0.0000   0.0000 
  0.0000   0.0000   0.0000   0.0000   0.0000   0.0000   0.0000   0.0000   0.0000   0.0000 
  0.0000   0.0000   0.0000   0.0000   0.0000   0.0000   0.0000   0.0000   0.0000   0.0000 
  0.0000   0.0000   0.0000   0.0000   0.0000   0.0000   0.0000   0.0000   0.0000   0.0000 
  0.0000   0.0000   0.0000   0.0000   0.0000   0.0000   0.0000   0.0000   0.0000   0.0000 
  0.0000   0.0000   0.0000   0.0000   0.0000   0.0000   0.0000   0.0000   0.0000   0.0000 
  0.0000   0.0000   0.0000   0.0000   0.0000   0.0000   0.0000   0.0000   0.0000   0.0000 
  0.0000   0.0000   0.0000   0.0000   0.0000   0.0000   0.0000   0.0000   0.0000   0.0000 
  0.0000   0.0000   0.0000   0.0000   0.0000   0.0000   0.0000   0.0000   0.0000   0.0000 
  0.0000   0.0000   0.0000   0.0000   0.0000   0.0000   0.0000   0.0000   0.0000   0.0000 
  0.0000   0.0000   0.0000   0.0000   0.0000   0.0000   0.0000   0.0000   0.0000   0.0000 
  0.0000   0.0000   0.0000   0.0000   0.0000   0.0000   0.0000   0.0000   0.0000   0.0000 
  0.0000   0.0000   0.0000   0.0000   0.0000   0.0000   0.0000   0.0000   0.0000   0.0000 
  0.0000   0.0000   0.0000   0.0000   0.0000   0.0000   0.0000   0.0000   0.0000   0.0000 
  0.0000   0.0000   0.0000   0.0000   0.0000   0.0000   0.0000   0.0000   0.0000   0.0000 
  0.0000   0.0000   0.0000   0.0000   0.0000   0.0000   0.0000   0.0000   0.0000   0.0000 
  0.0000   0.0000   0.0000   0.0000   0.0000   0.0000   0.0000   0.0000   0.0000   0.0000 
  0.0000   0.0000   0.0000   0.0000   0.0000   0.0000   0.0000   0.0000   0.0000   0.0000 
  0.0000   0.0000   0.0000   0.0000   0.0000   0.0000   0.0000   0.0000   0.0000   0.0000 
  0.0000   0.0000   0.0000   0.0000   0.0000   0.0000   0.0000   0.0000   0.0000   0.0000 
  0.0000   0.0000   0.0000   0.0000   0.0000   0.0000   0.0000   0.0000   0.0000   0.0000 
  0.0000   0.0000   0.0000   0.0000   0.0000   0.0000   0.0000   0.0000   0.0000   0.0000 
  0.0000   0.0000   0.0000   0.0000   0.0000   0.0000   0.0000   0.0000   0.0000   0.0000 
  0.0000   0.0000   0.0000   0.0000   0.0000   0.0000   0.0000   0.0000   0.0000   0.0000 
  0.0000   0.0000   0.0000   0.0000   0.0000   0.0000   0.0000   0.0000   0.0000   0.0000 
  0.0000   0.0000   0.0000   0.0000   0.0000   0.0000   0.0000   0.0000   0.0000   0.0000 
  0.0000   0.0000   0.0000   0.0000   0.0000   0.0000   0.0000   0.0000   0.0000   0.0000 
  0.0000   0.0000   0.0000   0.0000   0.0000   0.0000   0.0000   0.0000   0.0000   0.0000 
  0.0000   0.0000   0.0000   0.0000   0.0000   0.0000   0.0000   0.0000   0.0000   0.0000 
  0.0000   0.0000   0.0000   0.0000   0.0000   0.0000   0.0000   0.0000   0.0000   0.0000 
  0.0000   0.0000   0.0000   0.0000   0.0000   0.0000   0.0000   0.0000   0.0000   0.0000 
  0.0000   0.0000   0.0000   0.0000   0.0000   0.0000   0.0000   0.0000   0.0000   0.0000 
  0.0000   0.0000   0.0000   0.0000   0.0000   0.0000   0.0000   0.0000   0.0000   0.0000 
  0.0000   0.0000   0.0000   0.0000   0.0000   0.0000   0.0000   0.0000   0.0000   0.0000 
  0.0000   0.0000   0.0000   0.0000   0.0000   0.0000   0.0000   0.0000   0.0000   0.0000 
  0.0000   0.0000   0.0000   0.0000   0.0000   0.0000   0.0000   0.0000   0.0000   0.0000 
  0.0000   0.0000   0.0000   0.0000   0.0000   0.0000   0.0000   0.0000   0.0000   0.0000 
  0.0000   0.0000   0.0000   0.0000   0.0000   0.0000   0.0000   0.0000   0.0000   0.0000 
  0.0000   0.0000   0.0000   0.0000   0.0000   0.0000   0.0000   0.0000   0.0000   0.0000 
  0.0000   0.0000   0.0000   0.0000   0.0000   0.0000   0.0000   0.0000   0.0000   0.0000 
  0.0000   0.0000   0.0000   0.0000   0.0000   0.0000   0.0000   0.0000   0.0000   0.0000 
  0.0000   0.0000   0.0000   0.0000   0.0000   0.0000   0.0000   0.0000   0.0000   0.0000 
  0.0000   0.0000   0.0000   0.0000   0.0000   0.0000   0.0000   0.0000   0.0000   0.0000 
  0.0000   0.0000   0.0000   0.0000   0.0000   0.0000   0.0000   0.0000   0.0000   0.0000 
  0.0000   0.0000   0.0000   0.0000   0.0000   0.0000   0.0000   0.0000   0.0000   0.0000 
  0.0000   0.0000   0.0000   0.0000   0.0000   0.0000   0.0000   0.0000   0.0000   0.0000 
  0.0000   0.0000   0.0000   0.0000   0.0000   0.0000   0.0000   0.0000   0.0000   0.0000 
  0.0000   0.0000   0.0000   0.0000   0.0000   0.0000   0.0000   0.0000   0.0000   0.0000 
  0.0000   0.0000   0.0000   0.0000   0.0000   0.0000   0.0000   0.0000   0.0000   0.0000 
  0.0000   0.0000   0.0000   0.0000   0.0000   0.0000   0.0000   0.0000   0.0000   0.0000 
  0.0000   0.0000   0.0000   0.0000   0.0000   0.0000   0.0000   0.0000   0.0000   0.0000 
  0.0000   0.0000   0.0000   0.0000   0.0000   0.0000   0.0000   0.0000   0.0000   0.0000 
  0.0000   0.0000   0.0000   0.0000   0.0000   0.0000   0.0000   0.0000   0.0000   0.0000 
  0.0000   0.0000   0.0000   0.0000   0.0000   0.0000   0.0000   0.0000   0.0000   0.0000 
  0.0000   0.0000   0.0000   0.0000   0.0000   0.0000   0.0000   0.0000   0.0000   0.0000 
  0.0000   0.0000   0.0000   0.0000   0.0000   0.0000   0.0000   0.0000   0.0000   0.0000 
  0.0000   0.0000   0.0000   0.0000   0.0000   0.0000   0.0000   0.0000   0.0000   0.0000 
  0.0000   0.0000   0.0000   0.0000   0.0000   0.0000   0.0000   0.0000   0.0000   0.0000 
  0.0000   0.0000   0.0000   0.0000   0.0000   0.0000   0.0000   0.0000   0.0000   0.0000 
  0.0000   0.0000   0.0000   0.0000   0.0000   0.0000   0.0000   0.0000   0.0000   0.0000 
  0.0000   0.0000   0.0000   0.0000   0.0000   0.0000   0.0000   0.0000   0.0000   0.0000 
  0.0000   0.0000   0.0000   0.0000   0.0000   0.0000   0.0000   0.0000   0.0000   0.0000 
  0.0000   0.0000   0.0000   0.0000   0.0000   0.0000   0.0000   0.0000   0.0000   0.0000 
  0.0000   0.0000   0.0000   0.0000   0.0000   0.0000   0.0000   0.0000   0.0000   0.0000 
  0.0000   0.0000   0.0000   0.0000   0.0000   0.0000   0.0000   0.0000   0.0000   0.0000 
  0.0000   0.0000   0.0000   0.0000   0.0000   0.0000   0.0000   0.0000   0.0000   0.0000 
  0.0000   0.0000   0.0000   0.0000   0.0000   0.0000   0.0000   0.0000   0.0000   0.0000 
  0.0000   0.0000   0.0000   0.0000   0.0000   0.0000   0.0000   0.0000   0.0000   0.0000 
  0.0000   0.0000   0.0000   0.0000   0.0000   0.0000   0.0000   0.0000   0.0000   0.0000 
  0.0000   0.0000   0.0000   0.0000   0.0000   0.0000   0.0000   0.0000   0.0000   0.0000 
  0.0000   0.0000   0.0000   0.0000   0.0000   0.0000   0.0000   0.0000   0.0000   0.0000 
  0.0000   0.0000   0.0000   0.0000   0.0000   0.0000   0.0000   0.0000   0.0000   0.0000 
  0.0000   0.0000   0.0000   0.0000   0.0000   0.0000   0.0000   0.0000   0.0000   0.0000 
  0.0000   0.0000   0.0000   0.0000   0.0000   0.0000   0.0000   0.0000   0.0000   0.0000 
  0.0000   0.0000   0.0000   0.0000   0.0000   0.0000   0.0000   0.0000   0.0000   0.0000 
  0.0000   0.0000   0.0000   0.0000   0.0000   0.0000   0.0000   0.0000   0.0000   0.0000 
  0.0000   0.0000   0.0000   0.0000   0.0000   0.0000   0.0000   0.0000   0.0000   0.0000 
  0.0000   0.0000   0.0000   0.0000   0.0000   0.0000   0.0000   0.0000   0.0000   0.0000 
  0.0000   0.0000   0.0000   0.0000   0.0000   0.0000   0.0000   0.0000   0.0000   0.0000 
  0.0000   0.0000   0.0000   0.0000   0.0000   0.0000   0.0000   0.0000   0.0000   0.0000 
  0.0000   0.0000   0.0000   0.0000   0.0000   0.0000   0.0000   0.0000   0.0000   0.0000 
  0.0000   0.0000   0.0000   0.0000   0.0000   0.0000   0.0000   0.0000   0.0000   0.0000 
  0.0000   0.0000   0.0000   0.0000   0.0000   0.0000   0.0000   0.0000   0.0000   0.0000 
  0.0000   0.0000   0.0000   0.0000   0.0000   0.0000   0.0000   0.0000   0.0000   0.0000 
  0.0000   0.0000   0.0000   0.0000   0.0000   0.0000   0.0000   0.0000   0.0000   0.0000 
  0.0000   0.0000   0.0000   0.0000   0.0000   0.0000   0.0000   0.0000   0.0000   0.0000 
  0.0000   0.0000   0.0000   0.0000   0.0000   0.0000   0.0000   0.0000   0.0000   0.0000 
  0.0000   0.0000   0.0000   0.0000   0.0000   0.0000   0.0000   0.0000   0.0000   0.0000 
  0.0000   0.0000   0.0000   0.0000   0.0000   0.0000   0.0000   0.0000   0.0000   0.0000 
