y-axis acceleration data

 -0.5806  -0.4443  -0.6709  -0.8145  -0.7363  -0.6309  -0.8701  -0.6353  -0.3125  -0.7944 
 -0.5068  -0.5776  -0.4287  -0.7832  -0.7773  -0.5381  -0.9600  -0.7119  -0.6836  -0.7583 
 -0.3975  -0.5713  -0.5479  -0.6255  -0.6855  -0.5269  -0.9580  -0.6548  -0.9121  -0.8252 
 -0.4409  -0.5444  -0.5576  -0.5215  -0.6240  -0.6035  -0.8623  -0.6514  -0.6880  -0.8501 
 -0.3779  -0.4336  -0.5068  -0.6196  -0.5244  -0.7852  -0.8779  -0.7002  -0.5405  -0.7915 
 -0.3242  -0.4780  -0.4775  -0.8027  -0.6440  -0.6636  -0.9106  -0.7397  -0.5508  -0.7734 
 -0.3687  -0.5425  -0.4976  -0.4951  -0.6899  -0.6733  -0.8901  -0.7207  -0.6816  -0.7837 
 -0.3970  -0.5562  -0.4946  -0.6021  -0.5386  -0.5854  -0.8921  -0.7412  -0.7178  -0.7012 
 -0.4756  -0.6270  -0.4946  -0.7769  -0.6191  -0.6230  -0.8301  -0.7300  -0.6167  -0.6704 
 -0.4839  -0.6172  -0.5425  -0.5752  -0.7422  -0.4629  -0.8018  -0.7227  -0.5532  -0.7759 
 -0.4507  -0.5669  -0.4590  -0.7837  -0.7397  -0.7471  -0.8867  -0.7637  -0.5713  -0.8037 
 -0.4976  -0.4512  -0.4907  -0.5776  -0.5972  -0.5869  -0.8540  -0.7925  -0.7349  -0.8564 
 -0.4775  -0.4805  -0.4580  -0.7881  -0.6953  -0.5469  -0.8237  -0.8125  -0.7432  -0.8408 
 -0.4175  -0.4795  -0.4404  -0.5928  -0.6802  -0.4517  -0.8970  -0.7637  -0.7510  -0.8350 
 -0.3306  -0.4888  -0.3540  -0.6450  -0.6743  -0.5015  -0.7954  -0.8604  -0.7710  -0.8267 
 -0.4072  -0.4854  -0.4595  -0.6069  -0.6650  -0.5200  -0.8716  -0.8145  -0.6636  -0.8330 
 -0.5439  -0.4053  -0.4888  -0.6152  -0.6362  -0.4849  -0.8979  -0.8086  -0.5908  -0.8418 
 -0.8623  -0.4453  -0.5269  -0.7578  -0.7041  -0.4619  -0.8330  -0.7036  -0.6851  -0.8120 
 -1.2300  -0.5400  -0.4097  -0.4473  -0.4355  -0.3101  -0.7529  -0.7021  -0.7969  -0.8076 
 -0.5815  -0.6787  -0.4087  -0.7793  -0.7271  -0.2974  -0.7676  -0.9058  -0.6533  -0.8330 
 -1.3984  -0.7852  -0.3799  -0.5889  -0.6470  -0.3018  -0.8457  -0.8130  -0.6396  -0.8579 
 -1.1499  -0.8032  -0.3647  -0.5703  -0.4595  -0.1177  -0.7261  -0.6753  -0.7183  -0.8745 
 -0.2314  -0.7769  -0.3794  -0.5078  -0.5898  -0.0234  -0.8320  -0.8203  -0.7095  -0.7593 
  0.5068  -0.7378  -0.3862  -0.4502  -0.6323   0.0439  -0.8037  -0.8813  -0.7139  -0.8545 
 -0.4331  -0.6938  -0.4385  -0.4189  -0.4985   0.1162  -0.6475  -0.9229  -0.7754  -0.9741 
 -0.5200  -0.6992  -0.3804  -0.4199  -0.5649   0.3481  -0.8135  -0.7988  -0.6978  -0.8105 
  0.4556  -0.7070  -0.4834  -0.2661  -0.4551   0.5332  -0.6812  -0.6914  -0.7402  -0.6958 
  0.3975  -0.6650  -0.4580  -0.2129  -0.6030   0.7036  -0.7476  -0.6577  -0.8271  -0.7549 
 -0.1172  -0.7563  -0.3999  -0.1436  -0.7759   0.8652  -0.8184  -0.9219  -0.7993  -0.8242 
 -0.4106  -0.8174  -0.3828  -0.0796  -0.4033   0.9873  -0.8208  -0.7476  -0.7651  -0.8979 
 -0.0171  -0.8638  -0.3564   0.1724  -0.5059   1.0762  -0.9155  -0.7227  -0.7852  -0.8340 
  0.1011  -0.8677  -0.3345   0.3071  -0.5425   1.1396  -0.8521  -0.7583  -0.8198  -0.6377 
 -0.0825  -0.8687  -0.3208   0.4590  -0.5273   1.2681  -0.8540  -0.8281  -0.8623  -0.9355 
 -0.3872  -0.8901  -0.3682   0.7402  -0.5308   1.3530  -0.8110  -0.6499  -0.8701  -0.8115 
 -0.6289  -0.8237  -0.2427   0.9170  -0.5259   1.2349  -0.6191  -0.8662  -0.8364  -0.8442 
 -0.8335  -0.8213  -0.2622   1.0210  -0.4360   0.9458  -0.7964  -0.8438  -0.8433  -0.7529 
 -0.7119  -0.8745  -0.2412   1.1011  -0.4272   1.0288  -0.7212  -0.5811  -0.7612  -0.9565 
 -2.6929  -0.8848  -0.2065   1.2422  -0.4214   0.7378  -0.6597  -0.6216  -0.7734  -0.6323 
 -0.1074  -0.8667  -0.2471   1.2964  -0.3960  -0.2974  -0.7051  -0.7671  -0.8330  -0.7109 
 -0.0913  -0.8438  -0.1841   1.2686  -0.3652  -1.1274  -0.7295  -0.8701  -0.7603  -0.8608 
 -0.6592  -0.8872  -0.0889   1.2324  -0.3560  -1.5176  -0.5078  -0.8438  -0.7246  -0.7983 
 -1.1934  -0.8628  -0.0591   1.1045  -0.2900  -2.3179  -0.7124  -0.8350  -0.7803  -0.7231 
 -0.6274  -0.8301   0.0610   0.6372  -0.2051  -0.2646  -0.6841  -0.8589  -0.8511  -0.6445 
 -0.4287  -0.9219   0.2021  -0.4453  -0.1860   5.4043  -0.4570  -0.8159  -0.8403  -0.5200 
 -0.4072  -0.9160   0.3491  -0.9409  -0.0654   3.7100  -0.5264  -0.8091  -0.7344  -0.5352 
 -0.5864  -0.8330   0.5474  -1.9116   0.0405   0.6572  -0.7056  -0.7168  -0.7349  -0.5146 
 -1.1235  -0.8584   0.8374  -2.4482   0.1367  -1.7305  -0.7314  -0.5210  -0.8599  -0.5527 
 -1.0166  -0.8848   0.8638  -0.0884   0.2524  -2.3164  -0.7539  -0.5674  -0.7363  -0.6587 
 -0.5806  -0.9229   1.0259   4.9888   0.4854   0.9287  -0.8311  -0.8623  -0.6255  -0.7178 
 -0.5625  -0.9170   1.1323   2.4009   0.6860   2.0728  -0.8125  -0.7544  -0.7773  -0.7681 
 -0.8647  -0.8691   1.2739   1.4800   0.8218  -0.0347  -0.6924  -0.4727  -0.7793  -0.4873 
 -0.9048  -0.9116   1.2520  -1.5815   0.9580  -1.1328  -0.6167  -0.7671  -0.7451  -0.4126 
 -0.7080  -0.9780   1.2764  -1.6479   1.0146  -0.2041  -0.5181  -0.7212  -0.7783  -0.5493 
 -0.8247  -0.9849   1.2769   1.0933   1.2227   0.2397  -0.6108  -0.5874  -0.7046  -0.4570 
 -0.9033  -0.8853   1.0552   2.2456   1.2520   0.4033  -0.5796  -0.7310  -0.5137  -0.4517 
 -0.7583  -0.9448   0.7148  -0.1025   1.2432   0.0410  -0.5264  -0.4839  -0.6938  -0.4746 
 -0.7109  -1.0532  -0.2515  -0.9780   1.3496  -0.4648  -0.5601  -0.8394  -0.6699  -0.3608 
 -0.7207  -1.0571  -1.0420  -0.2222   1.2910  -0.3906  -0.5088  -0.4976  -0.5879  -0.4102 
 -0.6475  -1.0791  -2.0469  -0.1113   0.8843  -0.0317  -0.4473  -0.7637  -0.6538  -0.4346 
 -0.7378  -0.9653  -2.6274   0.2764   0.3628  -0.0815  -0.4927  -0.4824  -0.5952  -0.4014 
 -0.8052  -1.0366  -0.2803   0.1064  -0.5474  -0.1265  -0.4136  -0.6196  -0.6387  -0.3418 
 -0.7476  -1.0830   6.4648  -0.3032  -1.4570  -0.1445  -0.3174  -0.6606  -0.6665  -0.3325 
 -0.6353  -1.1421   0.2925  -0.3735  -2.4980  -0.0820  -0.3081  -0.5420  -0.6606  -0.2222 
 -0.7559  -1.1812   2.7622  -0.3662   0.2720   0.1372  -0.2554  -0.5073  -0.5532  -0.1880 
 -0.7573  -1.1587  -3.4902  -0.1299   2.1631   0.1602  -0.1812  -0.5132  -0.6309  -0.1289 
 -0.6982  -1.0767  -1.9092  -0.0874   4.2529   0.3027  -0.1079  -0.5107  -0.6299  -0.1016 
 -0.7021  -1.0410   2.8418  -0.1885   1.7612   0.2144   0.0127  -0.4331  -0.4707   0.0293 
 -0.7007  -1.0732   1.8638  -0.2588  -1.1431   0.0391   0.1362  -0.4023  -0.5210   0.2559 
 -0.7593  -1.0732  -0.6343  -0.1274  -2.3335   0.0518   0.2954  -0.3750  -0.5601   0.3179 
 -0.7539  -1.0586  -1.1558  -0.3931   0.1045   0.1812   0.4668  -0.3525  -0.3555   0.5000 
 -0.7676  -0.9702  -0.7983  -0.3799   1.5146   0.1465   0.7319  -0.2744  -0.3599   0.7935 
 -0.8105  -0.8174   0.2188  -0.2764   0.2642  -0.2192   0.9526  -0.2183  -0.4419   0.9082 
 -0.7744  -0.8438   0.8340  -0.4658  -0.0425  -0.4473   1.0288  -0.1997  -0.3584   1.0361 
 -0.7344  -0.8984   0.8770  -0.4707  -0.2710  -0.6440   1.1753  -0.1064  -0.2598   1.1157 
 -0.7813  -0.9482   0.7871  -0.4019  -0.4771  -0.9116   1.3662  -0.0444  -0.3022   1.2065 
 -0.7144  -0.7783   0.4014  -0.4160  -0.2495  -1.0396   1.3340  -0.0103  -0.2886   1.3525 
 -0.7354  -0.4409  -0.0757  -0.4639  -0.0762  -0.7773   1.4048   0.2095  -0.1528   1.4116 
 -0.7554  -0.4912  -0.2856  -0.4063   0.0415  -0.5747   1.2017   0.3691  -0.0942   1.4028 
 -0.7310  -0.4473  -0.2764  -0.3770  -0.1445  -1.2456   0.8286   0.4575  -0.0713   1.0835 
 -0.7207  -0.5864  -0.1035  -0.4717  -0.3540  -1.7051  -0.0308   0.6445  -0.0166   0.4614 
 -0.6943  -0.6650  -0.1880  -0.5874  -0.3623  -1.5171  -0.9844   0.9697   0.0562  -0.4336 
 -0.7915  -0.3540  -0.2744  -0.4019  -0.4043  -1.0981  -1.6060   1.1108   0.2290  -1.5137 
 -0.6870  -0.6948  -0.5361  -0.1597  -0.2144  -0.8071  -2.1523   1.2231   0.3970  -1.9673 
 -0.6245  -0.7456  -0.5044   0.0132  -0.3125  -0.5767  -0.9619   1.3140   0.5464  -2.3613 
 -0.5972  -0.4497  -0.6885   0.1626  -0.3154  -0.1650   4.1733   1.3516   0.8716  -0.2021 
 -0.6748  -0.5576  -0.6191   0.2803  -0.3608   0.2021   3.6035   1.4473   1.0732   3.6597 
 -0.6182  -0.5176  -0.3760   0.2070  -0.4355   0.0200   0.8037   1.2168   1.2432   1.1943 
 -0.5317  -0.3804  -0.5845   0.0542  -0.3501  -0.4434  -1.7959   1.0220   1.3325   1.6768 
 -0.5952  -0.4253  -0.8525  -0.2539  -0.3169  -0.7993  -2.0654   0.9253   1.1890  -3.3462 
 -0.5391  -0.6099  -0.8340  -0.5640  -0.5454  -0.7964   0.5786  -0.5869   1.2461   0.0435 
 -0.4951  -0.5552  -0.5278  -0.2217  -0.4116  -0.7275   2.6123  -1.3135   1.2407   3.0454 
 -0.5210  -0.5083  -0.5249  -0.0278  -0.4067  -0.7217   0.3643  -1.7808   1.2500   0.8989 
 -0.4790  -0.5171  -0.5073  -0.2461  -0.4224  -0.6846  -1.2363  -3.3677   0.7856  -0.9307 
 -0.3740  -0.4648   0.0693  -0.4785  -0.5649  -0.5908  -0.5313   1.0039  -0.4941  -0.5601 
 -0.3618  -0.4937   0.3550  -0.4683  -0.5127  -0.5493   0.3096   5.8281  -0.9526   0.2515 
 -0.3169  -0.5835   0.3657  -0.4385  -0.4063  -0.6001   0.4902   0.6475  -2.3828   0.6528 
 -0.2134  -0.5063  -0.0518  -0.6030  -0.4756  -0.5498   0.1943  -0.5703  -3.1514   0.2578 
 -0.1235  -0.5903  -0.2266  -0.8457  -0.4263  -0.4951  -0.1030  -3.4819   0.5498  -0.0986 
 -0.1040  -0.4473  -0.0781  -1.1924  -0.5083  -0.4707  -0.1338   0.2700   4.9487  -0.0537 
  0.0186  -0.5757  -0.1436  -1.1641  -0.3604  -0.4624  -0.0947   2.5527   1.1411  -0.2158 
  0.2217  -0.5908  -0.6382  -1.2407  -0.2988  -0.4141   0.0049   0.1465   0.3843   0.2446 
  0.4180  -0.4561  -0.8999  -1.3604  -0.3442  -0.3193  -0.0942  -0.5190  -2.8403   0.2231 
  0.5889  -0.5220  -0.8218  -1.4712  -0.1519  -0.3145  -0.0254  -0.0889   0.3169   0.3003 
  0.7310  -0.5352  -0.6538  -1.5356  -0.0493  -0.3408   0.0591   0.1587   1.2002   0.3540 
  0.9419  -0.6270  -0.4858  -1.4058  -0.2778  -0.3545   0.1172  -0.0273   0.3188   0.2363 
  1.0342  -0.4702  -0.2954  -1.1880  -0.4443  -0.3218   0.2002  -0.2651   0.2427  -0.0537 
  1.1475  -0.5977  -0.4150  -0.9819  -0.3447  -0.2417  -0.0415  -0.2100   0.0698  -0.0107 
  1.3213  -0.7422  -0.5078  -0.9082  -0.2070  -0.1807  -0.2217  -0.2031  -0.3726   0.0410 
  1.2148  -0.6694  -0.4746  -0.9722  -0.2295  -0.1743   0.0083  -0.3374  -0.0737   0.0469 
  1.2837  -0.6753  -0.3882  -0.8633  -0.2637  -0.1870   0.1401  -0.3076  -0.1816   0.1279 
  1.2144  -0.5825  -0.3169  -0.6870  -0.2158  -0.1704  -0.0083  -0.2905  -0.2134  -0.8633 
  1.0757  -0.5439  -0.3350  -0.7100  -0.2148  -0.2046  -0.3179  -0.3896  -0.1587  -1.5244 
  0.5322  -0.5698  -0.2769  -0.8110  -0.2837  -0.2651  -0.3525  -0.4653  -0.2451  -0.3413 
 -0.5791  -0.5669  -0.2056  -0.6846  -0.3706  -0.3545  -0.1362  -0.4907  -0.2212   0.4160 
 -1.6064  -0.4907  -0.1553  -0.6753  -0.4380  -0.4087  -0.0566  -0.6206  -0.3525  -0.4683 
 -3.3843  -0.5132  -0.0684  -0.7188  -0.3716  -0.3701  -1.0293  -0.5737  -0.4658  -0.8145 
  3.3857  -0.4956   0.0122  -0.7041  -0.1763  -0.3164  -1.6323  -0.5181  -0.4771  -0.5156 
  7.1543  -0.3379   0.0239  -0.5659  -0.1191  -0.2935  -0.8867  -0.5771  -0.5952  -0.5952 
 -2.6050  -0.3916   0.0103  -0.3994  -0.1987  -0.3359   0.1279  -0.5396  -0.4834  -0.8730 
  1.3530  -0.4043   0.0005  -0.2686  -0.1558  -0.4058   0.1948  -0.4849  -0.5215  -0.8208 
 -0.7744  -0.3047  -0.0474  -0.4414  -0.0464  -0.4414  -0.3516  -0.5757  -0.4614  -0.8931 
 -0.9785  -0.2266  -0.0903  -0.4878   0.0386  -0.4282  -0.7246  -0.5439  -0.4321  -0.9727 
  1.4683  -0.1685  -0.1270  -0.1187  -0.0161  -0.3901  -1.0293  -0.5249  -0.5132  -0.5234 
  0.7363  -0.0200  -0.1650  -0.0947  -0.0522  -0.3301  -1.1943  -0.5518  -0.5234  -0.3779 
 -0.2290   0.1602  -0.2188  -0.8311   0.0635  -0.3398  -0.5894  -0.5503  -0.5425  -0.6099 
  0.4209   0.3545  -0.2373  -0.7646  -0.0830  -0.3369  -0.2300  -0.3647  -0.4697  -0.6011 
  0.2451   0.6284  -0.2627  -0.5610  -0.5967  -0.3325  -0.5635  -0.3921  -0.5239  -0.4053 
 -0.0620   0.8467  -0.2808  -0.6128  -0.9458  -0.3760  -0.4712  -0.3789  -0.3125  -0.4126 
 -0.3511   0.9585  -0.3364  -0.4863  -0.9780  -0.3906  -0.3379  -0.3613  -0.2324  -0.5767 
 -0.2939   1.0635  -0.3579  -0.3569  -0.8652  -0.4453  -0.5479  -0.4092  -0.4209  -0.7075 
 -0.0684   1.1978  -0.3857  -0.4326  -0.8052  -0.5010  -0.7231  -0.3188  -0.4702  -0.6567 
 -0.0234   1.2632  -0.3877  -0.6885  -0.8232  -0.5146  -0.7500  -0.2632  -0.4551  -0.5449 
 -0.0508   1.2671  -0.3442  -0.7563  -1.1182  -0.4761  -0.6294  -0.2617  -0.5190  -0.4058 
 -0.1533   1.4395  -0.3110  -0.5649  -1.2539  -0.4648  -0.5093  -0.3218  -0.5049  -0.2891 
 -0.0513   1.1411  -0.3433  -0.2998  -1.1211  -0.4414  -0.4702  -0.1641  -0.5771  -0.2266 
 -0.0747   0.8594  -0.3989  -0.5215  -1.0723  -0.3965  -0.4644  -0.0620  -0.5195  -0.1250 
 -0.1733  -0.2710  -0.4087  -0.5542  -1.2749   0.0000  -0.3740  -0.2520  -0.5098  -0.0195 
 -0.1509  -0.8667  -0.3867  -0.5649  -1.4434   0.0000  -0.3105  -0.2095  -0.5586  -0.0020 
 -0.2896  -2.1035  -0.3701  -0.5093  -1.4253   0.0000  -0.2979  -0.0298  -0.5435   0.0088 
 -0.3848  -2.5757  -0.3408  -0.5430  -3.1665   0.0000  -0.3301  -0.0015  -0.5166  -0.0088 
 -0.1372   0.9478  -0.3701  -0.4619   0.6123   0.0000  -0.3579  -0.3062  -0.5005  -0.0488 
 -0.1826   4.5200  -0.4121   0.0000   1.3750   0.0000  -0.3252  -0.2222  -0.5884  -0.0562 
 -0.3057   3.9497  -0.4233   0.0000  -1.2559   0.0000  -0.2852  -0.0391  -0.5615  -0.1167 
 -0.3271   0.9648  -0.4077   0.0000  -0.8027   0.0000  -0.2070   0.0908  -0.4219  -0.1372 
 -0.3608  -1.3521  -0.3647   0.0000  -0.4868   0.0000  -0.2319  -0.2178  -0.4224  -0.1484 
 -0.3315  -1.2710  -0.3486   0.0000  -0.9053   0.0000  -0.2397  -0.1987  -0.4805  -0.1846 
 -0.2573   0.9238  -0.3525   0.0000  -1.2051   0.0000  -0.2319  -0.0532  -0.4751  -0.1831 
 -0.3184   0.7534  -0.3330   0.0000  -1.3687   0.0000  -0.1807  -0.1431  -0.4429  -0.2065 
 -0.3213   0.3931  -0.3418   0.0000  -1.1392   0.0000  -0.1255  -0.1426  -0.4907  -0.2466 
 -0.4175   0.0508  -0.3467   0.0000  -1.1743   0.0000  -0.1191  -0.0908  -0.5337  -0.2939 
 -0.2803  -0.3823  -0.3296   0.0000  -0.8428   0.0000  -0.1528   0.1284  -0.5635  -0.2744 
 -0.3340  -0.3774  -0.3252   0.0000  -0.9189   0.0000  -0.2085  -0.2773  -0.5693  -0.2490 
 -0.3330  -0.2095  -0.3281   0.0000  -0.8340   0.0000  -0.2271  -0.5166  -0.5078  -0.2427 
 -0.2358  -0.0630  -0.3633   0.0000  -0.8418   0.0000  -0.1758  -0.4146  -0.5381  -0.2954 
 -0.1274  -0.1211  -0.3652   0.0000  -0.8701   0.0000  -0.2227  -0.2241  -0.5181  -0.3335 
 -0.3037  -0.2305  -0.3779   0.0000  -0.9478   0.0000  -0.2861  -0.3320  -0.4604  -0.3027 
 -0.3608  -0.2104   0.0000   0.0000  -0.6943   0.0000  -0.2964  -0.6484  -0.4214  -0.2661 
 -0.4014  -0.1992   0.0000   0.0000  -0.8887   0.0000  -0.2847  -0.3882  -0.4331  -0.3931 
 -0.5137  -0.0449   0.0000   0.0000  -0.8535   0.0000  -0.3291  -0.1528  -0.4502  -0.5122 
 -0.5806   0.0015   0.0000   0.0000  -0.8530   0.0000  -0.3589  -0.3813  -0.3994  -0.5142 
 -0.6621  -0.1758   0.0000   0.0000  -0.9146   0.0000  -0.3901  -0.4492  -0.3652  -0.5669 
 -0.6948  -0.3823   0.0000   0.0000   0.0000   0.0000  -0.3511  -0.3169  -0.3105  -0.6733 
 -0.6274  -0.2588   0.0000   0.0000   0.0000   0.0000  -0.3213  -0.5400  -0.2466  -0.7881 
 -0.5068  -0.2271   0.0000   0.0000   0.0000   0.0000  -0.3101  -0.5337  -0.2075  -0.8335 
 -0.3486  -0.3652   0.0000   0.0000   0.0000   0.0000  -0.3291  -0.3013  -0.1938  -0.7881 
 -0.3076  -0.5132   0.0000   0.0000   0.0000   0.0000  -0.3384   0.1787  -0.1753  -0.7480 
 -0.0679  -0.4023   0.0000   0.0000   0.0000   0.0000  -0.3423   0.2148  -0.1533  -0.7173 
 -0.5396  -0.3716   0.0000   0.0000   0.0000   0.0000  -0.3145  -0.2427  -0.2046  -0.7197 
 -0.6616  -0.4399   0.0000   0.0000   0.0000   0.0000  -0.3428  -0.5649  -0.1787  -0.7344 
 -0.7241  -0.5649   0.0000   0.0000   0.0000   0.0000  -0.4141  -0.6279  -0.2603  -0.7339 
 -0.5728  -0.6094   0.0000   0.0000   0.0000   0.0000  -0.4634  -0.4771  -0.2319  -0.7197 
 -0.4707  -0.4507   0.0000   0.0000   0.0000   0.0000  -0.3501  -0.3062  -0.2026  -0.7085 
 -0.5601  -0.5015   0.0000   0.0000   0.0000   0.0000  -0.3423  -0.2754  -0.1807  -0.6963 
 -0.6890  -0.6260   0.0000   0.0000   0.0000   0.0000  -0.3384  -0.3232  -0.1318  -0.7207 
 -0.5293  -0.5347   0.0000   0.0000   0.0000   0.0000  -0.2563  -0.3682  -0.1230  -0.7363 
 -0.3657  -0.2817   0.0000   0.0000   0.0000   0.0000  -0.2129  -0.3457  -0.0928  -0.7549 
 -0.6177  -0.3799   0.0000   0.0000   0.0000   0.0000  -0.1328  -0.2471  -0.0552  -0.7290 
 -0.6807  -0.5898   0.0000   0.0000   0.0000   0.0000  -0.0386  -0.2026   0.0269  -0.7192 
 -0.3154  -0.7144   0.0000   0.0000   0.0000   0.0000  -0.0361  -0.2397   0.0723  -0.7158 
 -0.1313  -0.3462   0.0000   0.0000   0.0000   0.0000  -0.0488  -0.2461   0.1118  -0.7158 
 -0.3242  -0.4009   0.0000   0.0000   0.0000   0.0000  -0.1284  -0.2363   0.1294  -0.7100 
 -0.5596  -0.6235   0.0000   0.0000   0.0000   0.0000  -0.2476  -0.1826   0.0049  -0.6968 
 -0.8110  -0.7627   0.0000   0.0000   0.0000   0.0000  -0.3428  -0.1255   0.0313  -0.6836 
 -0.8389  -0.8457   0.0000   0.0000   0.0000   0.0000  -0.4355  -0.0396   0.1807  -0.6602 
 -0.7383  -0.6040   0.0000   0.0000   0.0000   0.0000  -0.4648   0.0210   0.0615  -0.6504 
 -1.5952  -0.2666   0.0000   0.0000   0.0000   0.0000  -0.4712   0.0054  -0.0332  -0.6255 
 -1.1685  -0.2495   0.0000   0.0000   0.0000   0.0000  -0.4868  -0.1001  -0.0693  -0.6123 
 -0.3652  -0.4629   0.0000   0.0000   0.0000   0.0000  -0.4790   0.0000   0.0317  -0.5669 
 -0.2764  -0.6523   0.0000   0.0000   0.0000   0.0000  -0.4805   0.0000  -0.1592  -0.5591 
 -0.4385  -0.7588   0.0000   0.0000   0.0000   0.0000  -0.4399   0.0000  -0.5640  -0.6191 
 -0.6211  -0.7319   0.0000   0.0000   0.0000   0.0000  -0.3638   0.0000  -0.6128  -0.6465 
 -0.6465  -0.6284   0.0000   0.0000   0.0000   0.0000  -0.2993   0.0000  -0.5371  -0.6372 
 -0.5117  -0.6182   0.0000   0.0000   0.0000   0.0000   0.0000   0.0000  -0.6011  -0.6245 
 -0.3931  -0.5933   0.0000   0.0000   0.0000   0.0000   0.0000   0.0000  -0.8037  -0.6064 
 -0.4385  -0.6392   0.0000   0.0000   0.0000   0.0000   0.0000   0.0000  -0.8687  -0.6284 
 -0.7456  -0.5713   0.0000   0.0000   0.0000   0.0000   0.0000   0.0000  -0.8677   0.0000 
 -0.3945  -0.4824   0.0000   0.0000   0.0000   0.0000   0.0000   0.0000  -1.0322   0.0000 
 -0.1318  -0.4785   0.0000   0.0000   0.0000   0.0000   0.0000   0.0000  -1.1914   0.0000 
 -0.2690  -0.4346   0.0000   0.0000   0.0000   0.0000   0.0000   0.0000  -0.9595   0.0000 
 -0.2437  -0.3247   0.0000   0.0000   0.0000   0.0000   0.0000   0.0000  -0.5928   0.0000 
 -0.3535  -0.4482   0.0000   0.0000   0.0000   0.0000   0.0000   0.0000  -0.3828   0.0000 
 -0.5903  -0.3413   0.0000   0.0000   0.0000   0.0000   0.0000   0.0000  -0.1836   0.0000 
 -0.6831  -0.3740   0.0000   0.0000   0.0000   0.0000   0.0000   0.0000  -0.5854   0.0000 
 -0.7930  -0.3472   0.0000   0.0000   0.0000   0.0000   0.0000   0.0000  -0.8018   0.0000 
 -1.0098  -0.2412   0.0000   0.0000   0.0000   0.0000   0.0000   0.0000  -0.2134   0.0000 
 -0.9609  -0.0811   0.0000   0.0000   0.0000   0.0000   0.0000   0.0000   0.4761   0.0000 
 -0.8779   0.1299   0.0000   0.0000   0.0000   0.0000   0.0000   0.0000  -0.5288   0.0000 
 -0.9614   0.3423   0.0000   0.0000   0.0000   0.0000   0.0000   0.0000  -2.4800   0.0000 
 -0.8442   0.1528   0.0000   0.0000   0.0000   0.0000   0.0000   0.0000  -1.5786   0.0000 
  0.0000  -0.0742   0.0000   0.0000   0.0000   0.0000   0.0000   0.0000  -0.0142   0.0000 
  0.0000  -0.3896   0.0000   0.0000   0.0000   0.0000   0.0000   0.0000   0.5156   0.0000 
  0.0000  -0.3970   0.0000   0.0000   0.0000   0.0000   0.0000   0.0000   0.0078   0.0000 
  0.0000  -0.4351   0.0000   0.0000   0.0000   0.0000   0.0000   0.0000  -0.2656   0.0000 
  0.0000  -0.5884   0.0000   0.0000   0.0000   0.0000   0.0000   0.0000  -0.2446   0.0000 
  0.0000  -0.7178   0.0000   0.0000   0.0000   0.0000   0.0000   0.0000  -0.3394   0.0000 
  0.0000  -0.6362   0.0000   0.0000   0.0000   0.0000   0.0000   0.0000  -0.3467   0.0000 
  0.0000  -0.5356   0.0000   0.0000   0.0000   0.0000   0.0000   0.0000  -0.4028   0.0000 
  0.0000  -0.6851   0.0000   0.0000   0.0000   0.0000   0.0000   0.0000  -0.4883   0.0000 
  0.0000  -0.8726   0.0000   0.0000   0.0000   0.0000   0.0000   0.0000  -0.5254   0.0000 
  0.0000  -0.8633   0.0000   0.0000   0.0000   0.0000   0.0000   0.0000  -0.5469   0.0000 
  0.0000  -0.8979   0.0000   0.0000   0.0000   0.0000   0.0000   0.0000  -0.5063   0.0000 
  0.0000  -0.9438   0.0000   0.0000   0.0000   0.0000   0.0000   0.0000  -0.4512   0.0000 
  0.0000  -0.9419   0.0000   0.0000   0.0000   0.0000   0.0000   0.0000  -0.4170   0.0000 
  0.0000  -0.9014   0.0000   0.0000   0.0000   0.0000   0.0000   0.0000  -0.3989   0.0000 
  0.0000  -0.6489   0.0000   0.0000   0.0000   0.0000   0.0000   0.0000  -0.3604   0.0000 
  0.0000  -0.4058   0.0000   0.0000   0.0000   0.0000   0.0000   0.0000  -0.3687   0.0000 
  0.0000  -0.0317   0.0000   0.0000   0.0000   0.0000   0.0000   0.0000  -0.4214   0.0000 
  0.0000   0.3354   0.0000   0.0000   0.0000   0.0000   0.0000   0.0000  -0.4385   0.0000 
  0.0000   0.1982   0.0000   0.0000   0.0000   0.0000   0.0000   0.0000  -0.4492   0.0000 
  0.0000  -0.0117   0.0000   0.0000   0.0000   0.0000   0.0000   0.0000  -0.4756   0.0000 
  0.0000  -0.2148   0.0000   0.0000   0.0000   0.0000   0.0000   0.0000  -0.4980   0.0000 
  0.0000  -0.2861   0.0000   0.0000   0.0000   0.0000   0.0000   0.0000  -0.5054   0.0000 
  0.0000  -0.3125   0.0000   0.0000   0.0000   0.0000   0.0000   0.0000  -0.5342   0.0000 
  0.0000  -0.1992   0.0000   0.0000   0.0000   0.0000   0.0000   0.0000  -0.5464   0.0000 
  0.0000  -0.3237   0.0000   0.0000   0.0000   0.0000   0.0000   0.0000  -0.5405   0.0000 
  0.0000  -0.4277   0.0000   0.0000   0.0000   0.0000   0.0000   0.0000  -0.5273   0.0000 
  0.0000  -0.3877   0.0000   0.0000   0.0000   0.0000   0.0000   0.0000  -0.4639   0.0000 
  0.0000  -0.4878   0.0000   0.0000   0.0000   0.0000   0.0000   0.0000  -0.3589   0.0000 
  0.0000  -0.5508   0.0000   0.0000   0.0000   0.0000   0.0000   0.0000  -0.3242   0.0000 
  0.0000  -0.4844   0.0000   0.0000   0.0000   0.0000   0.0000   0.0000  -0.2866   0.0000 
  0.0000   0.0000   0.0000   0.0000   0.0000   0.0000   0.0000   0.0000  -0.2319   0.0000 
  0.0000   0.0000   0.0000   0.0000   0.0000   0.0000   0.0000   0.0000  -0.2266   0.0000 
  0.0000   0.0000   0.0000   0.0000   0.0000   0.0000   0.0000   0.0000  -0.2686   0.0000 
  0.0000   0.0000   0.0000   0.0000   0.0000   0.0000   0.0000   0.0000  -0.2510   0.0000 
  0.0000   0.0000   0.0000   0.0000   0.0000   0.0000   0.0000   0.0000  -0.2627   0.0000 
  0.0000   0.0000   0.0000   0.0000   0.0000   0.0000   0.0000   0.0000  -0.3130   0.0000 
  0.0000   0.0000   0.0000   0.0000   0.0000   0.0000   0.0000   0.0000  -0.3516   0.0000 
  0.0000   0.0000   0.0000   0.0000   0.0000   0.0000   0.0000   0.0000  -0.3364   0.0000 
  0.0000   0.0000   0.0000   0.0000   0.0000   0.0000   0.0000   0.0000   0.0000   0.0000 
  0.0000   0.0000   0.0000   0.0000   0.0000   0.0000   0.0000   0.0000   0.0000   0.0000 
  0.0000   0.0000   0.0000   0.0000   0.0000   0.0000   0.0000   0.0000   0.0000   0.0000 
  0.0000   0.0000   0.0000   0.0000   0.0000   0.0000   0.0000   0.0000   0.0000   0.0000 
  0.0000   0.0000   0.0000   0.0000   0.0000   0.0000   0.0000   0.0000   0.0000   0.0000 
  0.0000   0.0000   0.0000   0.0000   0.0000   0.0000   0.0000   0.0000   0.0000   0.0000 
  0.0000   0.0000   0.0000   0.0000   0.0000   0.0000   0.0000   0.0000   0.0000   0.0000 
  0.0000   0.0000   0.0000   0.0000   0.0000   0.0000   0.0000   0.0000   0.0000   0.0000 
  0.0000   0.0000   0.0000   0.0000   0.0000   0.0000   0.0000   0.0000   0.0000   0.0000 
  0.0000   0.0000   0.0000   0.0000   0.0000   0.0000   0.0000   0.0000   0.0000   0.0000 
  0.0000   0.0000   0.0000   0.0000   0.0000   0.0000   0.0000   0.0000   0.0000   0.0000 
  0.0000   0.0000   0.0000   0.0000   0.0000   0.0000   0.0000   0.0000   0.0000   0.0000 
  0.0000   0.0000   0.0000   0.0000   0.0000   0.0000   0.0000   0.0000   0.0000   0.0000 
  0.0000   0.0000   0.0000   0.0000   0.0000   0.0000   0.0000   0.0000   0.0000   0.0000 
  0.0000   0.0000   0.0000   0.0000   0.0000   0.0000   0.0000   0.0000   0.0000   0.0000 
  0.0000   0.0000   0.0000   0.0000   0.0000   0.0000   0.0000   0.0000   0.0000   0.0000 
  0.0000   0.0000   0.0000   0.0000   0.0000   0.0000   0.0000   0.0000   0.0000   0.0000 
  0.0000   0.0000   0.0000   0.0000   0.0000   0.0000   0.0000   0.0000   0.0000   0.0000 
  0.0000   0.0000   0.0000   0.0000   0.0000   0.0000   0.0000   0.0000   0.0000   0.0000 
  0.0000   0.0000   0.0000   0.0000   0.0000   0.0000   0.0000   0.0000   0.0000   0.0000 
  0.0000   0.0000   0.0000   0.0000   0.0000   0.0000   0.0000   0.0000   0.0000   0.0000 
  0.0000   0.0000   0.0000   0.0000   0.0000   0.0000   0.0000   0.0000   0.0000   0.0000 
  0.0000   0.0000   0.0000   0.0000   0.0000   0.0000   0.0000   0.0000   0.0000   0.0000 
  0.0000   0.0000   0.0000   0.0000   0.0000   0.0000   0.0000   0.0000   0.0000   0.0000 
  0.0000   0.0000   0.0000   0.0000   0.0000   0.0000   0.0000   0.0000   0.0000   0.0000 
  0.0000   0.0000   0.0000   0.0000   0.0000   0.0000   0.0000   0.0000   0.0000   0.0000 
  0.0000   0.0000   0.0000   0.0000   0.0000   0.0000   0.0000   0.0000   0.0000   0.0000 
  0.0000   0.0000   0.0000   0.0000   0.0000   0.0000   0.0000   0.0000   0.0000   0.0000 
  0.0000   0.0000   0.0000   0.0000   0.0000   0.0000   0.0000   0.0000   0.0000   0.0000 
  0.0000   0.0000   0.0000   0.0000   0.0000   0.0000   0.0000   0.0000   0.0000   0.0000 
  0.0000   0.0000   0.0000   0.0000   0.0000   0.0000   0.0000   0.0000   0.0000   0.0000 
  0.0000   0.0000   0.0000   0.0000   0.0000   0.0000   0.0000   0.0000   0.0000   0.0000 
  0.0000   0.0000   0.0000   0.0000   0.0000   0.0000   0.0000   0.0000   0.0000   0.0000 
  0.0000   0.0000   0.0000   0.0000   0.0000   0.0000   0.0000   0.0000   0.0000   0.0000 
  0.0000   0.0000   0.0000   0.0000   0.0000   0.0000   0.0000   0.0000   0.0000   0.0000 
  0.0000   0.0000   0.0000   0.0000   0.0000   0.0000   0.0000   0.0000   0.0000   0.0000 
  0.0000   0.0000   0.0000   0.0000   0.0000   0.0000   0.0000   0.0000   0.0000   0.0000 
  0.0000   0.0000   0.0000   0.0000   0.0000   0.0000   0.0000   0.0000   0.0000   0.0000 
  0.0000   0.0000   0.0000   0.0000   0.0000   0.0000   0.0000   0.0000   0.0000   0.0000 
  0.0000   0.0000   0.0000   0.0000   0.0000   0.0000   0.0000   0.0000   0.0000   0.0000 
  0.0000   0.0000   0.0000   0.0000   0.0000   0.0000   0.0000   0.0000   0.0000   0.0000 
  0.0000   0.0000   0.0000   0.0000   0.0000   0.0000   0.0000   0.0000   0.0000   0.0000 
  0.0000   0.0000   0.0000   0.0000   0.0000   0.0000   0.0000   0.0000   0.0000   0.0000 
  0.0000   0.0000   0.0000   0.0000   0.0000   0.0000   0.0000   0.0000   0.0000   0.0000 
  0.0000   0.0000   0.0000   0.0000   0.0000   0.0000   0.0000   0.0000   0.0000   0.0000 
  0.0000   0.0000   0.0000   0.0000   0.0000   0.0000   0.0000   0.0000   0.0000   0.0000 
  0.0000   0.0000   0.0000   0.0000   0.0000   0.0000   0.0000   0.0000   0.0000   0.0000 
  0.0000   0.0000   0.0000   0.0000   0.0000   0.0000   0.0000   0.0000   0.0000   0.0000 
  0.0000   0.0000   0.0000   0.0000   0.0000   0.0000   0.0000   0.0000   0.0000   0.0000 
  0.0000   0.0000   0.0000   0.0000   0.0000   0.0000   0.0000   0.0000   0.0000   0.0000 
  0.0000   0.0000   0.0000   0.0000   0.0000   0.0000   0.0000   0.0000   0.0000   0.0000 
  0.0000   0.0000   0.0000   0.0000   0.0000   0.0000   0.0000   0.0000   0.0000   0.0000 
  0.0000   0.0000   0.0000   0.0000   0.0000   0.0000   0.0000   0.0000   0.0000   0.0000 
  0.0000   0.0000   0.0000   0.0000   0.0000   0.0000   0.0000   0.0000   0.0000   0.0000 
  0.0000   0.0000   0.0000   0.0000   0.0000   0.0000   0.0000   0.0000   0.0000   0.0000 
  0.0000   0.0000   0.0000   0.0000   0.0000   0.0000   0.0000   0.0000   0.0000   0.0000 
  0.0000   0.0000   0.0000   0.0000   0.0000   0.0000   0.0000   0.0000   0.0000   0.0000 
  0.0000   0.0000   0.0000   0.0000   0.0000   0.0000   0.0000   0.0000   0.0000   0.0000 
  0.0000   0.0000   0.0000   0.0000   0.0000   0.0000   0.0000   0.0000   0.0000   0.0000 
  0.0000   0.0000   0.0000   0.0000   0.0000   0.0000   0.0000   0.0000   0.0000   0.0000 
  0.0000   0.0000   0.0000   0.0000   0.0000   0.0000   0.0000   0.0000   0.0000   0.0000 
  0.0000   0.0000   0.0000   0.0000   0.0000   0.0000   0.0000   0.0000   0.0000   0.0000 
  0.0000   0.0000   0.0000   0.0000   0.0000   0.0000   0.0000   0.0000   0.0000   0.0000 
  0.0000   0.0000   0.0000   0.0000   0.0000   0.0000   0.0000   0.0000   0.0000   0.0000 
  0.0000   0.0000   0.0000   0.0000   0.0000   0.0000   0.0000   0.0000   0.0000   0.0000 
  0.0000   0.0000   0.0000   0.0000   0.0000   0.0000   0.0000   0.0000   0.0000   0.0000 
  0.0000   0.0000   0.0000   0.0000   0.0000   0.0000   0.0000   0.0000   0.0000   0.0000 
  0.0000   0.0000   0.0000   0.0000   0.0000   0.0000   0.0000   0.0000   0.0000   0.0000 
  0.0000   0.0000   0.0000   0.0000   0.0000   0.0000   0.0000   0.0000   0.0000   0.0000 
  0.0000   0.0000   0.0000   0.0000   0.0000   0.0000   0.0000   0.0000   0.0000   0.0000 
  0.0000   0.0000   0.0000   0.0000   0.0000   0.0000   0.0000   0.0000   0.0000   0.0000 
  0.0000   0.0000   0.0000   0.0000   0.0000   0.0000   0.0000   0.0000   0.0000   0.0000 
  0.0000   0.0000   0.0000   0.0000   0.0000   0.0000   0.0000   0.0000   0.0000   0.0000 
  0.0000   0.0000   0.0000   0.0000   0.0000   0.0000   0.0000   0.0000   0.0000   0.0000 
  0.0000   0.0000   0.0000   0.0000   0.0000   0.0000   0.0000   0.0000   0.0000   0.0000 
  0.0000   0.0000   0.0000   0.0000   0.0000   0.0000   0.0000   0.0000   0.0000   0.0000 
  0.0000   0.0000   0.0000   0.0000   0.0000   0.0000   0.0000   0.0000   0.0000   0.0000 
  0.0000   0.0000   0.0000   0.0000   0.0000   0.0000   0.0000   0.0000   0.0000   0.0000 
  0.0000   0.0000   0.0000   0.0000   0.0000   0.0000   0.0000   0.0000   0.0000   0.0000 
  0.0000   0.0000   0.0000   0.0000   0.0000   0.0000   0.0000   0.0000   0.0000   0.0000 
  0.0000   0.0000   0.0000   0.0000   0.0000   0.0000   0.0000   0.0000   0.0000   0.0000 
  0.0000   0.0000   0.0000   0.0000   0.0000   0.0000   0.0000   0.0000   0.0000   0.0000 
  0.0000   0.0000   0.0000   0.0000   0.0000   0.0000   0.0000   0.0000   0.0000   0.0000 
  0.0000   0.0000   0.0000   0.0000   0.0000   0.0000   0.0000   0.0000   0.0000   0.0000 
  0.0000   0.0000   0.0000   0.0000   0.0000   0.0000   0.0000   0.0000   0.0000   0.0000 
  0.0000   0.0000   0.0000   0.0000   0.0000   0.0000   0.0000   0.0000   0.0000   0.0000 
  0.0000   0.0000   0.0000   0.0000   0.0000   0.0000   0.0000   0.0000   0.0000   0.0000 
  0.0000   0.0000   0.0000   0.0000   0.0000   0.0000   0.0000   0.0000   0.0000   0.0000 
  0.0000   0.0000   0.0000   0.0000   0.0000   0.0000   0.0000   0.0000   0.0000   0.0000 
  0.0000   0.0000   0.0000   0.0000   0.0000   0.0000   0.0000   0.0000   0.0000   0.0000 
  0.0000   0.0000   0.0000   0.0000   0.0000   0.0000   0.0000   0.0000   0.0000   0.0000 
  0.0000   0.0000   0.0000   0.0000   0.0000   0.0000   0.0000   0.0000   0.0000   0.0000 
  0.0000   0.0000   0.0000   0.0000   0.0000   0.0000   0.0000   0.0000   0.0000   0.0000 
  0.0000   0.0000   0.0000   0.0000   0.0000   0.0000   0.0000   0.0000   0.0000   0.0000 
  0.0000   0.0000   0.0000   0.0000   0.0000   0.0000   0.0000   0.0000   0.0000   0.0000 
  0.0000   0.0000   0.0000   0.0000   0.0000   0.0000   0.0000   0.0000   0.0000   0.0000 
  0.0000   0.0000   0.0000   0.0000   0.0000   0.0000   0.0000   0.0000   0.0000   0.0000 
  0.0000   0.0000   0.0000   0.0000   0.0000   0.0000   0.0000   0.0000   0.0000   0.0000 
  0.0000   0.0000   0.0000   0.0000   0.0000   0.0000   0.0000   0.0000   0.0000   0.0000 
  0.0000   0.0000   0.0000   0.0000   0.0000   0.0000   0.0000   0.0000   0.0000   0.0000 
  0.0000   0.0000   0.0000   0.0000   0.0000   0.0000   0.0000   0.0000   0.0000   0.0000 
  0.0000   0.0000   0.0000   0.0000   0.0000   0.0000   0.0000   0.0000   0.0000   0.0000 
  0.0000   0.0000   0.0000   0.0000   0.0000   0.0000   0.0000   0.0000   0.0000   0.0000 
  0.0000   0.0000   0.0000   0.0000   0.0000   0.0000   0.0000   0.0000   0.0000   0.0000 
  0.0000   0.0000   0.0000   0.0000   0.0000   0.0000   0.0000   0.0000   0.0000   0.0000 
  0.0000   0.0000   0.0000   0.0000   0.0000   0.0000   0.0000   0.0000   0.0000   0.0000 
  0.0000   0.0000   0.0000   0.0000   0.0000   0.0000   0.0000   0.0000   0.0000   0.0000 
  0.0000   0.0000   0.0000   0.0000   0.0000   0.0000   0.0000   0.0000   0.0000   0.0000 
  0.0000   0.0000   0.0000   0.0000   0.0000   0.0000   0.0000   0.0000   0.0000   0.0000 
  0.0000   0.0000   0.0000   0.0000   0.0000   0.0000   0.0000   0.0000   0.0000   0.0000 
  0.0000   0.0000   0.0000   0.0000   0.0000   0.0000   0.0000   0.0000   0.0000   0.0000 
  0.0000   0.0000   0.0000   0.0000   0.0000   0.0000   0.0000   0.0000   0.0000   0.0000 
  0.0000   0.0000   0.0000   0.0000   0.0000   0.0000   0.0000   0.0000   0.0000   0.0000 
  0.0000   0.0000   0.0000   0.0000   0.0000   0.0000   0.0000   0.0000   0.0000   0.0000 
  0.0000   0.0000   0.0000   0.0000   0.0000   0.0000   0.0000   0.0000   0.0000   0.0000 
  0.0000   0.0000   0.0000   0.0000   0.0000   0.0000   0.0000   0.0000   0.0000   0.0000 
  0.0000   0.0000   0.0000   0.0000   0.0000   0.0000   0.0000   0.0000   0.0000   0.0000 
  0.0000   0.0000   0.0000   0.0000   0.0000   0.0000   0.0000   0.0000   0.0000   0.0000 
  0.0000   0.0000   0.0000   0.0000   0.0000   0.0000   0.0000   0.0000   0.0000   0.0000 
  0.0000   0.0000   0.0000   0.0000   0.0000   0.0000   0.0000   0.0000   0.0000   0.0000 
  0.0000   0.0000   0.0000   0.0000   0.0000   0.0000   0.0000   0.0000   0.0000   0.0000 
  0.0000   0.0000   0.0000   0.0000   0.0000   0.0000   0.0000   0.0000   0.0000   0.0000 
  0.0000   0.0000   0.0000   0.0000   0.0000   0.0000   0.0000   0.0000   0.0000   0.0000 
  0.0000   0.0000   0.0000   0.0000   0.0000   0.0000   0.0000   0.0000   0.0000   0.0000 
  0.0000   0.0000   0.0000   0.0000   0.0000   0.0000   0.0000   0.0000   0.0000   0.0000 
  0.0000   0.0000   0.0000   0.0000   0.0000   0.0000   0.0000   0.0000   0.0000   0.0000 
  0.0000   0.0000   0.0000   0.0000   0.0000   0.0000   0.0000   0.0000   0.0000   0.0000 
  0.0000   0.0000   0.0000   0.0000   0.0000   0.0000   0.0000   0.0000   0.0000   0.0000 
  0.0000   0.0000   0.0000   0.0000   0.0000   0.0000   0.0000   0.0000   0.0000   0.0000 
  0.0000   0.0000   0.0000   0.0000   0.0000   0.0000   0.0000   0.0000   0.0000   0.0000 
  0.0000   0.0000   0.0000   0.0000   0.0000   0.0000   0.0000   0.0000   0.0000   0.0000 
  0.0000   0.0000   0.0000   0.0000   0.0000   0.0000   0.0000   0.0000   0.0000   0.0000 
  0.0000   0.0000   0.0000   0.0000   0.0000   0.0000   0.0000   0.0000   0.0000   0.0000 
  0.0000   0.0000   0.0000   0.0000   0.0000   0.0000   0.0000   0.0000   0.0000   0.0000 
  0.0000   0.0000   0.0000   0.0000   0.0000   0.0000   0.0000   0.0000   0.0000   0.0000 
  0.0000   0.0000   0.0000   0.0000   0.0000   0.0000   0.0000   0.0000   0.0000   0.0000 
  0.0000   0.0000   0.0000   0.0000   0.0000   0.0000   0.0000   0.0000   0.0000   0.0000 
  0.0000   0.0000   0.0000   0.0000   0.0000   0.0000   0.0000   0.0000   0.0000   0.0000 
  0.0000   0.0000   0.0000   0.0000   0.0000   0.0000   0.0000   0.0000   0.0000   0.0000 
  0.0000   0.0000   0.0000   0.0000   0.0000   0.0000   0.0000   0.0000   0.0000   0.0000 
  0.0000   0.0000   0.0000   0.0000   0.0000   0.0000   0.0000   0.0000   0.0000   0.0000 
  0.0000   0.0000   0.0000   0.0000   0.0000   0.0000   0.0000   0.0000   0.0000   0.0000 
  0.0000   0.0000   0.0000   0.0000   0.0000   0.0000   0.0000   0.0000   0.0000   0.0000 
  0.0000   0.0000   0.0000   0.0000   0.0000   0.0000   0.0000   0.0000   0.0000   0.0000 
  0.0000   0.0000   0.0000   0.0000   0.0000   0.0000   0.0000   0.0000   0.0000   0.0000 
  0.0000   0.0000   0.0000   0.0000   0.0000   0.0000   0.0000   0.0000   0.0000   0.0000 
  0.0000   0.0000   0.0000   0.0000   0.0000   0.0000   0.0000   0.0000   0.0000   0.0000 
  0.0000   0.0000   0.0000   0.0000   0.0000   0.0000   0.0000   0.0000   0.0000   0.0000 
  0.0000   0.0000   0.0000   0.0000   0.0000   0.0000   0.0000   0.0000   0.0000   0.0000 
  0.0000   0.0000   0.0000   0.0000   0.0000   0.0000   0.0000   0.0000   0.0000   0.0000 
  0.0000   0.0000   0.0000   0.0000   0.0000   0.0000   0.0000   0.0000   0.0000   0.0000 
  0.0000   0.0000   0.0000   0.0000   0.0000   0.0000   0.0000   0.0000   0.0000   0.0000 
  0.0000   0.0000   0.0000   0.0000   0.0000   0.0000   0.0000   0.0000   0.0000   0.0000 
  0.0000   0.0000   0.0000   0.0000   0.0000   0.0000   0.0000   0.0000   0.0000   0.0000 
  0.0000   0.0000   0.0000   0.0000   0.0000   0.0000   0.0000   0.0000   0.0000   0.0000 
  0.0000   0.0000   0.0000   0.0000   0.0000   0.0000   0.0000   0.0000   0.0000   0.0000 
  0.0000   0.0000   0.0000   0.0000   0.0000   0.0000   0.0000   0.0000   0.0000   0.0000 
  0.0000   0.0000   0.0000   0.0000   0.0000   0.0000   0.0000   0.0000   0.0000   0.0000 
  0.0000   0.0000   0.0000   0.0000   0.0000   0.0000   0.0000   0.0000   0.0000   0.0000 
  0.0000   0.0000   0.0000   0.0000   0.0000   0.0000   0.0000   0.0000   0.0000   0.0000 
  0.0000   0.0000   0.0000   0.0000   0.0000   0.0000   0.0000   0.0000   0.0000   0.0000 
  0.0000   0.0000   0.0000   0.0000   0.0000   0.0000   0.0000   0.0000   0.0000   0.0000 
  0.0000   0.0000   0.0000   0.0000   0.0000   0.0000   0.0000   0.0000   0.0000   0.0000 
  0.0000   0.0000   0.0000   0.0000   0.0000   0.0000   0.0000   0.0000   0.0000   0.0000 
  0.0000   0.0000   0.0000   0.0000   0.0000   0.0000   0.0000   0.0000   0.0000   0.0000 
  0.0000   0.0000   0.0000   0.0000   0.0000   0.0000   0.0000   0.0000   0.0000   0.0000 
  0.0000   0.0000   0.0000   0.0000   0.0000   0.0000   0.0000   0.0000   0.0000   0.0000 
  0.0000   0.0000   0.0000   0.0000   0.0000   0.0000   0.0000   0.0000   0.0000   0.0000 
  0.0000   0.0000   0.0000   0.0000   0.0000   0.0000   0.0000   0.0000   0.0000   0.0000 
  0.0000   0.0000   0.0000   0.0000   0.0000   0.0000   0.0000   0.0000   0.0000   0.0000 
  0.0000   0.0000   0.0000   0.0000   0.0000   0.0000   0.0000   0.0000   0.0000   0.0000 
  0.0000   0.0000   0.0000   0.0000   0.0000   0.0000   0.0000   0.0000   0.0000   0.0000 
  0.0000   0.0000   0.0000   0.0000   0.0000   0.0000   0.0000   0.0000   0.0000   0.0000 
  0.0000   0.0000   0.0000   0.0000   0.0000   0.0000   0.0000   0.0000   0.0000   0.0000 
  0.0000   0.0000   0.0000   0.0000   0.0000   0.0000   0.0000   0.0000   0.0000   0.0000 
  0.0000   0.0000   0.0000   0.0000   0.0000   0.0000   0.0000   0.0000   0.0000   0.0000 
  0.0000   0.0000   0.0000   0.0000   0.0000   0.0000   0.0000   0.0000   0.0000   0.0000 
  0.0000   0.0000   0.0000   0.0000   0.0000   0.0000   0.0000   0.0000   0.0000   0.0000 
  0.0000   0.0000   0.0000   0.0000   0.0000   0.0000   0.0000   0.0000   0.0000   0.0000 
  0.0000   0.0000   0.0000   0.0000   0.0000   0.0000   0.0000   0.0000   0.0000   0.0000 
  0.0000   0.0000   0.0000   0.0000   0.0000   0.0000   0.0000   0.0000   0.0000   0.0000 
  0.0000   0.0000   0.0000   0.0000   0.0000   0.0000   0.0000   0.0000   0.0000   0.0000 
  0.0000   0.0000   0.0000   0.0000   0.0000   0.0000   0.0000   0.0000   0.0000   0.0000 
  0.0000   0.0000   0.0000   0.0000   0.0000   0.0000   0.0000   0.0000   0.0000   0.0000 
  0.0000   0.0000   0.0000   0.0000   0.0000   0.0000   0.0000   0.0000   0.0000   0.0000 
  0.0000   0.0000   0.0000   0.0000   0.0000   0.0000   0.0000   0.0000   0.0000   0.0000 
  0.0000   0.0000   0.0000   0.0000   0.0000   0.0000   0.0000   0.0000   0.0000   0.0000 
  0.0000   0.0000   0.0000   0.0000   0.0000   0.0000   0.0000   0.0000   0.0000   0.0000 
  0.0000   0.0000   0.0000   0.0000   0.0000   0.0000   0.0000   0.0000   0.0000   0.0000 
  0.0000   0.0000   0.0000   0.0000   0.0000   0.0000   0.0000   0.0000   0.0000   0.0000 
  0.0000   0.0000   0.0000   0.0000   0.0000   0.0000   0.0000   0.0000   0.0000   0.0000 
  0.0000   0.0000   0.0000   0.0000   0.0000   0.0000   0.0000   0.0000   0.0000   0.0000 
  0.0000   0.0000   0.0000   0.0000   0.0000   0.0000   0.0000   0.0000   0.0000   0.0000 
  0.0000   0.0000   0.0000   0.0000   0.0000   0.0000   0.0000   0.0000   0.0000   0.0000 
  0.0000   0.0000   0.0000   0.0000   0.0000   0.0000   0.0000   0.0000   0.0000   0.0000 
  0.0000   0.0000   0.0000   0.0000   0.0000   0.0000   0.0000   0.0000   0.0000   0.0000 
  0.0000   0.0000   0.0000   0.0000   0.0000   0.0000   0.0000   0.0000   0.0000   0.0000 
  0.0000   0.0000   0.0000   0.0000   0.0000   0.0000   0.0000   0.0000   0.0000   0.0000 
  0.0000   0.0000   0.0000   0.0000   0.0000   0.0000   0.0000   0.0000   0.0000   0.0000 
  0.0000   0.0000   0.0000   0.0000   0.0000   0.0000   0.0000   0.0000   0.0000   0.0000 
  0.0000   0.0000   0.0000   0.0000   0.0000   0.0000   0.0000   0.0000   0.0000   0.0000 
  0.0000   0.0000   0.0000   0.0000   0.0000   0.0000   0.0000   0.0000   0.0000   0.0000 
  0.0000   0.0000   0.0000   0.0000   0.0000   0.0000   0.0000   0.0000   0.0000   0.0000 
  0.0000   0.0000   0.0000   0.0000   0.0000   0.0000   0.0000   0.0000   0.0000   0.0000 
  0.0000   0.0000   0.0000   0.0000   0.0000   0.0000   0.0000   0.0000   0.0000   0.0000 
  0.0000   0.0000   0.0000   0.0000   0.0000   0.0000   0.0000   0.0000   0.0000   0.0000 
  0.0000   0.0000   0.0000   0.0000   0.0000   0.0000   0.0000   0.0000   0.0000   0.0000 
  0.0000   0.0000   0.0000   0.0000   0.0000   0.0000   0.0000   0.0000   0.0000   0.0000 
  0.0000   0.0000   0.0000   0.0000   0.0000   0.0000   0.0000   0.0000   0.0000   0.0000 
  0.0000   0.0000   0.0000   0.0000   0.0000   0.0000   0.0000   0.0000   0.0000   0.0000 
  0.0000   0.0000   0.0000   0.0000   0.0000   0.0000   0.0000   0.0000   0.0000   0.0000 
  0.0000   0.0000   0.0000   0.0000   0.0000   0.0000   0.0000   0.0000   0.0000   0.0000 
  0.0000   0.0000   0.0000   0.0000   0.0000   0.0000   0.0000   0.0000   0.0000   0.0000 
  0.0000   0.0000   0.0000   0.0000   0.0000   0.0000   0.0000   0.0000   0.0000   0.0000 
  0.0000   0.0000   0.0000   0.0000   0.0000   0.0000   0.0000   0.0000   0.0000   0.0000 
  0.0000   0.0000   0.0000   0.0000   0.0000   0.0000   0.0000   0.0000   0.0000   0.0000 
  0.0000   0.0000   0.0000   0.0000   0.0000   0.0000   0.0000   0.0000   0.0000   0.0000 
  0.0000   0.0000   0.0000   0.0000   0.0000   0.0000   0.0000   0.0000   0.0000   0.0000 
  0.0000   0.0000   0.0000   0.0000   0.0000   0.0000   0.0000   0.0000   0.0000   0.0000 
  0.0000   0.0000   0.0000   0.0000   0.0000   0.0000   0.0000   0.0000   0.0000   0.0000 
  0.0000   0.0000   0.0000   0.0000   0.0000   0.0000   0.0000   0.0000   0.0000   0.0000 
  0.0000   0.0000   0.0000   0.0000   0.0000   0.0000   0.0000   0.0000   0.0000   0.0000 
  0.0000   0.0000   0.0000   0.0000   0.0000   0.0000   0.0000   0.0000   0.0000   0.0000 
  0.0000   0.0000   0.0000   0.0000   0.0000   0.0000   0.0000   0.0000   0.0000   0.0000 
  0.0000   0.0000   0.0000   0.0000   0.0000   0.0000   0.0000   0.0000   0.0000   0.0000 
  0.0000   0.0000   0.0000   0.0000   0.0000   0.0000   0.0000   0.0000   0.0000   0.0000 
  0.0000   0.0000   0.0000   0.0000   0.0000   0.0000   0.0000   0.0000   0.0000   0.0000 
  0.0000   0.0000   0.0000   0.0000   0.0000   0.0000   0.0000   0.0000   0.0000   0.0000 
  0.0000   0.0000   0.0000   0.0000   0.0000   0.0000   0.0000   0.0000   0.0000   0.0000 
  0.0000   0.0000   0.0000   0.0000   0.0000   0.0000   0.0000   0.0000   0.0000   0.0000 
  0.0000   0.0000   0.0000   0.0000   0.0000   0.0000   0.0000   0.0000   0.0000   0.0000 
  0.0000   0.0000   0.0000   0.0000   0.0000   0.0000   0.0000   0.0000   0.0000   0.0000 
  0.0000   0.0000   0.0000   0.0000   0.0000   0.0000   0.0000   0.0000   0.0000   0.0000 
  0.0000   0.0000   0.0000   0.0000   0.0000   0.0000   0.0000   0.0000   0.0000   0.0000 
  0.0000   0.0000   0.0000   0.0000   0.0000   0.0000   0.0000   0.0000   0.0000   0.0000 
  0.0000   0.0000   0.0000   0.0000   0.0000   0.0000   0.0000   0.0000   0.0000   0.0000 
  0.0000   0.0000   0.0000   0.0000   0.0000   0.0000   0.0000   0.0000   0.0000   0.0000 
  0.0000   0.0000   0.0000   0.0000   0.0000   0.0000   0.0000   0.0000   0.0000   0.0000 
  0.0000   0.0000   0.0000   0.0000   0.0000   0.0000   0.0000   0.0000   0.0000   0.0000 
  0.0000   0.0000   0.0000   0.0000   0.0000   0.0000   0.0000   0.0000   0.0000   0.0000 
  0.0000   0.0000   0.0000   0.0000   0.0000   0.0000   0.0000   0.0000   0.0000   0.0000 
  0.0000   0.0000   0.0000   0.0000   0.0000   0.0000   0.0000   0.0000   0.0000   0.0000 
  0.0000   0.0000   0.0000   0.0000   0.0000   0.0000   0.0000   0.0000   0.0000   0.0000 
  0.0000   0.0000   0.0000   0.0000   0.0000   0.0000   0.0000   0.0000   0.0000   0.0000 
  0.0000   0.0000   0.0000   0.0000   0.0000   0.0000   0.0000   0.0000   0.0000   0.0000 
  0.0000   0.0000   0.0000   0.0000   0.0000   0.0000   0.0000   0.0000   0.0000   0.0000 
  0.0000   0.0000   0.0000   0.0000   0.0000   0.0000   0.0000   0.0000   0.0000   0.0000 
  0.0000   0.0000   0.0000   0.0000   0.0000   0.0000   0.0000   0.0000   0.0000   0.0000 
  0.0000   0.0000   0.0000   0.0000   0.0000   0.0000   0.0000   0.0000   0.0000   0.0000 
  0.0000   0.0000   0.0000   0.0000   0.0000   0.0000   0.0000   0.0000   0.0000   0.0000 
  0.0000   0.0000   0.0000   0.0000   0.0000   0.0000   0.0000   0.0000   0.0000   0.0000 
  0.0000   0.0000   0.0000   0.0000   0.0000   0.0000   0.0000   0.0000   0.0000   0.0000 
  0.0000   0.0000   0.0000   0.0000   0.0000   0.0000   0.0000   0.0000   0.0000   0.0000 
  0.0000   0.0000   0.0000   0.0000   0.0000   0.0000   0.0000   0.0000   0.0000   0.0000 
  0.0000   0.0000   0.0000   0.0000   0.0000   0.0000   0.0000   0.0000   0.0000   0.0000 
  0.0000   0.0000   0.0000   0.0000   0.0000   0.0000   0.0000   0.0000   0.0000   0.0000 
  0.0000   0.0000   0.0000   0.0000   0.0000   0.0000   0.0000   0.0000   0.0000   0.0000 
  0.0000   0.0000   0.0000   0.0000   0.0000   0.0000   0.0000   0.0000   0.0000   0.0000 
  0.0000   0.0000   0.0000   0.0000   0.0000   0.0000   0.0000   0.0000   0.0000   0.0000 
  0.0000   0.0000   0.0000   0.0000   0.0000   0.0000   0.0000   0.0000   0.0000   0.0000 
  0.0000   0.0000   0.0000   0.0000   0.0000   0.0000   0.0000   0.0000   0.0000   0.0000 
  0.0000   0.0000   0.0000   0.0000   0.0000   0.0000   0.0000   0.0000   0.0000   0.0000 
  0.0000   0.0000   0.0000   0.0000   0.0000   0.0000   0.0000   0.0000   0.0000   0.0000 
  0.0000   0.0000   0.0000   0.0000   0.0000   0.0000   0.0000   0.0000   0.0000   0.0000 
  0.0000   0.0000   0.0000   0.0000   0.0000   0.0000   0.0000   0.0000   0.0000   0.0000 
  0.0000   0.0000   0.0000   0.0000   0.0000   0.0000   0.0000   0.0000   0.0000   0.0000 
  0.0000   0.0000   0.0000   0.0000   0.0000   0.0000   0.0000   0.0000   0.0000   0.0000 
  0.0000   0.0000   0.0000   0.0000   0.0000   0.0000   0.0000   0.0000   0.0000   0.0000 
  0.0000   0.0000   0.0000   0.0000   0.0000   0.0000   0.0000   0.0000   0.0000   0.0000 
  0.0000   0.0000   0.0000   0.0000   0.0000   0.0000   0.0000   0.0000   0.0000   0.0000 
  0.0000   0.0000   0.0000   0.0000   0.0000   0.0000   0.0000   0.0000   0.0000   0.0000 
  0.0000   0.0000   0.0000   0.0000   0.0000   0.0000   0.0000   0.0000   0.0000   0.0000 
  0.0000   0.0000   0.0000   0.0000   0.0000   0.0000   0.0000   0.0000   0.0000   0.0000 
  0.0000   0.0000   0.0000   0.0000   0.0000   0.0000   0.0000   0.0000   0.0000   0.0000 
  0.0000   0.0000   0.0000   0.0000   0.0000   0.0000   0.0000   0.0000   0.0000   0.0000 
  0.0000   0.0000   0.0000   0.0000   0.0000   0.0000   0.0000   0.0000   0.0000   0.0000 
  0.0000   0.0000   0.0000   0.0000   0.0000   0.0000   0.0000   0.0000   0.0000   0.0000 
  0.0000   0.0000   0.0000   0.0000   0.0000   0.0000   0.0000   0.0000   0.0000   0.0000 
  0.0000   0.0000   0.0000   0.0000   0.0000   0.0000   0.0000   0.0000   0.0000   0.0000 
  0.0000   0.0000   0.0000   0.0000   0.0000   0.0000   0.0000   0.0000   0.0000   0.0000 
  0.0000   0.0000   0.0000   0.0000   0.0000   0.0000   0.0000   0.0000   0.0000   0.0000 
  0.0000   0.0000   0.0000   0.0000   0.0000   0.0000   0.0000   0.0000   0.0000   0.0000 
  0.0000   0.0000   0.0000   0.0000   0.0000   0.0000   0.0000   0.0000   0.0000   0.0000 
  0.0000   0.0000   0.0000   0.0000   0.0000   0.0000   0.0000   0.0000   0.0000   0.0000 
  0.0000   0.0000   0.0000   0.0000   0.0000   0.0000   0.0000   0.0000   0.0000   0.0000 
  0.0000   0.0000   0.0000   0.0000   0.0000   0.0000   0.0000   0.0000   0.0000   0.0000 
  0.0000   0.0000   0.0000   0.0000   0.0000   0.0000   0.0000   0.0000   0.0000   0.0000 
  0.0000   0.0000   0.0000   0.0000   0.0000   0.0000   0.0000   0.0000   0.0000   0.0000 
  0.0000   0.0000   0.0000   0.0000   0.0000   0.0000   0.0000   0.0000   0.0000   0.0000 
  0.0000   0.0000   0.0000   0.0000   0.0000   0.0000   0.0000   0.0000   0.0000   0.0000 
  0.0000   0.0000   0.0000   0.0000   0.0000   0.0000   0.0000   0.0000   0.0000   0.0000 
  0.0000   0.0000   0.0000   0.0000   0.0000   0.0000   0.0000   0.0000   0.0000   0.0000 
  0.0000   0.0000   0.0000   0.0000   0.0000   0.0000   0.0000   0.0000   0.0000   0.0000 
  0.0000   0.0000   0.0000   0.0000   0.0000   0.0000   0.0000   0.0000   0.0000   0.0000 
  0.0000   0.0000   0.0000   0.0000   0.0000   0.0000   0.0000   0.0000   0.0000   0.0000 
  0.0000   0.0000   0.0000   0.0000   0.0000   0.0000   0.0000   0.0000   0.0000   0.0000 
  0.0000   0.0000   0.0000   0.0000   0.0000   0.0000   0.0000   0.0000   0.0000   0.0000 
  0.0000   0.0000   0.0000   0.0000   0.0000   0.0000   0.0000   0.0000   0.0000   0.0000 
  0.0000   0.0000   0.0000   0.0000   0.0000   0.0000   0.0000   0.0000   0.0000   0.0000 
  0.0000   0.0000   0.0000   0.0000   0.0000   0.0000   0.0000   0.0000   0.0000   0.0000 
  0.0000   0.0000   0.0000   0.0000   0.0000   0.0000   0.0000   0.0000   0.0000   0.0000 
  0.0000   0.0000   0.0000   0.0000   0.0000   0.0000   0.0000   0.0000   0.0000   0.0000 
  0.0000   0.0000   0.0000   0.0000   0.0000   0.0000   0.0000   0.0000   0.0000   0.0000 
  0.0000   0.0000   0.0000   0.0000   0.0000   0.0000   0.0000   0.0000   0.0000   0.0000 
  0.0000   0.0000   0.0000   0.0000   0.0000   0.0000   0.0000   0.0000   0.0000   0.0000 
  0.0000   0.0000   0.0000   0.0000   0.0000   0.0000   0.0000   0.0000   0.0000   0.0000 
  0.0000   0.0000   0.0000   0.0000   0.0000   0.0000   0.0000   0.0000   0.0000   0.0000 
  0.0000   0.0000   0.0000   0.0000   0.0000   0.0000   0.0000   0.0000   0.0000   0.0000 
  0.0000   0.0000   0.0000   0.0000   0.0000   0.0000   0.0000   0.0000   0.0000   0.0000 
  0.0000   0.0000   0.0000   0.0000   0.0000   0.0000   0.0000   0.0000   0.0000   0.0000 
  0.0000   0.0000   0.0000   0.0000   0.0000   0.0000   0.0000   0.0000   0.0000   0.0000 
  0.0000   0.0000   0.0000   0.0000   0.0000   0.0000   0.0000   0.0000   0.0000   0.0000 
  0.0000   0.0000   0.0000   0.0000   0.0000   0.0000   0.0000   0.0000   0.0000   0.0000 
  0.0000   0.0000   0.0000   0.0000   0.0000   0.0000   0.0000   0.0000   0.0000   0.0000 
  0.0000   0.0000   0.0000   0.0000   0.0000   0.0000   0.0000   0.0000   0.0000   0.0000 
  0.0000   0.0000   0.0000   0.0000   0.0000   0.0000   0.0000   0.0000   0.0000   0.0000 
  0.0000   0.0000   0.0000   0.0000   0.0000   0.0000   0.0000   0.0000   0.0000   0.0000 
  0.0000   0.0000   0.0000   0.0000   0.0000   0.0000   0.0000   0.0000   0.0000   0.0000 
  0.0000   0.0000   0.0000   0.0000   0.0000   0.0000   0.0000   0.0000   0.0000   0.0000 
  0.0000   0.0000   0.0000   0.0000   0.0000   0.0000   0.0000   0.0000   0.0000   0.0000 
  0.0000   0.0000   0.0000   0.0000   0.0000   0.0000   0.0000   0.0000   0.0000   0.0000 
  0.0000   0.0000   0.0000   0.0000   0.0000   0.0000   0.0000   0.0000   0.0000   0.0000 
  0.0000   0.0000   0.0000   0.0000   0.0000   0.0000   0.0000   0.0000   0.0000   0.0000 
  0.0000   0.0000   0.0000   0.0000   0.0000   0.0000   0.0000   0.0000   0.0000   0.0000 
  0.0000   0.0000   0.0000   0.0000   0.0000   0.0000   0.0000   0.0000   0.0000   0.0000 
  0.0000   0.0000   0.0000   0.0000   0.0000   0.0000   0.0000   0.0000   0.0000   0.0000 
  0.0000   0.0000   0.0000   0.0000   0.0000   0.0000   0.0000   0.0000   0.0000   0.0000 
  0.0000   0.0000   0.0000   0.0000   0.0000   0.0000   0.0000   0.0000   0.0000   0.0000 
  0.0000   0.0000   0.0000   0.0000   0.0000   0.0000   0.0000   0.0000   0.0000   0.0000 
  0.0000   0.0000   0.0000   0.0000   0.0000   0.0000   0.0000   0.0000   0.0000   0.0000 
  0.0000   0.0000   0.0000   0.0000   0.0000   0.0000   0.0000   0.0000   0.0000   0.0000 
  0.0000   0.0000   0.0000   0.0000   0.0000   0.0000   0.0000   0.0000   0.0000   0.0000 
  0.0000   0.0000   0.0000   0.0000   0.0000   0.0000   0.0000   0.0000   0.0000   0.0000 
  0.0000   0.0000   0.0000   0.0000   0.0000   0.0000   0.0000   0.0000   0.0000   0.0000 
  0.0000   0.0000   0.0000   0.0000   0.0000   0.0000   0.0000   0.0000   0.0000   0.0000 
  0.0000   0.0000   0.0000   0.0000   0.0000   0.0000   0.0000   0.0000   0.0000   0.0000 
  0.0000   0.0000   0.0000   0.0000   0.0000   0.0000   0.0000   0.0000   0.0000   0.0000 
  0.0000   0.0000   0.0000   0.0000   0.0000   0.0000   0.0000   0.0000   0.0000   0.0000 
  0.0000   0.0000   0.0000   0.0000   0.0000   0.0000   0.0000   0.0000   0.0000   0.0000 
  0.0000   0.0000   0.0000   0.0000   0.0000   0.0000   0.0000   0.0000   0.0000   0.0000 
  0.0000   0.0000   0.0000   0.0000   0.0000   0.0000   0.0000   0.0000   0.0000   0.0000 
  0.0000   0.0000   0.0000   0.0000   0.0000   0.0000   0.0000   0.0000   0.0000   0.0000 
  0.0000   0.0000   0.0000   0.0000   0.0000   0.0000   0.0000   0.0000   0.0000   0.0000 
  0.0000   0.0000   0.0000   0.0000   0.0000   0.0000   0.0000   0.0000   0.0000   0.0000 
  0.0000   0.0000   0.0000   0.0000   0.0000   0.0000   0.0000   0.0000   0.0000   0.0000 
  0.0000   0.0000   0.0000   0.0000   0.0000   0.0000   0.0000   0.0000   0.0000   0.0000 
  0.0000   0.0000   0.0000   0.0000   0.0000   0.0000   0.0000   0.0000   0.0000   0.0000 
  0.0000   0.0000   0.0000   0.0000   0.0000   0.0000   0.0000   0.0000   0.0000   0.0000 
  0.0000   0.0000   0.0000   0.0000   0.0000   0.0000   0.0000   0.0000   0.0000   0.0000 
  0.0000   0.0000   0.0000   0.0000   0.0000   0.0000   0.0000   0.0000   0.0000   0.0000 
  0.0000   0.0000   0.0000   0.0000   0.0000   0.0000   0.0000   0.0000   0.0000   0.0000 
  0.0000   0.0000   0.0000   0.0000   0.0000   0.0000   0.0000   0.0000   0.0000   0.0000 
  0.0000   0.0000   0.0000   0.0000   0.0000   0.0000   0.0000   0.0000   0.0000   0.0000 
  0.0000   0.0000   0.0000   0.0000   0.0000   0.0000   0.0000   0.0000   0.0000   0.0000 
  0.0000   0.0000   0.0000   0.0000   0.0000   0.0000   0.0000   0.0000   0.0000   0.0000 
  0.0000   0.0000   0.0000   0.0000   0.0000   0.0000   0.0000   0.0000   0.0000   0.0000 
  0.0000   0.0000   0.0000   0.0000   0.0000   0.0000   0.0000   0.0000   0.0000   0.0000 
  0.0000   0.0000   0.0000   0.0000   0.0000   0.0000   0.0000   0.0000   0.0000   0.0000 
  0.0000   0.0000   0.0000   0.0000   0.0000   0.0000   0.0000   0.0000   0.0000   0.0000 
  0.0000   0.0000   0.0000   0.0000   0.0000   0.0000   0.0000   0.0000   0.0000   0.0000 
  0.0000   0.0000   0.0000   0.0000   0.0000   0.0000   0.0000   0.0000   0.0000   0.0000 
  0.0000   0.0000   0.0000   0.0000   0.0000   0.0000   0.0000   0.0000   0.0000   0.0000 
  0.0000   0.0000   0.0000   0.0000   0.0000   0.0000   0.0000   0.0000   0.0000   0.0000 
  0.0000   0.0000   0.0000   0.0000   0.0000   0.0000   0.0000   0.0000   0.0000   0.0000 
  0.0000   0.0000   0.0000   0.0000   0.0000   0.0000   0.0000   0.0000   0.0000   0.0000 
  0.0000   0.0000   0.0000   0.0000   0.0000   0.0000   0.0000   0.0000   0.0000   0.0000 
  0.0000   0.0000   0.0000   0.0000   0.0000   0.0000   0.0000   0.0000   0.0000   0.0000 
  0.0000   0.0000   0.0000   0.0000   0.0000   0.0000   0.0000   0.0000   0.0000   0.0000 
  0.0000   0.0000   0.0000   0.0000   0.0000   0.0000   0.0000   0.0000   0.0000   0.0000 
  0.0000   0.0000   0.0000   0.0000   0.0000   0.0000   0.0000   0.0000   0.0000   0.0000 
  0.0000   0.0000   0.0000   0.0000   0.0000   0.0000   0.0000   0.0000   0.0000   0.0000 
  0.0000   0.0000   0.0000   0.0000   0.0000   0.0000   0.0000   0.0000   0.0000   0.0000 
  0.0000   0.0000   0.0000   0.0000   0.0000   0.0000   0.0000   0.0000   0.0000   0.0000 
  0.0000   0.0000   0.0000   0.0000   0.0000   0.0000   0.0000   0.0000   0.0000   0.0000 
  0.0000   0.0000   0.0000   0.0000   0.0000   0.0000   0.0000   0.0000   0.0000   0.0000 
  0.0000   0.0000   0.0000   0.0000   0.0000   0.0000   0.0000   0.0000   0.0000   0.0000 
  0.0000   0.0000   0.0000   0.0000   0.0000   0.0000   0.0000   0.0000   0.0000   0.0000 
  0.0000   0.0000   0.0000   0.0000   0.0000   0.0000   0.0000   0.0000   0.0000   0.0000 
  0.0000   0.0000   0.0000   0.0000   0.0000   0.0000   0.0000   0.0000   0.0000   0.0000 
  0.0000   0.0000   0.0000   0.0000   0.0000   0.0000   0.0000   0.0000   0.0000   0.0000 
  0.0000   0.0000   0.0000   0.0000   0.0000   0.0000   0.0000   0.0000   0.0000   0.0000 
  0.0000   0.0000   0.0000   0.0000   0.0000   0.0000   0.0000   0.0000   0.0000   0.0000 
  0.0000   0.0000   0.0000   0.0000   0.0000   0.0000   0.0000   0.0000   0.0000   0.0000 
  0.0000   0.0000   0.0000   0.0000   0.0000   0.0000   0.0000   0.0000   0.0000   0.0000 
  0.0000   0.0000   0.0000   0.0000   0.0000   0.0000   0.0000   0.0000   0.0000   0.0000 
  0.0000   0.0000   0.0000   0.0000   0.0000   0.0000   0.0000   0.0000   0.0000   0.0000 
  0.0000   0.0000   0.0000   0.0000   0.0000   0.0000   0.0000   0.0000   0.0000   0.0000 
  0.0000   0.0000   0.0000   0.0000   0.0000   0.0000   0.0000   0.0000   0.0000   0.0000 
  0.0000   0.0000   0.0000   0.0000   0.0000   0.0000   0.0000   0.0000   0.0000   0.0000 
  0.0000   0.0000   0.0000   0.0000   0.0000   0.0000   0.0000   0.0000   0.0000   0.0000 
  0.0000   0.0000   0.0000   0.0000   0.0000   0.0000   0.0000   0.0000   0.0000   0.0000 
  0.0000   0.0000   0.0000   0.0000   0.0000   0.0000   0.0000   0.0000   0.0000   0.0000 
  0.0000   0.0000   0.0000   0.0000   0.0000   0.0000   0.0000   0.0000   0.0000   0.0000 
  0.0000   0.0000   0.0000   0.0000   0.0000   0.0000   0.0000   0.0000   0.0000   0.0000 
  0.0000   0.0000   0.0000   0.0000   0.0000   0.0000   0.0000   0.0000   0.0000   0.0000 
  0.0000   0.0000   0.0000   0.0000   0.0000   0.0000   0.0000   0.0000   0.0000   0.0000 
  0.0000   0.0000   0.0000   0.0000   0.0000   0.0000   0.0000   0.0000   0.0000   0.0000 
  0.0000   0.0000   0.0000   0.0000   0.0000   0.0000   0.0000   0.0000   0.0000   0.0000 
  0.0000   0.0000   0.0000   0.0000   0.0000   0.0000   0.0000   0.0000   0.0000   0.0000 
  0.0000   0.0000   0.0000   0.0000   0.0000   0.0000   0.0000   0.0000   0.0000   0.0000 
  0.0000   0.0000   0.0000   0.0000   0.0000   0.0000   0.0000   0.0000   0.0000   0.0000 
  0.0000   0.0000   0.0000   0.0000   0.0000   0.0000   0.0000   0.0000   0.0000   0.0000 
  0.0000   0.0000   0.0000   0.0000   0.0000   0.0000   0.0000   0.0000   0.0000   0.0000 
  0.0000   0.0000   0.0000   0.0000   0.0000   0.0000   0.0000   0.0000   0.0000   0.0000 
  0.0000   0.0000   0.0000   0.0000   0.0000   0.0000   0.0000   0.0000   0.0000   0.0000 
  0.0000   0.0000   0.0000   0.0000   0.0000   0.0000   0.0000   0.0000   0.0000   0.0000 
  0.0000   0.0000   0.0000   0.0000   0.0000   0.0000   0.0000   0.0000   0.0000   0.0000 
  0.0000   0.0000   0.0000   0.0000   0.0000   0.0000   0.0000   0.0000   0.0000   0.0000 
  0.0000   0.0000   0.0000   0.0000   0.0000   0.0000   0.0000   0.0000   0.0000   0.0000 
  0.0000   0.0000   0.0000   0.0000   0.0000   0.0000   0.0000   0.0000   0.0000   0.0000 
  0.0000   0.0000   0.0000   0.0000   0.0000   0.0000   0.0000   0.0000   0.0000   0.0000 
  0.0000   0.0000   0.0000   0.0000   0.0000   0.0000   0.0000   0.0000   0.0000   0.0000 
  0.0000   0.0000   0.0000   0.0000   0.0000   0.0000   0.0000   0.0000   0.0000   0.0000 
  0.0000   0.0000   0.0000   0.0000   0.0000   0.0000   0.0000   0.0000   0.0000   0.0000 
  0.0000   0.0000   0.0000   0.0000   0.0000   0.0000   0.0000   0.0000   0.0000   0.0000 
  0.0000   0.0000   0.0000   0.0000   0.0000   0.0000   0.0000   0.0000   0.0000   0.0000 
  0.0000   0.0000   0.0000   0.0000   0.0000   0.0000   0.0000   0.0000   0.0000   0.0000 
  0.0000   0.0000   0.0000   0.0000   0.0000   0.0000   0.0000   0.0000   0.0000   0.0000 
  0.0000   0.0000   0.0000   0.0000   0.0000   0.0000   0.0000   0.0000   0.0000   0.0000 
  0.0000   0.0000   0.0000   0.0000   0.0000   0.0000   0.0000   0.0000   0.0000   0.0000 
  0.0000   0.0000   0.0000   0.0000   0.0000   0.0000   0.0000   0.0000   0.0000   0.0000 
  0.0000   0.0000   0.0000   0.0000   0.0000   0.0000   0.0000   0.0000   0.0000   0.0000 
  0.0000   0.0000   0.0000   0.0000   0.0000   0.0000   0.0000   0.0000   0.0000   0.0000 
  0.0000   0.0000   0.0000   0.0000   0.0000   0.0000   0.0000   0.0000   0.0000   0.0000 
  0.0000   0.0000   0.0000   0.0000   0.0000   0.0000   0.0000   0.0000   0.0000   0.0000 
  0.0000   0.0000   0.0000   0.0000   0.0000   0.0000   0.0000   0.0000   0.0000   0.0000 
  0.0000   0.0000   0.0000   0.0000   0.0000   0.0000   0.0000   0.0000   0.0000   0.0000 
  0.0000   0.0000   0.0000   0.0000   0.0000   0.0000   0.0000   0.0000   0.0000   0.0000 
  0.0000   0.0000   0.0000   0.0000   0.0000   0.0000   0.0000   0.0000   0.0000   0.0000 
  0.0000   0.0000   0.0000   0.0000   0.0000   0.0000   0.0000   0.0000   0.0000   0.0000 
  0.0000   0.0000   0.0000   0.0000   0.0000   0.0000   0.0000   0.0000   0.0000   0.0000 
  0.0000   0.0000   0.0000   0.0000   0.0000   0.0000   0.0000   0.0000   0.0000   0.0000 
  0.0000   0.0000   0.0000   0.0000   0.0000   0.0000   0.0000   0.0000   0.0000   0.0000 
  0.0000   0.0000   0.0000   0.0000   0.0000   0.0000   0.0000   0.0000   0.0000   0.0000 
  0.0000   0.0000   0.0000   0.0000   0.0000   0.0000   0.0000   0.0000   0.0000   0.0000 
  0.0000   0.0000   0.0000   0.0000   0.0000   0.0000   0.0000   0.0000   0.0000   0.0000 
  0.0000   0.0000   0.0000   0.0000   0.0000   0.0000   0.0000   0.0000   0.0000   0.0000 
  0.0000   0.0000   0.0000   0.0000   0.0000   0.0000   0.0000   0.0000   0.0000   0.0000 
  0.0000   0.0000   0.0000   0.0000   0.0000   0.0000   0.0000   0.0000   0.0000   0.0000 
  0.0000   0.0000   0.0000   0.0000   0.0000   0.0000   0.0000   0.0000   0.0000   0.0000 
  0.0000   0.0000   0.0000   0.0000   0.0000   0.0000   0.0000   0.0000   0.0000   0.0000 
  0.0000   0.0000   0.0000   0.0000   0.0000   0.0000   0.0000   0.0000   0.0000   0.0000 
  0.0000   0.0000   0.0000   0.0000   0.0000   0.0000   0.0000   0.0000   0.0000   0.0000 
  0.0000   0.0000   0.0000   0.0000   0.0000   0.0000   0.0000   0.0000   0.0000   0.0000 
  0.0000   0.0000   0.0000   0.0000   0.0000   0.0000   0.0000   0.0000   0.0000   0.0000 
  0.0000   0.0000   0.0000   0.0000   0.0000   0.0000   0.0000   0.0000   0.0000   0.0000 
  0.0000   0.0000   0.0000   0.0000   0.0000   0.0000   0.0000   0.0000   0.0000   0.0000 
  0.0000   0.0000   0.0000   0.0000   0.0000   0.0000   0.0000   0.0000   0.0000   0.0000 
  0.0000   0.0000   0.0000   0.0000   0.0000   0.0000   0.0000   0.0000   0.0000   0.0000 
  0.0000   0.0000   0.0000   0.0000   0.0000   0.0000   0.0000   0.0000   0.0000   0.0000 
  0.0000   0.0000   0.0000   0.0000   0.0000   0.0000   0.0000   0.0000   0.0000   0.0000 
  0.0000   0.0000   0.0000   0.0000   0.0000   0.0000   0.0000   0.0000   0.0000   0.0000 
  0.0000   0.0000   0.0000   0.0000   0.0000   0.0000   0.0000   0.0000   0.0000   0.0000 
  0.0000   0.0000   0.0000   0.0000   0.0000   0.0000   0.0000   0.0000   0.0000   0.0000 
  0.0000   0.0000   0.0000   0.0000   0.0000   0.0000   0.0000   0.0000   0.0000   0.0000 
  0.0000   0.0000   0.0000   0.0000   0.0000   0.0000   0.0000   0.0000   0.0000   0.0000 
  0.0000   0.0000   0.0000   0.0000   0.0000   0.0000   0.0000   0.0000   0.0000   0.0000 
  0.0000   0.0000   0.0000   0.0000   0.0000   0.0000   0.0000   0.0000   0.0000   0.0000 
  0.0000   0.0000   0.0000   0.0000   0.0000   0.0000   0.0000   0.0000   0.0000   0.0000 
  0.0000   0.0000   0.0000   0.0000   0.0000   0.0000   0.0000   0.0000   0.0000   0.0000 
  0.0000   0.0000   0.0000   0.0000   0.0000   0.0000   0.0000   0.0000   0.0000   0.0000 
  0.0000   0.0000   0.0000   0.0000   0.0000   0.0000   0.0000   0.0000   0.0000   0.0000 
  0.0000   0.0000   0.0000   0.0000   0.0000   0.0000   0.0000   0.0000   0.0000   0.0000 
  0.0000   0.0000   0.0000   0.0000   0.0000   0.0000   0.0000   0.0000   0.0000   0.0000 
  0.0000   0.0000   0.0000   0.0000   0.0000   0.0000   0.0000   0.0000   0.0000   0.0000 
  0.0000   0.0000   0.0000   0.0000   0.0000   0.0000   0.0000   0.0000   0.0000   0.0000 
  0.0000   0.0000   0.0000   0.0000   0.0000   0.0000   0.0000   0.0000   0.0000   0.0000 
  0.0000   0.0000   0.0000   0.0000   0.0000   0.0000   0.0000   0.0000   0.0000   0.0000 
  0.0000   0.0000   0.0000   0.0000   0.0000   0.0000   0.0000   0.0000   0.0000   0.0000 
  0.0000   0.0000   0.0000   0.0000   0.0000   0.0000   0.0000   0.0000   0.0000   0.0000 
  0.0000   0.0000   0.0000   0.0000   0.0000   0.0000   0.0000   0.0000   0.0000   0.0000 
  0.0000   0.0000   0.0000   0.0000   0.0000   0.0000   0.0000   0.0000   0.0000   0.0000 
  0.0000   0.0000   0.0000   0.0000   0.0000   0.0000   0.0000   0.0000   0.0000   0.0000 
  0.0000   0.0000   0.0000   0.0000   0.0000   0.0000   0.0000   0.0000   0.0000   0.0000 
  0.0000   0.0000   0.0000   0.0000   0.0000   0.0000   0.0000   0.0000   0.0000   0.0000 
  0.0000   0.0000   0.0000   0.0000   0.0000   0.0000   0.0000   0.0000   0.0000   0.0000 
  0.0000   0.0000   0.0000   0.0000   0.0000   0.0000   0.0000   0.0000   0.0000   0.0000 
  0.0000   0.0000   0.0000   0.0000   0.0000   0.0000   0.0000   0.0000   0.0000   0.0000 
  0.0000   0.0000   0.0000   0.0000   0.0000   0.0000   0.0000   0.0000   0.0000   0.0000 
  0.0000   0.0000   0.0000   0.0000   0.0000   0.0000   0.0000   0.0000   0.0000   0.0000 
  0.0000   0.0000   0.0000   0.0000   0.0000   0.0000   0.0000   0.0000   0.0000   0.0000 
  0.0000   0.0000   0.0000   0.0000   0.0000   0.0000   0.0000   0.0000   0.0000   0.0000 
  0.0000   0.0000   0.0000   0.0000   0.0000   0.0000   0.0000   0.0000   0.0000   0.0000 
  0.0000   0.0000   0.0000   0.0000   0.0000   0.0000   0.0000   0.0000   0.0000   0.0000 
  0.0000   0.0000   0.0000   0.0000   0.0000   0.0000   0.0000   0.0000   0.0000   0.0000 
  0.0000   0.0000   0.0000   0.0000   0.0000   0.0000   0.0000   0.0000   0.0000   0.0000 
  0.0000   0.0000   0.0000   0.0000   0.0000   0.0000   0.0000   0.0000   0.0000   0.0000 
  0.0000   0.0000   0.0000   0.0000   0.0000   0.0000   0.0000   0.0000   0.0000   0.0000 
  0.0000   0.0000   0.0000   0.0000   0.0000   0.0000   0.0000   0.0000   0.0000   0.0000 
  0.0000   0.0000   0.0000   0.0000   0.0000   0.0000   0.0000   0.0000   0.0000   0.0000 
  0.0000   0.0000   0.0000   0.0000   0.0000   0.0000   0.0000   0.0000   0.0000   0.0000 
  0.0000   0.0000   0.0000   0.0000   0.0000   0.0000   0.0000   0.0000   0.0000   0.0000 
  0.0000   0.0000   0.0000   0.0000   0.0000   0.0000   0.0000   0.0000   0.0000   0.0000 
  0.0000   0.0000   0.0000   0.0000   0.0000   0.0000   0.0000   0.0000   0.0000   0.0000 
  0.0000   0.0000   0.0000   0.0000   0.0000   0.0000   0.0000   0.0000   0.0000   0.0000 
  0.0000   0.0000   0.0000   0.0000   0.0000   0.0000   0.0000   0.0000   0.0000   0.0000 
  0.0000   0.0000   0.0000   0.0000   0.0000   0.0000   0.0000   0.0000   0.0000   0.0000 
  0.0000   0.0000   0.0000   0.0000   0.0000   0.0000   0.0000   0.0000   0.0000   0.0000 
  0.0000   0.0000   0.0000   0.0000   0.0000   0.0000   0.0000   0.0000   0.0000   0.0000 
  0.0000   0.0000   0.0000   0.0000   0.0000   0.0000   0.0000   0.0000   0.0000   0.0000 
  0.0000   0.0000   0.0000   0.0000   0.0000   0.0000   0.0000   0.0000   0.0000   0.0000 
  0.0000   0.0000   0.0000   0.0000   0.0000   0.0000   0.0000   0.0000   0.0000   0.0000 
