z-axis gyroscope data

137.5625 -23.7500  12.5000  28.3125  12.0625  52.3750  44.1875   6.1250 -49.0625  26.1250 
122.8125 -29.6250  22.3750  23.8750  31.5625  54.0000  35.1250   7.0000 -66.3125  18.9375 
104.0625 -20.0000 -13.1250  10.8125  12.2500  55.9375  52.0000   9.0625  -1.5000   8.0625 
 71.7500  -9.8125   5.5625  12.9375  17.2500  53.0000  47.8125   4.0625  58.7500  17.8750 
 24.1875 -13.8125  16.7500  24.5000  22.1875  55.5625  25.9375   0.9375  52.5625  23.2500 
  3.3125 -34.8125  13.8125  18.7500  -5.2500  76.5625  33.3125  -1.8125   6.0625  11.2500 
-19.6875 -45.5625   2.0000  26.3125   1.3125  76.4375  36.3125   7.5625 -12.8125   7.1250 
-27.7500 -37.8125   5.4375  22.8125   4.3125  77.6250  34.6875  13.4375  -0.8125   5.3125 
-42.7500 -34.6875   6.9375  22.1875  -2.8750  89.8750  34.5000  11.6250   5.2500  -5.2500 
-52.0625 -19.1875   5.4375  26.4375  -3.8125 107.2500  24.8750  11.3750  -8.3125  -8.9375 
-56.4375 -12.5625  10.0625  35.8750   7.8125 113.0000  14.3750  17.7500 -18.6250   5.5625 
-59.5625 -24.8125  11.2500  29.1250   7.0625 105.2500  31.4375  25.3750 -13.6250  10.8750 
-51.0000 -48.2500  15.5000  52.0000   3.0625 111.1875  31.6875  30.3125   2.2500  16.6875 
-50.3125 -65.1875  24.0000  45.2500  15.6875 120.9375  17.7500  26.1250  18.6875  12.2500 
-34.7500 -66.6250  20.8125  52.6875  18.1250 121.0000  21.5625  23.6250  30.0000   9.3125 
-18.0625 -72.3125   9.6875  59.0000  25.6250 135.5625  16.1875  35.6250  34.1250   8.1250 
  2.6875 -95.7500  28.5000  69.8125  19.8125 145.8750  23.6250  45.3750   4.1875  16.9375 
 58.7500 -133.6875  13.3125 101.1250  24.0625 146.1875  31.3125  40.6250 -10.8125  20.8125 
115.5625 -148.1875  19.7500  96.6250  36.1875 147.5625  24.2500  22.5000  17.5000  21.8750 
 -5.5000 -139.6875  35.5625 106.8750  25.2500 135.3125  17.6250  22.1875  42.5625  17.9375 
-161.4375 -101.4375  45.8125 117.2500  25.6250 141.1250  23.2500  31.4375  17.4375  22.4375 
-151.8750 -53.6250  44.0000 120.1250  31.0000 148.0625  30.4375  37.0625  10.8125  27.5625 
 66.5000 -19.2500  45.1875 134.7500  33.3750 123.8750  20.9375  33.0000  33.1250  18.7500 
 38.4375   2.1875  44.3750 134.3750  41.6875 110.6875  28.5000  23.3125  29.6250  24.2500 
-47.5625  -2.0000  35.2500 132.2500  43.9375 110.8750  32.5000  24.3125  29.1250  19.3750 
108.5000 -14.5000  34.5625 129.0625  42.3125 107.6875  31.0625  28.8125  21.9375  21.8125 
123.6875 -23.9375  45.1875 137.8125  45.4375  84.3125  33.1875  24.4375   0.0625  13.5000 
-14.5625 -41.7500  58.2500 127.5000  40.9375  70.3125  43.8125  19.2500  23.1250   2.8750 
-77.2500 -56.6875  52.5000 123.8125  45.6250  61.4375  41.1250   6.9375  37.9375  13.8750 
-32.4375 -54.5625  55.0625 120.0000  63.4375  47.7500  28.0000  19.6875  47.8125  14.6875 
  5.8125 -52.3125  60.6875 109.7500  55.5625  38.8125  28.9375  14.4375  37.6875  27.4375 
-13.6875 -45.1250  62.5000  87.6875  61.6250  34.3750  37.8125   8.5625  19.7500  30.2500 
-66.1250 -45.5625  67.3750  80.6250  71.7500  24.9375  34.8125   7.8750  26.3125  18.4375 
-71.3750 -37.4375  73.4375  77.5000  83.0625   4.7500  32.9375  19.1250  23.8125  34.5000 
-58.7500 -24.5625  83.6250  61.0625  87.7500  -0.8750  35.6875   5.1875  31.2500  33.0625 
-22.0000 -19.8750  83.0000  62.6250  98.0625   4.9375  28.1875   3.4375  31.6250  37.9375 
 -7.3750 -11.9375  91.1250  47.8125 103.0625  28.7500  36.2500  13.6875  34.4375  39.8125 
146.9375   0.3125  93.3750  27.8750 111.0000 -31.3750  31.1250   3.3750  34.8750  45.6875 
 85.8750  11.7500  88.5000  11.0625 114.3750 -11.5000  33.6250   3.3750  32.1250  35.6250 
-215.3750  11.8750  97.3125   8.2500 116.6875 -12.1875  26.5000   4.1875  45.7500  49.5625 
-183.2500  11.6250  85.6875  20.2500 125.6875  22.5000  36.8125   3.5625  40.6875  45.2500 
  2.7500  20.3750  80.4375  38.1875 131.8125 -29.9375  29.2500   3.5625  38.5000  44.5000 
130.3750   9.4375  90.3750   2.1250 132.0000 173.4375  26.0625   7.1250  47.8750  46.5625 
131.4375   1.1875  89.5625 -20.3125 132.5000 189.2500  38.5625   9.4375  52.1250  43.6875 
 59.3750  13.9375  80.8125 -27.3750 135.1875 -86.6875  29.1875  13.9375  54.7500  31.0000 
-15.2500  12.0625  62.5625  -2.8125 120.0000  98.1250  30.2500  20.3125  35.6875  48.0625 
-36.0000   5.2500  64.1875 -82.8125 107.3750  13.6250  38.0625  27.0625  37.5000  55.6250 
 30.1875  -1.6250  51.3125 175.1250 101.9375 147.3750  40.1875  21.9375  44.0625  56.5000 
 48.4375  -2.8125  54.0000 349.4375  91.5625 220.1250  43.7500  22.3125  62.8750  55.6875 
 -9.9375   1.5625  27.8125 -57.1250  75.6875 -31.0625  53.1250  36.3750  51.3125  59.5000 
  1.1875   2.5625  12.8125 253.2500  74.2500 -261.0625  60.7500  36.1250  49.5625  71.5625 
 37.0000  -7.2500  12.2500  17.0625  53.2500 -46.6875  59.4375  29.5000  50.1875  86.1250 
 54.8125  -5.6875  15.7500  76.6250  46.6875 145.0625  72.6250  28.8125  49.8750  86.0625 
 25.3750   8.6250  24.3750 307.6250  34.8125 124.8125  85.1875  32.2500  60.9375  85.2500 
 29.6875   5.8125  32.3125 -15.3750  10.1250  39.2500  95.1250  34.7500  57.3750 101.1250 
 44.0000  -3.6875   7.9375 -264.9375   7.1875 -57.5000  89.5625  24.8750  40.2500 104.0000 
 27.8750   7.1250  -1.5625 -70.5000   4.7500 -67.8125  98.3125  38.9375  44.2500 105.8125 
 28.0000  15.1875 -20.1250  62.8750  23.7500  -0.6875 113.3125  46.8750  57.0000 107.7500 
 29.2500  18.0625  20.5625 105.9375  -4.8125  24.1875 119.2500  48.8750  58.7500 116.7500 
 19.5000  30.1250 -38.9375  88.7500 -14.5000  10.3125 117.4375  50.0000  56.0625 120.4375 
 23.3750  22.0000 160.5000   0.3750 -38.4375  -2.1875 129.4375  65.2500  44.3125 120.8750 
 30.0000  24.4375 133.4375 -48.9375 -24.9375 -10.5000 130.5000  66.7500  34.8750 126.8750 
 26.1875  19.6875 -145.8750 -29.2500   4.7500  -7.5000 127.3750  86.4375  45.0625 136.2500 
 29.8750  38.1250 227.1250 -10.5625  47.3125  -6.2500 143.6250  85.6875  49.7500 131.0625 
 50.2500  56.5000 -41.7500  -1.0625 -34.8125 -12.6875 143.6250  87.8125  54.1250 132.3125 
 44.8750  70.6875 465.1250 -20.0000 433.6875   2.8750 140.5625 104.2500  64.5000 125.4375 
 29.0000  79.8125 343.1250 -28.9375 -85.6875   4.9375 132.1875 112.6875  66.6250 124.2500 
 35.7500  84.0625 -263.0000 -26.6250 -81.8125   6.3750 117.7500 113.1250  61.6875 114.5000 
 46.0000  93.3125 -335.4375 -19.4375  -1.5000   4.8125 109.1875 123.1250  74.4375  93.5000 
 52.8750 102.5000 -60.6250 -19.5000 267.1875 -18.6250  98.2500 120.5000  93.1875  97.6250 
 44.1875 124.8750 116.3125   7.2500  58.8125 -63.8750  87.2500 129.3750  86.6250  85.0625 
 36.8125 154.1875 204.5625  17.2500 -99.4375 -113.8125  72.4375 134.5625 100.4375  56.9375 
 40.8750 148.5625 111.3125  18.5000 -12.0625 -117.3125  54.8750 131.0625 106.9375  51.9375 
 41.5625 167.9375 -30.8125  37.8750  18.9375 -84.2500  41.5625 128.0625 107.8750  32.8125 
 41.1250 189.8750 -141.1875  41.5625  53.5625 -42.3750  25.5625 114.5000 101.5625  24.8750 
 44.6250 223.4375 -181.5000  38.1875  64.3750 -16.8125  18.3125 105.5000 121.6875  13.0000 
 38.4375 189.5000 -120.4375  24.8125  57.3125 -38.7500  24.8750 109.4375 129.6875   3.0625 
 40.3750  83.5000 -13.6875  10.2500  29.6250 -99.3750  27.9375  88.2500 122.1875  16.6250 
 48.1875  48.0625  59.6875  -7.3750   0.3125 -175.6250   7.6875  72.5625 105.9375  17.9375 
 46.9375  11.3750  58.8125 -16.0625   0.3125 -177.7500  -3.3125  85.1250 107.8750  -2.3125 
 43.4375  52.7500   9.4375  -5.8750   9.7500 -119.6250  18.0625  54.0625 103.9375 -23.5000 
 47.0000  51.5625 -51.1250  11.6875   9.2500 -60.5625  26.4375  29.5625 102.5000  -9.3750 
 61.6875 -11.3750 -118.0000   4.3125  12.4375 -74.8750  37.0000  25.0000  91.1875  44.2500 
 71.8750  21.8125 -178.3125 -10.8750  -3.9375 -104.3750  56.8125  15.8125  93.1250 -105.0625 
 72.6875  10.6875 -217.0625  -9.0000  10.9375 -127.6250  69.6875  12.1875  82.8750  48.1250 
 85.0000 -22.1250 -212.9375  -1.9375  13.6875 -203.1875 -28.7500  -0.6250  73.0625 422.9375 
101.4375  -3.8125 -245.7500  -2.6250  24.6875 -281.9375  37.0000   3.4375  40.5625 -94.8125 
105.0000  -3.1250 -256.8125  -9.1250  23.8750 -260.7500  48.6875  20.3750  24.5000 207.5625 
104.5625 -17.8125 -212.3750  -3.1875  12.7500 -178.0000 146.7500  -4.8125  14.3750  61.0625 
126.8750  -7.6875 -155.3750  13.1875   5.1250 -86.6875 305.6875 -23.1250  20.9375 381.8750 
129.8750   2.1875 -129.5000  51.8125  16.3125 -44.1875  83.8750 -24.6250  20.8125 100.3750 
122.8750  -9.6875 -183.0000  25.7500   1.6875 -30.3125 -251.6250  53.5000  26.5000 -319.2500 
131.8125  -8.0625 -195.5625 -49.5625   0.7500 -26.8750 -125.0625  34.8125   6.4375 -193.6250 
134.0000 -10.1875 -192.5625 -105.8750   1.3125 -33.7500  84.6250 173.4375  19.9375 110.7500 
137.6250 -13.7500 -227.3125 -128.2500  20.1875 -52.3750 155.8125  -6.6875  11.1875 155.1875 
149.1250  -1.3125 -219.6875 -180.3125  18.3125 -56.0000  89.5000 -465.3125  64.8125  73.8750 
134.8750   1.8125 -129.5000 -258.0625  11.3750 -39.3125  -3.1875 273.6250 -35.1250 -23.5000 
113.0625   5.8125 -72.1875 -282.5625  26.2500 -26.6875 -34.0000 163.8750 161.1250 -17.5625 
101.3750  18.8750 -74.8750 -264.3750  45.5000 -11.8750 -23.3125 430.3125 178.4375  -5.3750 
101.1250   9.5000 -162.9375 -226.5625  73.5625   8.6250 -17.5000   5.7500 -145.1250  40.0625 
106.4375  18.7500 -221.4375 -192.3125  61.6250  30.8125 -27.7500 -264.1250 223.5000  82.5625 
 96.0000  18.3125 -200.3750 -144.8125  47.6250  39.3750 -47.3125 -33.5000  67.6250  55.6250 
 80.1875  11.8750 -134.7500 -87.9375  38.9375  43.6250 -44.7500 148.6250 127.3125  28.1250 
 71.1875  37.6250 -84.0000 -35.0000  18.6875  47.6250 -43.6875 155.0000 -111.2500 -19.8750 
 65.3750  44.1250 -53.8750  22.3125   5.1250  61.5625 -30.8750  37.9375 -55.0625 -71.3750 
 52.1250  54.5000 -59.7500  53.1250  25.8750  76.6875 -14.0625 -15.6250  80.7500 -114.6875 
 31.6250  58.2500 -80.5625  46.3750  62.0625  85.5625  -9.1250 -10.0625  66.5000 -139.5625 
 19.3750  67.2500 -64.1875  28.5000  66.6875  81.7500 -11.5625  -1.7500   6.1875 -187.5625 
 -1.8750  80.5000 -27.8750  32.0000  55.6875  68.9375   2.1875  23.8750  -9.8750 -247.3125 
 28.0625  79.0000  -5.1250  56.9375  27.2500  61.1875 -26.5625  46.1875 -11.3750 -281.2500 
 42.6875 101.3750   6.5000  68.8750   7.0625  56.5625 -85.8125  41.6875  25.1875 -297.0625 
 44.1250 105.5000  17.1250  69.8125 -18.9375  54.5625 -132.0625   9.4375  50.3750 -115.5000 
 46.5625 107.0000  36.1875  89.9375 -25.7500  54.8750 -148.6875  -8.8125  23.7500  87.8750 
 -5.1875 118.5625  44.5000  98.0625 -16.1875  60.7500 -162.6250 -13.1250   8.6875 -32.3125 
-12.0000 129.0625  52.4375  86.4375   2.0000  67.0625 -209.4375   0.3125 -15.5000 -240.5000 
 49.1250 125.0625  61.3750  91.5000  16.8750  69.3750 -236.6875  18.1250 -14.7500 -245.5625 
 89.6250 126.5625  60.7500 109.1250   5.4375  59.5625 -118.7500  20.6875 -10.8125 -230.5000 
  2.5000 124.5625  56.2500 127.0625 -24.4375  41.8750  99.8750  17.5625   2.5625 -263.1875 
-383.3750 114.0625  54.0000 122.9375 -50.8750  28.8125 111.8125  10.6875  16.5000 -247.5000 
703.2500 134.9375  57.9375  95.7500 -58.3125  25.8125 -112.9375   3.6875  11.6250 -166.6875 
229.1875 145.8125  63.2500  53.5625 -68.0625  27.8750 -286.1250  -4.1250  15.0625 -93.0000 
250.6250 137.0625  67.1875  41.9375 -85.6250  30.6250 -323.1875   4.3750   0.8750  -3.3125 
 72.7500 129.0000  71.2500  40.1250 -100.6250  27.0625 -267.9375   6.9375 -10.0625  63.5625 
-174.3125 116.5000  71.0625 -42.8750 -119.5625  15.3750 -176.0000  14.8750  -9.3750   5.1250 
-45.8750  96.6250  65.0000 -67.8125 -148.6875   1.2500 -54.1875  25.8125   1.3125 -47.0000 
122.9375  93.1875  58.6875  43.3125 -195.8125  -2.5000 -11.2500  27.1250  22.1250 -44.0000 
 82.2500  84.6875  53.0000  71.3750 -243.8750   1.8125   0.8750   4.9375  34.6875 -62.2500 
 31.8750  72.4375  47.6250  43.6875 -221.0000   7.6875  57.1875   6.6875  47.6875 -97.1250 
  2.0000  56.4375  39.1875  62.1250 -162.5000  23.1875  22.8750  14.3125  25.5625 -105.5625 
 40.5000  47.0000  36.3750  73.3750 -118.0625  40.1250 -50.5000  19.6875   0.2500 -67.5000 
 46.5000  30.0625  32.4375  11.2500 -130.2500  52.6875 -79.7500  31.1875  11.4375 -13.8750 
 25.6875  13.0625  32.1875 -20.7500 -156.3750  64.8125 -67.3750  22.8750  27.2500  27.4375 
 -0.1875   7.6875  18.3125  40.5625 -164.1875  71.6250 -33.9375  20.8750  32.1875  49.5000 
 -5.6875  16.3125  -5.3750  74.3125 -151.4375  69.5000  -6.0000  27.6875  28.3125  54.7500 
 -8.0000  33.8125 -25.6875  62.3125 -134.0000  65.4375  17.8750  44.0000  20.7500  61.8750 
-18.8750  32.6250 -33.1250  39.2500 -134.5000  60.6875  43.8125  32.3125  17.0625  73.1875 
-21.0000 -13.4375 -33.9375  25.1250 -162.8750   0.0000  68.8750  26.0000  -5.2500  80.9375 
 -7.8125 -45.5625 -35.5625  29.0625 -162.1250   0.0000  76.7500  41.3125 -22.8125  78.4375 
  3.1875 -34.1875 -32.3750  36.2500 -117.7500   0.0000  76.0000  45.1875 -19.3750  73.7500 
 26.4375 -114.3125 -25.4375  32.0000 -74.3750   0.0000  72.2500  27.8750  -5.2500  64.3750 
 32.5000  98.1250 -17.6250  33.3125 221.1250   0.0000  80.7500  18.0000   9.6250  68.0625 
  5.3125 512.0625 -11.5625   0.0000 128.5625   0.0000  84.0000  30.5625  19.6250  77.5625 
 -4.6250  68.0000   0.5625   0.0000 -116.1875   0.0000  88.0000  15.3125  36.6250  89.2500 
  0.6250 127.4375  10.1250   0.0000  68.8125   0.0000  86.8125 -15.6250  35.5625  96.5625 
 12.3125 -79.6875  10.0625   0.0000 -46.8750   0.0000  91.3125 -41.7500  21.7500  94.5625 
 23.2500 -10.6875   0.3125   0.0000 -111.0625   0.0000 108.7500 -30.3125  11.8750  88.4375 
 26.3125 120.2500  -7.0625   0.0000 -97.8750   0.0000 129.6250  -3.1875  12.8125  78.8750 
 22.6250  17.0625 -11.0625   0.0000 -43.0625   0.0000 148.3125 -11.8125   7.5000  63.1250 
 24.4375  30.6250  -7.9375   0.0000 -21.5000   0.0000 147.8750 -23.6250  -5.3125  47.6875 
 30.3750  24.4375   1.1875   0.0000  -0.8125   0.0000 127.0625 -30.5625  -4.1250  38.6875 
 28.9375   9.2500  10.8750   0.0000  -4.6875   0.0000  97.8125 -59.7500   5.5000  35.6875 
 32.8750  26.6875  15.5000   0.0000 -21.9375   0.0000  70.5625 -124.8750  18.5625  26.7500 
 28.3750  45.6250  18.3750   0.0000 -38.6250   0.0000  49.0625 -123.2500  22.7500   9.3125 
 20.1250  43.4375  20.5000   0.0000 -40.1875   0.0000  23.3125 -30.3125  21.5000  -3.1875 
  3.8750  19.9375  23.7500   0.0000 -46.7500   0.0000  -3.0000 -15.0625  23.8125  -9.4375 
-20.9375   7.9375  24.3125   0.0000 -32.1250   0.0000 -20.2500 -36.3125  19.6875 -24.5625 
-22.5625   5.3125   0.0000   0.0000 -20.1875   0.0000 -20.8750 -32.1875  14.5625 -44.9375 
-23.8750   2.5625   0.0000   0.0000 -18.3125   0.0000 -23.1875  17.0625  12.6875 -59.6250 
-33.1250  -4.1250   0.0000   0.0000 -14.6875   0.0000 -27.0000  19.4375  19.3750 -60.4375 
-31.9375 -25.5625   0.0000   0.0000 -13.4375   0.0000 -22.8750  13.1250  26.1250 -60.7500 
-26.6250 -30.7500   0.0000   0.0000  -2.1875   0.0000 -17.4375  46.5625  27.5625 -69.6875 
-11.5000 -27.6875   0.0000   0.0000   0.0000   0.0000 -13.1250  29.6875  31.5625 -73.4375 
  3.7500   2.0000   0.0000   0.0000   0.0000   0.0000 -16.6250  -4.5625  31.8750 -63.0625 
  0.2500  -1.3125   0.0000   0.0000   0.0000   0.0000 -25.3125  40.8750  33.7500 -42.6250 
-23.6875   9.8125   0.0000   0.0000   0.0000   0.0000 -31.6875  89.6875  32.2500 -22.4375 
-70.0000  21.5000   0.0000   0.0000   0.0000   0.0000 -31.3750  67.8125  32.0000  -9.3125 
-111.8125  41.4375   0.0000   0.0000   0.0000   0.0000 -27.8125 -67.8125  28.8125  -4.4375 
-158.7500  20.8750   0.0000   0.0000   0.0000   0.0000 -32.1250 -156.6250  25.9375  -6.5000 
-128.7500   4.6875   0.0000   0.0000   0.0000   0.0000 -41.4375 -142.8125  24.0625  -7.5625 
-67.5625   4.0000   0.0000   0.0000   0.0000   0.0000 -44.0000 -71.0000  22.3750  -6.5000 
-30.2500   4.3125   0.0000   0.0000   0.0000   0.0000 -43.9375   6.1875  30.3750  -8.0000 
-11.7500   2.5000   0.0000   0.0000   0.0000   0.0000 -35.6250  37.4375  33.5625 -16.1875 
-16.5000  -9.5000   0.0000   0.0000   0.0000   0.0000 -43.2500  35.4375  31.1250 -26.0625 
-17.3125  -8.8125   0.0000   0.0000   0.0000   0.0000 -51.0000  27.3750  30.0625 -35.5625 
 -9.6250  13.1875   0.0000   0.0000   0.0000   0.0000 -60.7500  23.4375  31.2500 -42.5625 
-32.5000  19.6250   0.0000   0.0000   0.0000   0.0000 -75.5625  22.8750  32.7500 -41.1875 
-66.0000  21.1250   0.0000   0.0000   0.0000   0.0000 -84.5000  11.6250  30.6875 -36.6250 
-47.8750  38.1250   0.0000   0.0000   0.0000   0.0000 -90.6875 -16.8125  31.3125 -34.9375 
-30.5625  79.6250   0.0000   0.0000   0.0000   0.0000 -91.5625 -43.0000  31.1250 -32.4375 
-80.1250 100.0625   0.0000   0.0000   0.0000   0.0000 -81.9375 -50.1875  24.3125 -30.1875 
-140.5000  74.5000   0.0000   0.0000   0.0000   0.0000 -64.3125 -43.3125  24.3125 -25.2500 
-162.6250  31.3750   0.0000   0.0000   0.0000   0.0000 -49.8125 -29.5000  22.9375 -18.3125 
-139.8750  35.1875   0.0000   0.0000   0.0000   0.0000 -31.8750 -17.1875   9.3750 -10.5000 
-100.6875  39.5000   0.0000   0.0000   0.0000   0.0000 -14.6875  -7.5625  -1.0000  -3.0625 
-66.3125  39.6250   0.0000   0.0000   0.0000   0.0000  -3.1875  -1.8125 -21.3125   0.2500 
 50.3125 -17.1875   0.0000   0.0000   0.0000   0.0000  -1.8125   2.1875 -26.6875  -0.6250 
 73.8125 -86.1875   0.0000   0.0000   0.0000   0.0000  -2.3750  15.4375 -22.0000  -1.6875 
 78.1250 -100.5625   0.0000   0.0000   0.0000   0.0000  -0.9375   0.0000 -38.2500  -2.5625 
 23.8125 -69.0000   0.0000   0.0000   0.0000   0.0000   7.0000   0.0000 -67.4375  -8.4375 
-32.5625 -10.0000   0.0000   0.0000   0.0000   0.0000  22.8750   0.0000 -98.0625 -16.1250 
 -6.6250  30.8125   0.0000   0.0000   0.0000   0.0000  39.3125   0.0000 -85.5625 -19.6250 
 41.3125  54.7500   0.0000   0.0000   0.0000   0.0000  48.2500   0.0000 -73.7500 -18.4375 
 50.0625  47.2500   0.0000   0.0000   0.0000   0.0000   0.0000   0.0000 -107.5625 -22.0000 
 34.2500  22.1875   0.0000   0.0000   0.0000   0.0000   0.0000   0.0000 -162.7500 -18.3125 
  6.5625   7.3750   0.0000   0.0000   0.0000   0.0000   0.0000   0.0000 -197.4375 -16.4375 
 21.8750   5.9375   0.0000   0.0000   0.0000   0.0000   0.0000   0.0000 -217.3750   0.0000 
 54.5625   4.6875   0.0000   0.0000   0.0000   0.0000   0.0000   0.0000 -212.1250   0.0000 
 -1.7500  -0.1250   0.0000   0.0000   0.0000   0.0000   0.0000   0.0000 -178.3750   0.0000 
  5.3125  -0.1250   0.0000   0.0000   0.0000   0.0000   0.0000   0.0000 -110.2500   0.0000 
-37.5625  -0.0625   0.0000   0.0000   0.0000   0.0000   0.0000   0.0000 -61.3125   0.0000 
-61.6250  -4.8750   0.0000   0.0000   0.0000   0.0000   0.0000   0.0000 -47.6875   0.0000 
-84.9375   2.5625   0.0000   0.0000   0.0000   0.0000   0.0000   0.0000 -11.6875   0.0000 
-69.6875  -1.0000   0.0000   0.0000   0.0000   0.0000   0.0000   0.0000  98.1250   0.0000 
-101.1875   2.1875   0.0000   0.0000   0.0000   0.0000   0.0000   0.0000 219.2500   0.0000 
-65.2500   1.3750   0.0000   0.0000   0.0000   0.0000   0.0000   0.0000 271.9375   0.0000 
-40.0000 -11.7500   0.0000   0.0000   0.0000   0.0000   0.0000   0.0000 -292.0000   0.0000 
-39.3750 -41.7500   0.0000   0.0000   0.0000   0.0000   0.0000   0.0000 -334.3125   0.0000 
-17.1250 -95.7500   0.0000   0.0000   0.0000   0.0000   0.0000   0.0000 -241.0000   0.0000 
-16.1875 -149.3125   0.0000   0.0000   0.0000   0.0000   0.0000   0.0000 170.5625   0.0000 
  0.0000 -176.4375   0.0000   0.0000   0.0000   0.0000   0.0000   0.0000 376.5625   0.0000 
  0.0000 -151.1250   0.0000   0.0000   0.0000   0.0000   0.0000   0.0000 207.6250   0.0000 
  0.0000 -102.8750   0.0000   0.0000   0.0000   0.0000   0.0000   0.0000  17.2500   0.0000 
  0.0000 -68.1875   0.0000   0.0000   0.0000   0.0000   0.0000   0.0000 -34.7500   0.0000 
  0.0000 -49.1250   0.0000   0.0000   0.0000   0.0000   0.0000   0.0000 -37.8125   0.0000 
  0.0000 -27.7500   0.0000   0.0000   0.0000   0.0000   0.0000   0.0000 -50.3750   0.0000 
  0.0000 -12.7500   0.0000   0.0000   0.0000   0.0000   0.0000   0.0000 -58.6250   0.0000 
  0.0000 -39.8125   0.0000   0.0000   0.0000   0.0000   0.0000   0.0000 -73.1250   0.0000 
  0.0000 -89.1250   0.0000   0.0000   0.0000   0.0000   0.0000   0.0000 -83.3750   0.0000 
  0.0000 -111.1875   0.0000   0.0000   0.0000   0.0000   0.0000   0.0000 -74.0000   0.0000 
  0.0000 -117.3125   0.0000   0.0000   0.0000   0.0000   0.0000   0.0000 -57.8750   0.0000 
  0.0000 -131.3125   0.0000   0.0000   0.0000   0.0000   0.0000   0.0000 -43.1250   0.0000 
  0.0000 -128.6250   0.0000   0.0000   0.0000   0.0000   0.0000   0.0000 -29.2500   0.0000 
  0.0000 -97.0625   0.0000   0.0000   0.0000   0.0000   0.0000   0.0000 -20.1250   0.0000 
  0.0000 -66.5625   0.0000   0.0000   0.0000   0.0000   0.0000   0.0000 -15.0000   0.0000 
  0.0000 -56.5000   0.0000   0.0000   0.0000   0.0000   0.0000   0.0000 -16.9375   0.0000 
  0.0000 -42.6875   0.0000   0.0000   0.0000   0.0000   0.0000   0.0000 -23.5625   0.0000 
  0.0000 -40.3750   0.0000   0.0000   0.0000   0.0000   0.0000   0.0000 -28.5000   0.0000 
  0.0000 -95.6875   0.0000   0.0000   0.0000   0.0000   0.0000   0.0000 -28.6875   0.0000 
  0.0000 -154.6250   0.0000   0.0000   0.0000   0.0000   0.0000   0.0000 -29.8750   0.0000 
  0.0000 -118.7500   0.0000   0.0000   0.0000   0.0000   0.0000   0.0000 -30.7500   0.0000 
  0.0000 -57.8125   0.0000   0.0000   0.0000   0.0000   0.0000   0.0000 -29.8750   0.0000 
  0.0000 -29.1250   0.0000   0.0000   0.0000   0.0000   0.0000   0.0000 -30.1250   0.0000 
  0.0000   1.7500   0.0000   0.0000   0.0000   0.0000   0.0000   0.0000 -29.1250   0.0000 
  0.0000 -13.6875   0.0000   0.0000   0.0000   0.0000   0.0000   0.0000 -24.8125   0.0000 
  0.0000 -39.6875   0.0000   0.0000   0.0000   0.0000   0.0000   0.0000 -19.1875   0.0000 
  0.0000 -42.6875   0.0000   0.0000   0.0000   0.0000   0.0000   0.0000 -14.1250   0.0000 
  0.0000 -40.3125   0.0000   0.0000   0.0000   0.0000   0.0000   0.0000  -7.6875   0.0000 
  0.0000 -43.7500   0.0000   0.0000   0.0000   0.0000   0.0000   0.0000  -7.5000   0.0000 
  0.0000 -25.1250   0.0000   0.0000   0.0000   0.0000   0.0000   0.0000 -11.1875   0.0000 
  0.0000  -1.3125   0.0000   0.0000   0.0000   0.0000   0.0000   0.0000  -5.1875   0.0000 
  0.0000   0.0000   0.0000   0.0000   0.0000   0.0000   0.0000   0.0000   8.1250   0.0000 
  0.0000   0.0000   0.0000   0.0000   0.0000   0.0000   0.0000   0.0000  21.3750   0.0000 
  0.0000   0.0000   0.0000   0.0000   0.0000   0.0000   0.0000   0.0000  37.3750   0.0000 
  0.0000   0.0000   0.0000   0.0000   0.0000   0.0000   0.0000   0.0000  54.6875   0.0000 
  0.0000   0.0000   0.0000   0.0000   0.0000   0.0000   0.0000   0.0000  54.9375   0.0000 
  0.0000   0.0000   0.0000   0.0000   0.0000   0.0000   0.0000   0.0000  47.4375   0.0000 
  0.0000   0.0000   0.0000   0.0000   0.0000   0.0000   0.0000   0.0000  43.1250   0.0000 
  0.0000   0.0000   0.0000   0.0000   0.0000   0.0000   0.0000   0.0000  41.6875   0.0000 
  0.0000   0.0000   0.0000   0.0000   0.0000   0.0000   0.0000   0.0000   0.0000   0.0000 
  0.0000   0.0000   0.0000   0.0000   0.0000   0.0000   0.0000   0.0000   0.0000   0.0000 
  0.0000   0.0000   0.0000   0.0000   0.0000   0.0000   0.0000   0.0000   0.0000   0.0000 
  0.0000   0.0000   0.0000   0.0000   0.0000   0.0000   0.0000   0.0000   0.0000   0.0000 
  0.0000   0.0000   0.0000   0.0000   0.0000   0.0000   0.0000   0.0000   0.0000   0.0000 
  0.0000   0.0000   0.0000   0.0000   0.0000   0.0000   0.0000   0.0000   0.0000   0.0000 
  0.0000   0.0000   0.0000   0.0000   0.0000   0.0000   0.0000   0.0000   0.0000   0.0000 
  0.0000   0.0000   0.0000   0.0000   0.0000   0.0000   0.0000   0.0000   0.0000   0.0000 
  0.0000   0.0000   0.0000   0.0000   0.0000   0.0000   0.0000   0.0000   0.0000   0.0000 
  0.0000   0.0000   0.0000   0.0000   0.0000   0.0000   0.0000   0.0000   0.0000   0.0000 
  0.0000   0.0000   0.0000   0.0000   0.0000   0.0000   0.0000   0.0000   0.0000   0.0000 
  0.0000   0.0000   0.0000   0.0000   0.0000   0.0000   0.0000   0.0000   0.0000   0.0000 
  0.0000   0.0000   0.0000   0.0000   0.0000   0.0000   0.0000   0.0000   0.0000   0.0000 
  0.0000   0.0000   0.0000   0.0000   0.0000   0.0000   0.0000   0.0000   0.0000   0.0000 
  0.0000   0.0000   0.0000   0.0000   0.0000   0.0000   0.0000   0.0000   0.0000   0.0000 
  0.0000   0.0000   0.0000   0.0000   0.0000   0.0000   0.0000   0.0000   0.0000   0.0000 
  0.0000   0.0000   0.0000   0.0000   0.0000   0.0000   0.0000   0.0000   0.0000   0.0000 
  0.0000   0.0000   0.0000   0.0000   0.0000   0.0000   0.0000   0.0000   0.0000   0.0000 
  0.0000   0.0000   0.0000   0.0000   0.0000   0.0000   0.0000   0.0000   0.0000   0.0000 
  0.0000   0.0000   0.0000   0.0000   0.0000   0.0000   0.0000   0.0000   0.0000   0.0000 
  0.0000   0.0000   0.0000   0.0000   0.0000   0.0000   0.0000   0.0000   0.0000   0.0000 
  0.0000   0.0000   0.0000   0.0000   0.0000   0.0000   0.0000   0.0000   0.0000   0.0000 
  0.0000   0.0000   0.0000   0.0000   0.0000   0.0000   0.0000   0.0000   0.0000   0.0000 
  0.0000   0.0000   0.0000   0.0000   0.0000   0.0000   0.0000   0.0000   0.0000   0.0000 
  0.0000   0.0000   0.0000   0.0000   0.0000   0.0000   0.0000   0.0000   0.0000   0.0000 
  0.0000   0.0000   0.0000   0.0000   0.0000   0.0000   0.0000   0.0000   0.0000   0.0000 
  0.0000   0.0000   0.0000   0.0000   0.0000   0.0000   0.0000   0.0000   0.0000   0.0000 
  0.0000   0.0000   0.0000   0.0000   0.0000   0.0000   0.0000   0.0000   0.0000   0.0000 
  0.0000   0.0000   0.0000   0.0000   0.0000   0.0000   0.0000   0.0000   0.0000   0.0000 
  0.0000   0.0000   0.0000   0.0000   0.0000   0.0000   0.0000   0.0000   0.0000   0.0000 
  0.0000   0.0000   0.0000   0.0000   0.0000   0.0000   0.0000   0.0000   0.0000   0.0000 
  0.0000   0.0000   0.0000   0.0000   0.0000   0.0000   0.0000   0.0000   0.0000   0.0000 
  0.0000   0.0000   0.0000   0.0000   0.0000   0.0000   0.0000   0.0000   0.0000   0.0000 
  0.0000   0.0000   0.0000   0.0000   0.0000   0.0000   0.0000   0.0000   0.0000   0.0000 
  0.0000   0.0000   0.0000   0.0000   0.0000   0.0000   0.0000   0.0000   0.0000   0.0000 
  0.0000   0.0000   0.0000   0.0000   0.0000   0.0000   0.0000   0.0000   0.0000   0.0000 
  0.0000   0.0000   0.0000   0.0000   0.0000   0.0000   0.0000   0.0000   0.0000   0.0000 
  0.0000   0.0000   0.0000   0.0000   0.0000   0.0000   0.0000   0.0000   0.0000   0.0000 
  0.0000   0.0000   0.0000   0.0000   0.0000   0.0000   0.0000   0.0000   0.0000   0.0000 
  0.0000   0.0000   0.0000   0.0000   0.0000   0.0000   0.0000   0.0000   0.0000   0.0000 
  0.0000   0.0000   0.0000   0.0000   0.0000   0.0000   0.0000   0.0000   0.0000   0.0000 
  0.0000   0.0000   0.0000   0.0000   0.0000   0.0000   0.0000   0.0000   0.0000   0.0000 
  0.0000   0.0000   0.0000   0.0000   0.0000   0.0000   0.0000   0.0000   0.0000   0.0000 
  0.0000   0.0000   0.0000   0.0000   0.0000   0.0000   0.0000   0.0000   0.0000   0.0000 
  0.0000   0.0000   0.0000   0.0000   0.0000   0.0000   0.0000   0.0000   0.0000   0.0000 
  0.0000   0.0000   0.0000   0.0000   0.0000   0.0000   0.0000   0.0000   0.0000   0.0000 
  0.0000   0.0000   0.0000   0.0000   0.0000   0.0000   0.0000   0.0000   0.0000   0.0000 
  0.0000   0.0000   0.0000   0.0000   0.0000   0.0000   0.0000   0.0000   0.0000   0.0000 
  0.0000   0.0000   0.0000   0.0000   0.0000   0.0000   0.0000   0.0000   0.0000   0.0000 
  0.0000   0.0000   0.0000   0.0000   0.0000   0.0000   0.0000   0.0000   0.0000   0.0000 
  0.0000   0.0000   0.0000   0.0000   0.0000   0.0000   0.0000   0.0000   0.0000   0.0000 
  0.0000   0.0000   0.0000   0.0000   0.0000   0.0000   0.0000   0.0000   0.0000   0.0000 
  0.0000   0.0000   0.0000   0.0000   0.0000   0.0000   0.0000   0.0000   0.0000   0.0000 
  0.0000   0.0000   0.0000   0.0000   0.0000   0.0000   0.0000   0.0000   0.0000   0.0000 
  0.0000   0.0000   0.0000   0.0000   0.0000   0.0000   0.0000   0.0000   0.0000   0.0000 
  0.0000   0.0000   0.0000   0.0000   0.0000   0.0000   0.0000   0.0000   0.0000   0.0000 
  0.0000   0.0000   0.0000   0.0000   0.0000   0.0000   0.0000   0.0000   0.0000   0.0000 
  0.0000   0.0000   0.0000   0.0000   0.0000   0.0000   0.0000   0.0000   0.0000   0.0000 
  0.0000   0.0000   0.0000   0.0000   0.0000   0.0000   0.0000   0.0000   0.0000   0.0000 
  0.0000   0.0000   0.0000   0.0000   0.0000   0.0000   0.0000   0.0000   0.0000   0.0000 
  0.0000   0.0000   0.0000   0.0000   0.0000   0.0000   0.0000   0.0000   0.0000   0.0000 
  0.0000   0.0000   0.0000   0.0000   0.0000   0.0000   0.0000   0.0000   0.0000   0.0000 
  0.0000   0.0000   0.0000   0.0000   0.0000   0.0000   0.0000   0.0000   0.0000   0.0000 
  0.0000   0.0000   0.0000   0.0000   0.0000   0.0000   0.0000   0.0000   0.0000   0.0000 
  0.0000   0.0000   0.0000   0.0000   0.0000   0.0000   0.0000   0.0000   0.0000   0.0000 
  0.0000   0.0000   0.0000   0.0000   0.0000   0.0000   0.0000   0.0000   0.0000   0.0000 
  0.0000   0.0000   0.0000   0.0000   0.0000   0.0000   0.0000   0.0000   0.0000   0.0000 
  0.0000   0.0000   0.0000   0.0000   0.0000   0.0000   0.0000   0.0000   0.0000   0.0000 
  0.0000   0.0000   0.0000   0.0000   0.0000   0.0000   0.0000   0.0000   0.0000   0.0000 
  0.0000   0.0000   0.0000   0.0000   0.0000   0.0000   0.0000   0.0000   0.0000   0.0000 
  0.0000   0.0000   0.0000   0.0000   0.0000   0.0000   0.0000   0.0000   0.0000   0.0000 
  0.0000   0.0000   0.0000   0.0000   0.0000   0.0000   0.0000   0.0000   0.0000   0.0000 
  0.0000   0.0000   0.0000   0.0000   0.0000   0.0000   0.0000   0.0000   0.0000   0.0000 
  0.0000   0.0000   0.0000   0.0000   0.0000   0.0000   0.0000   0.0000   0.0000   0.0000 
  0.0000   0.0000   0.0000   0.0000   0.0000   0.0000   0.0000   0.0000   0.0000   0.0000 
  0.0000   0.0000   0.0000   0.0000   0.0000   0.0000   0.0000   0.0000   0.0000   0.0000 
  0.0000   0.0000   0.0000   0.0000   0.0000   0.0000   0.0000   0.0000   0.0000   0.0000 
  0.0000   0.0000   0.0000   0.0000   0.0000   0.0000   0.0000   0.0000   0.0000   0.0000 
  0.0000   0.0000   0.0000   0.0000   0.0000   0.0000   0.0000   0.0000   0.0000   0.0000 
  0.0000   0.0000   0.0000   0.0000   0.0000   0.0000   0.0000   0.0000   0.0000   0.0000 
  0.0000   0.0000   0.0000   0.0000   0.0000   0.0000   0.0000   0.0000   0.0000   0.0000 
  0.0000   0.0000   0.0000   0.0000   0.0000   0.0000   0.0000   0.0000   0.0000   0.0000 
  0.0000   0.0000   0.0000   0.0000   0.0000   0.0000   0.0000   0.0000   0.0000   0.0000 
  0.0000   0.0000   0.0000   0.0000   0.0000   0.0000   0.0000   0.0000   0.0000   0.0000 
  0.0000   0.0000   0.0000   0.0000   0.0000   0.0000   0.0000   0.0000   0.0000   0.0000 
  0.0000   0.0000   0.0000   0.0000   0.0000   0.0000   0.0000   0.0000   0.0000   0.0000 
  0.0000   0.0000   0.0000   0.0000   0.0000   0.0000   0.0000   0.0000   0.0000   0.0000 
  0.0000   0.0000   0.0000   0.0000   0.0000   0.0000   0.0000   0.0000   0.0000   0.0000 
  0.0000   0.0000   0.0000   0.0000   0.0000   0.0000   0.0000   0.0000   0.0000   0.0000 
  0.0000   0.0000   0.0000   0.0000   0.0000   0.0000   0.0000   0.0000   0.0000   0.0000 
  0.0000   0.0000   0.0000   0.0000   0.0000   0.0000   0.0000   0.0000   0.0000   0.0000 
  0.0000   0.0000   0.0000   0.0000   0.0000   0.0000   0.0000   0.0000   0.0000   0.0000 
  0.0000   0.0000   0.0000   0.0000   0.0000   0.0000   0.0000   0.0000   0.0000   0.0000 
  0.0000   0.0000   0.0000   0.0000   0.0000   0.0000   0.0000   0.0000   0.0000   0.0000 
  0.0000   0.0000   0.0000   0.0000   0.0000   0.0000   0.0000   0.0000   0.0000   0.0000 
  0.0000   0.0000   0.0000   0.0000   0.0000   0.0000   0.0000   0.0000   0.0000   0.0000 
  0.0000   0.0000   0.0000   0.0000   0.0000   0.0000   0.0000   0.0000   0.0000   0.0000 
  0.0000   0.0000   0.0000   0.0000   0.0000   0.0000   0.0000   0.0000   0.0000   0.0000 
  0.0000   0.0000   0.0000   0.0000   0.0000   0.0000   0.0000   0.0000   0.0000   0.0000 
  0.0000   0.0000   0.0000   0.0000   0.0000   0.0000   0.0000   0.0000   0.0000   0.0000 
  0.0000   0.0000   0.0000   0.0000   0.0000   0.0000   0.0000   0.0000   0.0000   0.0000 
  0.0000   0.0000   0.0000   0.0000   0.0000   0.0000   0.0000   0.0000   0.0000   0.0000 
  0.0000   0.0000   0.0000   0.0000   0.0000   0.0000   0.0000   0.0000   0.0000   0.0000 
  0.0000   0.0000   0.0000   0.0000   0.0000   0.0000   0.0000   0.0000   0.0000   0.0000 
  0.0000   0.0000   0.0000   0.0000   0.0000   0.0000   0.0000   0.0000   0.0000   0.0000 
  0.0000   0.0000   0.0000   0.0000   0.0000   0.0000   0.0000   0.0000   0.0000   0.0000 
  0.0000   0.0000   0.0000   0.0000   0.0000   0.0000   0.0000   0.0000   0.0000   0.0000 
  0.0000   0.0000   0.0000   0.0000   0.0000   0.0000   0.0000   0.0000   0.0000   0.0000 
  0.0000   0.0000   0.0000   0.0000   0.0000   0.0000   0.0000   0.0000   0.0000   0.0000 
  0.0000   0.0000   0.0000   0.0000   0.0000   0.0000   0.0000   0.0000   0.0000   0.0000 
  0.0000   0.0000   0.0000   0.0000   0.0000   0.0000   0.0000   0.0000   0.0000   0.0000 
  0.0000   0.0000   0.0000   0.0000   0.0000   0.0000   0.0000   0.0000   0.0000   0.0000 
  0.0000   0.0000   0.0000   0.0000   0.0000   0.0000   0.0000   0.0000   0.0000   0.0000 
  0.0000   0.0000   0.0000   0.0000   0.0000   0.0000   0.0000   0.0000   0.0000   0.0000 
  0.0000   0.0000   0.0000   0.0000   0.0000   0.0000   0.0000   0.0000   0.0000   0.0000 
  0.0000   0.0000   0.0000   0.0000   0.0000   0.0000   0.0000   0.0000   0.0000   0.0000 
  0.0000   0.0000   0.0000   0.0000   0.0000   0.0000   0.0000   0.0000   0.0000   0.0000 
  0.0000   0.0000   0.0000   0.0000   0.0000   0.0000   0.0000   0.0000   0.0000   0.0000 
  0.0000   0.0000   0.0000   0.0000   0.0000   0.0000   0.0000   0.0000   0.0000   0.0000 
  0.0000   0.0000   0.0000   0.0000   0.0000   0.0000   0.0000   0.0000   0.0000   0.0000 
  0.0000   0.0000   0.0000   0.0000   0.0000   0.0000   0.0000   0.0000   0.0000   0.0000 
  0.0000   0.0000   0.0000   0.0000   0.0000   0.0000   0.0000   0.0000   0.0000   0.0000 
  0.0000   0.0000   0.0000   0.0000   0.0000   0.0000   0.0000   0.0000   0.0000   0.0000 
  0.0000   0.0000   0.0000   0.0000   0.0000   0.0000   0.0000   0.0000   0.0000   0.0000 
  0.0000   0.0000   0.0000   0.0000   0.0000   0.0000   0.0000   0.0000   0.0000   0.0000 
  0.0000   0.0000   0.0000   0.0000   0.0000   0.0000   0.0000   0.0000   0.0000   0.0000 
  0.0000   0.0000   0.0000   0.0000   0.0000   0.0000   0.0000   0.0000   0.0000   0.0000 
  0.0000   0.0000   0.0000   0.0000   0.0000   0.0000   0.0000   0.0000   0.0000   0.0000 
  0.0000   0.0000   0.0000   0.0000   0.0000   0.0000   0.0000   0.0000   0.0000   0.0000 
  0.0000   0.0000   0.0000   0.0000   0.0000   0.0000   0.0000   0.0000   0.0000   0.0000 
  0.0000   0.0000   0.0000   0.0000   0.0000   0.0000   0.0000   0.0000   0.0000   0.0000 
  0.0000   0.0000   0.0000   0.0000   0.0000   0.0000   0.0000   0.0000   0.0000   0.0000 
  0.0000   0.0000   0.0000   0.0000   0.0000   0.0000   0.0000   0.0000   0.0000   0.0000 
  0.0000   0.0000   0.0000   0.0000   0.0000   0.0000   0.0000   0.0000   0.0000   0.0000 
  0.0000   0.0000   0.0000   0.0000   0.0000   0.0000   0.0000   0.0000   0.0000   0.0000 
  0.0000   0.0000   0.0000   0.0000   0.0000   0.0000   0.0000   0.0000   0.0000   0.0000 
  0.0000   0.0000   0.0000   0.0000   0.0000   0.0000   0.0000   0.0000   0.0000   0.0000 
  0.0000   0.0000   0.0000   0.0000   0.0000   0.0000   0.0000   0.0000   0.0000   0.0000 
  0.0000   0.0000   0.0000   0.0000   0.0000   0.0000   0.0000   0.0000   0.0000   0.0000 
  0.0000   0.0000   0.0000   0.0000   0.0000   0.0000   0.0000   0.0000   0.0000   0.0000 
  0.0000   0.0000   0.0000   0.0000   0.0000   0.0000   0.0000   0.0000   0.0000   0.0000 
  0.0000   0.0000   0.0000   0.0000   0.0000   0.0000   0.0000   0.0000   0.0000   0.0000 
  0.0000   0.0000   0.0000   0.0000   0.0000   0.0000   0.0000   0.0000   0.0000   0.0000 
  0.0000   0.0000   0.0000   0.0000   0.0000   0.0000   0.0000   0.0000   0.0000   0.0000 
  0.0000   0.0000   0.0000   0.0000   0.0000   0.0000   0.0000   0.0000   0.0000   0.0000 
  0.0000   0.0000   0.0000   0.0000   0.0000   0.0000   0.0000   0.0000   0.0000   0.0000 
  0.0000   0.0000   0.0000   0.0000   0.0000   0.0000   0.0000   0.0000   0.0000   0.0000 
  0.0000   0.0000   0.0000   0.0000   0.0000   0.0000   0.0000   0.0000   0.0000   0.0000 
  0.0000   0.0000   0.0000   0.0000   0.0000   0.0000   0.0000   0.0000   0.0000   0.0000 
  0.0000   0.0000   0.0000   0.0000   0.0000   0.0000   0.0000   0.0000   0.0000   0.0000 
  0.0000   0.0000   0.0000   0.0000   0.0000   0.0000   0.0000   0.0000   0.0000   0.0000 
  0.0000   0.0000   0.0000   0.0000   0.0000   0.0000   0.0000   0.0000   0.0000   0.0000 
  0.0000   0.0000   0.0000   0.0000   0.0000   0.0000   0.0000   0.0000   0.0000   0.0000 
  0.0000   0.0000   0.0000   0.0000   0.0000   0.0000   0.0000   0.0000   0.0000   0.0000 
  0.0000   0.0000   0.0000   0.0000   0.0000   0.0000   0.0000   0.0000   0.0000   0.0000 
  0.0000   0.0000   0.0000   0.0000   0.0000   0.0000   0.0000   0.0000   0.0000   0.0000 
  0.0000   0.0000   0.0000   0.0000   0.0000   0.0000   0.0000   0.0000   0.0000   0.0000 
  0.0000   0.0000   0.0000   0.0000   0.0000   0.0000   0.0000   0.0000   0.0000   0.0000 
  0.0000   0.0000   0.0000   0.0000   0.0000   0.0000   0.0000   0.0000   0.0000   0.0000 
  0.0000   0.0000   0.0000   0.0000   0.0000   0.0000   0.0000   0.0000   0.0000   0.0000 
  0.0000   0.0000   0.0000   0.0000   0.0000   0.0000   0.0000   0.0000   0.0000   0.0000 
  0.0000   0.0000   0.0000   0.0000   0.0000   0.0000   0.0000   0.0000   0.0000   0.0000 
  0.0000   0.0000   0.0000   0.0000   0.0000   0.0000   0.0000   0.0000   0.0000   0.0000 
  0.0000   0.0000   0.0000   0.0000   0.0000   0.0000   0.0000   0.0000   0.0000   0.0000 
  0.0000   0.0000   0.0000   0.0000   0.0000   0.0000   0.0000   0.0000   0.0000   0.0000 
  0.0000   0.0000   0.0000   0.0000   0.0000   0.0000   0.0000   0.0000   0.0000   0.0000 
  0.0000   0.0000   0.0000   0.0000   0.0000   0.0000   0.0000   0.0000   0.0000   0.0000 
  0.0000   0.0000   0.0000   0.0000   0.0000   0.0000   0.0000   0.0000   0.0000   0.0000 
  0.0000   0.0000   0.0000   0.0000   0.0000   0.0000   0.0000   0.0000   0.0000   0.0000 
  0.0000   0.0000   0.0000   0.0000   0.0000   0.0000   0.0000   0.0000   0.0000   0.0000 
  0.0000   0.0000   0.0000   0.0000   0.0000   0.0000   0.0000   0.0000   0.0000   0.0000 
  0.0000   0.0000   0.0000   0.0000   0.0000   0.0000   0.0000   0.0000   0.0000   0.0000 
  0.0000   0.0000   0.0000   0.0000   0.0000   0.0000   0.0000   0.0000   0.0000   0.0000 
  0.0000   0.0000   0.0000   0.0000   0.0000   0.0000   0.0000   0.0000   0.0000   0.0000 
  0.0000   0.0000   0.0000   0.0000   0.0000   0.0000   0.0000   0.0000   0.0000   0.0000 
  0.0000   0.0000   0.0000   0.0000   0.0000   0.0000   0.0000   0.0000   0.0000   0.0000 
  0.0000   0.0000   0.0000   0.0000   0.0000   0.0000   0.0000   0.0000   0.0000   0.0000 
  0.0000   0.0000   0.0000   0.0000   0.0000   0.0000   0.0000   0.0000   0.0000   0.0000 
  0.0000   0.0000   0.0000   0.0000   0.0000   0.0000   0.0000   0.0000   0.0000   0.0000 
  0.0000   0.0000   0.0000   0.0000   0.0000   0.0000   0.0000   0.0000   0.0000   0.0000 
  0.0000   0.0000   0.0000   0.0000   0.0000   0.0000   0.0000   0.0000   0.0000   0.0000 
  0.0000   0.0000   0.0000   0.0000   0.0000   0.0000   0.0000   0.0000   0.0000   0.0000 
  0.0000   0.0000   0.0000   0.0000   0.0000   0.0000   0.0000   0.0000   0.0000   0.0000 
  0.0000   0.0000   0.0000   0.0000   0.0000   0.0000   0.0000   0.0000   0.0000   0.0000 
  0.0000   0.0000   0.0000   0.0000   0.0000   0.0000   0.0000   0.0000   0.0000   0.0000 
  0.0000   0.0000   0.0000   0.0000   0.0000   0.0000   0.0000   0.0000   0.0000   0.0000 
  0.0000   0.0000   0.0000   0.0000   0.0000   0.0000   0.0000   0.0000   0.0000   0.0000 
  0.0000   0.0000   0.0000   0.0000   0.0000   0.0000   0.0000   0.0000   0.0000   0.0000 
  0.0000   0.0000   0.0000   0.0000   0.0000   0.0000   0.0000   0.0000   0.0000   0.0000 
  0.0000   0.0000   0.0000   0.0000   0.0000   0.0000   0.0000   0.0000   0.0000   0.0000 
  0.0000   0.0000   0.0000   0.0000   0.0000   0.0000   0.0000   0.0000   0.0000   0.0000 
  0.0000   0.0000   0.0000   0.0000   0.0000   0.0000   0.0000   0.0000   0.0000   0.0000 
  0.0000   0.0000   0.0000   0.0000   0.0000   0.0000   0.0000   0.0000   0.0000   0.0000 
  0.0000   0.0000   0.0000   0.0000   0.0000   0.0000   0.0000   0.0000   0.0000   0.0000 
  0.0000   0.0000   0.0000   0.0000   0.0000   0.0000   0.0000   0.0000   0.0000   0.0000 
  0.0000   0.0000   0.0000   0.0000   0.0000   0.0000   0.0000   0.0000   0.0000   0.0000 
  0.0000   0.0000   0.0000   0.0000   0.0000   0.0000   0.0000   0.0000   0.0000   0.0000 
  0.0000   0.0000   0.0000   0.0000   0.0000   0.0000   0.0000   0.0000   0.0000   0.0000 
  0.0000   0.0000   0.0000   0.0000   0.0000   0.0000   0.0000   0.0000   0.0000   0.0000 
  0.0000   0.0000   0.0000   0.0000   0.0000   0.0000   0.0000   0.0000   0.0000   0.0000 
  0.0000   0.0000   0.0000   0.0000   0.0000   0.0000   0.0000   0.0000   0.0000   0.0000 
  0.0000   0.0000   0.0000   0.0000   0.0000   0.0000   0.0000   0.0000   0.0000   0.0000 
  0.0000   0.0000   0.0000   0.0000   0.0000   0.0000   0.0000   0.0000   0.0000   0.0000 
  0.0000   0.0000   0.0000   0.0000   0.0000   0.0000   0.0000   0.0000   0.0000   0.0000 
  0.0000   0.0000   0.0000   0.0000   0.0000   0.0000   0.0000   0.0000   0.0000   0.0000 
  0.0000   0.0000   0.0000   0.0000   0.0000   0.0000   0.0000   0.0000   0.0000   0.0000 
  0.0000   0.0000   0.0000   0.0000   0.0000   0.0000   0.0000   0.0000   0.0000   0.0000 
  0.0000   0.0000   0.0000   0.0000   0.0000   0.0000   0.0000   0.0000   0.0000   0.0000 
  0.0000   0.0000   0.0000   0.0000   0.0000   0.0000   0.0000   0.0000   0.0000   0.0000 
  0.0000   0.0000   0.0000   0.0000   0.0000   0.0000   0.0000   0.0000   0.0000   0.0000 
  0.0000   0.0000   0.0000   0.0000   0.0000   0.0000   0.0000   0.0000   0.0000   0.0000 
  0.0000   0.0000   0.0000   0.0000   0.0000   0.0000   0.0000   0.0000   0.0000   0.0000 
  0.0000   0.0000   0.0000   0.0000   0.0000   0.0000   0.0000   0.0000   0.0000   0.0000 
  0.0000   0.0000   0.0000   0.0000   0.0000   0.0000   0.0000   0.0000   0.0000   0.0000 
  0.0000   0.0000   0.0000   0.0000   0.0000   0.0000   0.0000   0.0000   0.0000   0.0000 
  0.0000   0.0000   0.0000   0.0000   0.0000   0.0000   0.0000   0.0000   0.0000   0.0000 
  0.0000   0.0000   0.0000   0.0000   0.0000   0.0000   0.0000   0.0000   0.0000   0.0000 
  0.0000   0.0000   0.0000   0.0000   0.0000   0.0000   0.0000   0.0000   0.0000   0.0000 
  0.0000   0.0000   0.0000   0.0000   0.0000   0.0000   0.0000   0.0000   0.0000   0.0000 
  0.0000   0.0000   0.0000   0.0000   0.0000   0.0000   0.0000   0.0000   0.0000   0.0000 
  0.0000   0.0000   0.0000   0.0000   0.0000   0.0000   0.0000   0.0000   0.0000   0.0000 
  0.0000   0.0000   0.0000   0.0000   0.0000   0.0000   0.0000   0.0000   0.0000   0.0000 
  0.0000   0.0000   0.0000   0.0000   0.0000   0.0000   0.0000   0.0000   0.0000   0.0000 
  0.0000   0.0000   0.0000   0.0000   0.0000   0.0000   0.0000   0.0000   0.0000   0.0000 
  0.0000   0.0000   0.0000   0.0000   0.0000   0.0000   0.0000   0.0000   0.0000   0.0000 
  0.0000   0.0000   0.0000   0.0000   0.0000   0.0000   0.0000   0.0000   0.0000   0.0000 
  0.0000   0.0000   0.0000   0.0000   0.0000   0.0000   0.0000   0.0000   0.0000   0.0000 
  0.0000   0.0000   0.0000   0.0000   0.0000   0.0000   0.0000   0.0000   0.0000   0.0000 
  0.0000   0.0000   0.0000   0.0000   0.0000   0.0000   0.0000   0.0000   0.0000   0.0000 
  0.0000   0.0000   0.0000   0.0000   0.0000   0.0000   0.0000   0.0000   0.0000   0.0000 
  0.0000   0.0000   0.0000   0.0000   0.0000   0.0000   0.0000   0.0000   0.0000   0.0000 
  0.0000   0.0000   0.0000   0.0000   0.0000   0.0000   0.0000   0.0000   0.0000   0.0000 
  0.0000   0.0000   0.0000   0.0000   0.0000   0.0000   0.0000   0.0000   0.0000   0.0000 
  0.0000   0.0000   0.0000   0.0000   0.0000   0.0000   0.0000   0.0000   0.0000   0.0000 
  0.0000   0.0000   0.0000   0.0000   0.0000   0.0000   0.0000   0.0000   0.0000   0.0000 
  0.0000   0.0000   0.0000   0.0000   0.0000   0.0000   0.0000   0.0000   0.0000   0.0000 
  0.0000   0.0000   0.0000   0.0000   0.0000   0.0000   0.0000   0.0000   0.0000   0.0000 
  0.0000   0.0000   0.0000   0.0000   0.0000   0.0000   0.0000   0.0000   0.0000   0.0000 
  0.0000   0.0000   0.0000   0.0000   0.0000   0.0000   0.0000   0.0000   0.0000   0.0000 
  0.0000   0.0000   0.0000   0.0000   0.0000   0.0000   0.0000   0.0000   0.0000   0.0000 
  0.0000   0.0000   0.0000   0.0000   0.0000   0.0000   0.0000   0.0000   0.0000   0.0000 
  0.0000   0.0000   0.0000   0.0000   0.0000   0.0000   0.0000   0.0000   0.0000   0.0000 
  0.0000   0.0000   0.0000   0.0000   0.0000   0.0000   0.0000   0.0000   0.0000   0.0000 
  0.0000   0.0000   0.0000   0.0000   0.0000   0.0000   0.0000   0.0000   0.0000   0.0000 
  0.0000   0.0000   0.0000   0.0000   0.0000   0.0000   0.0000   0.0000   0.0000   0.0000 
  0.0000   0.0000   0.0000   0.0000   0.0000   0.0000   0.0000   0.0000   0.0000   0.0000 
  0.0000   0.0000   0.0000   0.0000   0.0000   0.0000   0.0000   0.0000   0.0000   0.0000 
  0.0000   0.0000   0.0000   0.0000   0.0000   0.0000   0.0000   0.0000   0.0000   0.0000 
  0.0000   0.0000   0.0000   0.0000   0.0000   0.0000   0.0000   0.0000   0.0000   0.0000 
  0.0000   0.0000   0.0000   0.0000   0.0000   0.0000   0.0000   0.0000   0.0000   0.0000 
  0.0000   0.0000   0.0000   0.0000   0.0000   0.0000   0.0000   0.0000   0.0000   0.0000 
  0.0000   0.0000   0.0000   0.0000   0.0000   0.0000   0.0000   0.0000   0.0000   0.0000 
  0.0000   0.0000   0.0000   0.0000   0.0000   0.0000   0.0000   0.0000   0.0000   0.0000 
  0.0000   0.0000   0.0000   0.0000   0.0000   0.0000   0.0000   0.0000   0.0000   0.0000 
  0.0000   0.0000   0.0000   0.0000   0.0000   0.0000   0.0000   0.0000   0.0000   0.0000 
  0.0000   0.0000   0.0000   0.0000   0.0000   0.0000   0.0000   0.0000   0.0000   0.0000 
  0.0000   0.0000   0.0000   0.0000   0.0000   0.0000   0.0000   0.0000   0.0000   0.0000 
  0.0000   0.0000   0.0000   0.0000   0.0000   0.0000   0.0000   0.0000   0.0000   0.0000 
  0.0000   0.0000   0.0000   0.0000   0.0000   0.0000   0.0000   0.0000   0.0000   0.0000 
  0.0000   0.0000   0.0000   0.0000   0.0000   0.0000   0.0000   0.0000   0.0000   0.0000 
  0.0000   0.0000   0.0000   0.0000   0.0000   0.0000   0.0000   0.0000   0.0000   0.0000 
  0.0000   0.0000   0.0000   0.0000   0.0000   0.0000   0.0000   0.0000   0.0000   0.0000 
  0.0000   0.0000   0.0000   0.0000   0.0000   0.0000   0.0000   0.0000   0.0000   0.0000 
  0.0000   0.0000   0.0000   0.0000   0.0000   0.0000   0.0000   0.0000   0.0000   0.0000 
  0.0000   0.0000   0.0000   0.0000   0.0000   0.0000   0.0000   0.0000   0.0000   0.0000 
  0.0000   0.0000   0.0000   0.0000   0.0000   0.0000   0.0000   0.0000   0.0000   0.0000 
  0.0000   0.0000   0.0000   0.0000   0.0000   0.0000   0.0000   0.0000   0.0000   0.0000 
  0.0000   0.0000   0.0000   0.0000   0.0000   0.0000   0.0000   0.0000   0.0000   0.0000 
  0.0000   0.0000   0.0000   0.0000   0.0000   0.0000   0.0000   0.0000   0.0000   0.0000 
  0.0000   0.0000   0.0000   0.0000   0.0000   0.0000   0.0000   0.0000   0.0000   0.0000 
  0.0000   0.0000   0.0000   0.0000   0.0000   0.0000   0.0000   0.0000   0.0000   0.0000 
  0.0000   0.0000   0.0000   0.0000   0.0000   0.0000   0.0000   0.0000   0.0000   0.0000 
  0.0000   0.0000   0.0000   0.0000   0.0000   0.0000   0.0000   0.0000   0.0000   0.0000 
  0.0000   0.0000   0.0000   0.0000   0.0000   0.0000   0.0000   0.0000   0.0000   0.0000 
  0.0000   0.0000   0.0000   0.0000   0.0000   0.0000   0.0000   0.0000   0.0000   0.0000 
  0.0000   0.0000   0.0000   0.0000   0.0000   0.0000   0.0000   0.0000   0.0000   0.0000 
  0.0000   0.0000   0.0000   0.0000   0.0000   0.0000   0.0000   0.0000   0.0000   0.0000 
  0.0000   0.0000   0.0000   0.0000   0.0000   0.0000   0.0000   0.0000   0.0000   0.0000 
  0.0000   0.0000   0.0000   0.0000   0.0000   0.0000   0.0000   0.0000   0.0000   0.0000 
  0.0000   0.0000   0.0000   0.0000   0.0000   0.0000   0.0000   0.0000   0.0000   0.0000 
  0.0000   0.0000   0.0000   0.0000   0.0000   0.0000   0.0000   0.0000   0.0000   0.0000 
  0.0000   0.0000   0.0000   0.0000   0.0000   0.0000   0.0000   0.0000   0.0000   0.0000 
  0.0000   0.0000   0.0000   0.0000   0.0000   0.0000   0.0000   0.0000   0.0000   0.0000 
  0.0000   0.0000   0.0000   0.0000   0.0000   0.0000   0.0000   0.0000   0.0000   0.0000 
  0.0000   0.0000   0.0000   0.0000   0.0000   0.0000   0.0000   0.0000   0.0000   0.0000 
  0.0000   0.0000   0.0000   0.0000   0.0000   0.0000   0.0000   0.0000   0.0000   0.0000 
  0.0000   0.0000   0.0000   0.0000   0.0000   0.0000   0.0000   0.0000   0.0000   0.0000 
  0.0000   0.0000   0.0000   0.0000   0.0000   0.0000   0.0000   0.0000   0.0000   0.0000 
  0.0000   0.0000   0.0000   0.0000   0.0000   0.0000   0.0000   0.0000   0.0000   0.0000 
  0.0000   0.0000   0.0000   0.0000   0.0000   0.0000   0.0000   0.0000   0.0000   0.0000 
  0.0000   0.0000   0.0000   0.0000   0.0000   0.0000   0.0000   0.0000   0.0000   0.0000 
  0.0000   0.0000   0.0000   0.0000   0.0000   0.0000   0.0000   0.0000   0.0000   0.0000 
  0.0000   0.0000   0.0000   0.0000   0.0000   0.0000   0.0000   0.0000   0.0000   0.0000 
  0.0000   0.0000   0.0000   0.0000   0.0000   0.0000   0.0000   0.0000   0.0000   0.0000 
  0.0000   0.0000   0.0000   0.0000   0.0000   0.0000   0.0000   0.0000   0.0000   0.0000 
  0.0000   0.0000   0.0000   0.0000   0.0000   0.0000   0.0000   0.0000   0.0000   0.0000 
  0.0000   0.0000   0.0000   0.0000   0.0000   0.0000   0.0000   0.0000   0.0000   0.0000 
  0.0000   0.0000   0.0000   0.0000   0.0000   0.0000   0.0000   0.0000   0.0000   0.0000 
  0.0000   0.0000   0.0000   0.0000   0.0000   0.0000   0.0000   0.0000   0.0000   0.0000 
  0.0000   0.0000   0.0000   0.0000   0.0000   0.0000   0.0000   0.0000   0.0000   0.0000 
  0.0000   0.0000   0.0000   0.0000   0.0000   0.0000   0.0000   0.0000   0.0000   0.0000 
  0.0000   0.0000   0.0000   0.0000   0.0000   0.0000   0.0000   0.0000   0.0000   0.0000 
  0.0000   0.0000   0.0000   0.0000   0.0000   0.0000   0.0000   0.0000   0.0000   0.0000 
  0.0000   0.0000   0.0000   0.0000   0.0000   0.0000   0.0000   0.0000   0.0000   0.0000 
  0.0000   0.0000   0.0000   0.0000   0.0000   0.0000   0.0000   0.0000   0.0000   0.0000 
  0.0000   0.0000   0.0000   0.0000   0.0000   0.0000   0.0000   0.0000   0.0000   0.0000 
  0.0000   0.0000   0.0000   0.0000   0.0000   0.0000   0.0000   0.0000   0.0000   0.0000 
  0.0000   0.0000   0.0000   0.0000   0.0000   0.0000   0.0000   0.0000   0.0000   0.0000 
  0.0000   0.0000   0.0000   0.0000   0.0000   0.0000   0.0000   0.0000   0.0000   0.0000 
  0.0000   0.0000   0.0000   0.0000   0.0000   0.0000   0.0000   0.0000   0.0000   0.0000 
  0.0000   0.0000   0.0000   0.0000   0.0000   0.0000   0.0000   0.0000   0.0000   0.0000 
  0.0000   0.0000   0.0000   0.0000   0.0000   0.0000   0.0000   0.0000   0.0000   0.0000 
  0.0000   0.0000   0.0000   0.0000   0.0000   0.0000   0.0000   0.0000   0.0000   0.0000 
  0.0000   0.0000   0.0000   0.0000   0.0000   0.0000   0.0000   0.0000   0.0000   0.0000 
  0.0000   0.0000   0.0000   0.0000   0.0000   0.0000   0.0000   0.0000   0.0000   0.0000 
  0.0000   0.0000   0.0000   0.0000   0.0000   0.0000   0.0000   0.0000   0.0000   0.0000 
  0.0000   0.0000   0.0000   0.0000   0.0000   0.0000   0.0000   0.0000   0.0000   0.0000 
  0.0000   0.0000   0.0000   0.0000   0.0000   0.0000   0.0000   0.0000   0.0000   0.0000 
  0.0000   0.0000   0.0000   0.0000   0.0000   0.0000   0.0000   0.0000   0.0000   0.0000 
  0.0000   0.0000   0.0000   0.0000   0.0000   0.0000   0.0000   0.0000   0.0000   0.0000 
  0.0000   0.0000   0.0000   0.0000   0.0000   0.0000   0.0000   0.0000   0.0000   0.0000 
  0.0000   0.0000   0.0000   0.0000   0.0000   0.0000   0.0000   0.0000   0.0000   0.0000 
  0.0000   0.0000   0.0000   0.0000   0.0000   0.0000   0.0000   0.0000   0.0000   0.0000 
  0.0000   0.0000   0.0000   0.0000   0.0000   0.0000   0.0000   0.0000   0.0000   0.0000 
  0.0000   0.0000   0.0000   0.0000   0.0000   0.0000   0.0000   0.0000   0.0000   0.0000 
  0.0000   0.0000   0.0000   0.0000   0.0000   0.0000   0.0000   0.0000   0.0000   0.0000 
  0.0000   0.0000   0.0000   0.0000   0.0000   0.0000   0.0000   0.0000   0.0000   0.0000 
  0.0000   0.0000   0.0000   0.0000   0.0000   0.0000   0.0000   0.0000   0.0000   0.0000 
  0.0000   0.0000   0.0000   0.0000   0.0000   0.0000   0.0000   0.0000   0.0000   0.0000 
  0.0000   0.0000   0.0000   0.0000   0.0000   0.0000   0.0000   0.0000   0.0000   0.0000 
  0.0000   0.0000   0.0000   0.0000   0.0000   0.0000   0.0000   0.0000   0.0000   0.0000 
  0.0000   0.0000   0.0000   0.0000   0.0000   0.0000   0.0000   0.0000   0.0000   0.0000 
  0.0000   0.0000   0.0000   0.0000   0.0000   0.0000   0.0000   0.0000   0.0000   0.0000 
  0.0000   0.0000   0.0000   0.0000   0.0000   0.0000   0.0000   0.0000   0.0000   0.0000 
  0.0000   0.0000   0.0000   0.0000   0.0000   0.0000   0.0000   0.0000   0.0000   0.0000 
  0.0000   0.0000   0.0000   0.0000   0.0000   0.0000   0.0000   0.0000   0.0000   0.0000 
  0.0000   0.0000   0.0000   0.0000   0.0000   0.0000   0.0000   0.0000   0.0000   0.0000 
  0.0000   0.0000   0.0000   0.0000   0.0000   0.0000   0.0000   0.0000   0.0000   0.0000 
  0.0000   0.0000   0.0000   0.0000   0.0000   0.0000   0.0000   0.0000   0.0000   0.0000 
  0.0000   0.0000   0.0000   0.0000   0.0000   0.0000   0.0000   0.0000   0.0000   0.0000 
  0.0000   0.0000   0.0000   0.0000   0.0000   0.0000   0.0000   0.0000   0.0000   0.0000 
  0.0000   0.0000   0.0000   0.0000   0.0000   0.0000   0.0000   0.0000   0.0000   0.0000 
  0.0000   0.0000   0.0000   0.0000   0.0000   0.0000   0.0000   0.0000   0.0000   0.0000 
  0.0000   0.0000   0.0000   0.0000   0.0000   0.0000   0.0000   0.0000   0.0000   0.0000 
  0.0000   0.0000   0.0000   0.0000   0.0000   0.0000   0.0000   0.0000   0.0000   0.0000 
  0.0000   0.0000   0.0000   0.0000   0.0000   0.0000   0.0000   0.0000   0.0000   0.0000 
  0.0000   0.0000   0.0000   0.0000   0.0000   0.0000   0.0000   0.0000   0.0000   0.0000 
  0.0000   0.0000   0.0000   0.0000   0.0000   0.0000   0.0000   0.0000   0.0000   0.0000 
  0.0000   0.0000   0.0000   0.0000   0.0000   0.0000   0.0000   0.0000   0.0000   0.0000 
  0.0000   0.0000   0.0000   0.0000   0.0000   0.0000   0.0000   0.0000   0.0000   0.0000 
  0.0000   0.0000   0.0000   0.0000   0.0000   0.0000   0.0000   0.0000   0.0000   0.0000 
  0.0000   0.0000   0.0000   0.0000   0.0000   0.0000   0.0000   0.0000   0.0000   0.0000 
  0.0000   0.0000   0.0000   0.0000   0.0000   0.0000   0.0000   0.0000   0.0000   0.0000 
  0.0000   0.0000   0.0000   0.0000   0.0000   0.0000   0.0000   0.0000   0.0000   0.0000 
  0.0000   0.0000   0.0000   0.0000   0.0000   0.0000   0.0000   0.0000   0.0000   0.0000 
  0.0000   0.0000   0.0000   0.0000   0.0000   0.0000   0.0000   0.0000   0.0000   0.0000 
  0.0000   0.0000   0.0000   0.0000   0.0000   0.0000   0.0000   0.0000   0.0000   0.0000 
  0.0000   0.0000   0.0000   0.0000   0.0000   0.0000   0.0000   0.0000   0.0000   0.0000 
  0.0000   0.0000   0.0000   0.0000   0.0000   0.0000   0.0000   0.0000   0.0000   0.0000 
  0.0000   0.0000   0.0000   0.0000   0.0000   0.0000   0.0000   0.0000   0.0000   0.0000 
  0.0000   0.0000   0.0000   0.0000   0.0000   0.0000   0.0000   0.0000   0.0000   0.0000 
  0.0000   0.0000   0.0000   0.0000   0.0000   0.0000   0.0000   0.0000   0.0000   0.0000 
  0.0000   0.0000   0.0000   0.0000   0.0000   0.0000   0.0000   0.0000   0.0000   0.0000 
  0.0000   0.0000   0.0000   0.0000   0.0000   0.0000   0.0000   0.0000   0.0000   0.0000 
  0.0000   0.0000   0.0000   0.0000   0.0000   0.0000   0.0000   0.0000   0.0000   0.0000 
  0.0000   0.0000   0.0000   0.0000   0.0000   0.0000   0.0000   0.0000   0.0000   0.0000 
  0.0000   0.0000   0.0000   0.0000   0.0000   0.0000   0.0000   0.0000   0.0000   0.0000 
  0.0000   0.0000   0.0000   0.0000   0.0000   0.0000   0.0000   0.0000   0.0000   0.0000 
  0.0000   0.0000   0.0000   0.0000   0.0000   0.0000   0.0000   0.0000   0.0000   0.0000 
  0.0000   0.0000   0.0000   0.0000   0.0000   0.0000   0.0000   0.0000   0.0000   0.0000 
  0.0000   0.0000   0.0000   0.0000   0.0000   0.0000   0.0000   0.0000   0.0000   0.0000 
  0.0000   0.0000   0.0000   0.0000   0.0000   0.0000   0.0000   0.0000   0.0000   0.0000 
  0.0000   0.0000   0.0000   0.0000   0.0000   0.0000   0.0000   0.0000   0.0000   0.0000 
  0.0000   0.0000   0.0000   0.0000   0.0000   0.0000   0.0000   0.0000   0.0000   0.0000 
  0.0000   0.0000   0.0000   0.0000   0.0000   0.0000   0.0000   0.0000   0.0000   0.0000 
  0.0000   0.0000   0.0000   0.0000   0.0000   0.0000   0.0000   0.0000   0.0000   0.0000 
  0.0000   0.0000   0.0000   0.0000   0.0000   0.0000   0.0000   0.0000   0.0000   0.0000 
  0.0000   0.0000   0.0000   0.0000   0.0000   0.0000   0.0000   0.0000   0.0000   0.0000 
  0.0000   0.0000   0.0000   0.0000   0.0000   0.0000   0.0000   0.0000   0.0000   0.0000 
  0.0000   0.0000   0.0000   0.0000   0.0000   0.0000   0.0000   0.0000   0.0000   0.0000 
  0.0000   0.0000   0.0000   0.0000   0.0000   0.0000   0.0000   0.0000   0.0000   0.0000 
  0.0000   0.0000   0.0000   0.0000   0.0000   0.0000   0.0000   0.0000   0.0000   0.0000 
  0.0000   0.0000   0.0000   0.0000   0.0000   0.0000   0.0000   0.0000   0.0000   0.0000 
  0.0000   0.0000   0.0000   0.0000   0.0000   0.0000   0.0000   0.0000   0.0000   0.0000 
  0.0000   0.0000   0.0000   0.0000   0.0000   0.0000   0.0000   0.0000   0.0000   0.0000 
  0.0000   0.0000   0.0000   0.0000   0.0000   0.0000   0.0000   0.0000   0.0000   0.0000 
  0.0000   0.0000   0.0000   0.0000   0.0000   0.0000   0.0000   0.0000   0.0000   0.0000 
  0.0000   0.0000   0.0000   0.0000   0.0000   0.0000   0.0000   0.0000   0.0000   0.0000 
  0.0000   0.0000   0.0000   0.0000   0.0000   0.0000   0.0000   0.0000   0.0000   0.0000 
  0.0000   0.0000   0.0000   0.0000   0.0000   0.0000   0.0000   0.0000   0.0000   0.0000 
  0.0000   0.0000   0.0000   0.0000   0.0000   0.0000   0.0000   0.0000   0.0000   0.0000 
  0.0000   0.0000   0.0000   0.0000   0.0000   0.0000   0.0000   0.0000   0.0000   0.0000 
  0.0000   0.0000   0.0000   0.0000   0.0000   0.0000   0.0000   0.0000   0.0000   0.0000 
  0.0000   0.0000   0.0000   0.0000   0.0000   0.0000   0.0000   0.0000   0.0000   0.0000 
  0.0000   0.0000   0.0000   0.0000   0.0000   0.0000   0.0000   0.0000   0.0000   0.0000 
  0.0000   0.0000   0.0000   0.0000   0.0000   0.0000   0.0000   0.0000   0.0000   0.0000 
  0.0000   0.0000   0.0000   0.0000   0.0000   0.0000   0.0000   0.0000   0.0000   0.0000 
  0.0000   0.0000   0.0000   0.0000   0.0000   0.0000   0.0000   0.0000   0.0000   0.0000 
  0.0000   0.0000   0.0000   0.0000   0.0000   0.0000   0.0000   0.0000   0.0000   0.0000 
  0.0000   0.0000   0.0000   0.0000   0.0000   0.0000   0.0000   0.0000   0.0000   0.0000 
  0.0000   0.0000   0.0000   0.0000   0.0000   0.0000   0.0000   0.0000   0.0000   0.0000 
  0.0000   0.0000   0.0000   0.0000   0.0000   0.0000   0.0000   0.0000   0.0000   0.0000 
  0.0000   0.0000   0.0000   0.0000   0.0000   0.0000   0.0000   0.0000   0.0000   0.0000 
  0.0000   0.0000   0.0000   0.0000   0.0000   0.0000   0.0000   0.0000   0.0000   0.0000 
  0.0000   0.0000   0.0000   0.0000   0.0000   0.0000   0.0000   0.0000   0.0000   0.0000 
  0.0000   0.0000   0.0000   0.0000   0.0000   0.0000   0.0000   0.0000   0.0000   0.0000 
  0.0000   0.0000   0.0000   0.0000   0.0000   0.0000   0.0000   0.0000   0.0000   0.0000 
  0.0000   0.0000   0.0000   0.0000   0.0000   0.0000   0.0000   0.0000   0.0000   0.0000 
  0.0000   0.0000   0.0000   0.0000   0.0000   0.0000   0.0000   0.0000   0.0000   0.0000 
  0.0000   0.0000   0.0000   0.0000   0.0000   0.0000   0.0000   0.0000   0.0000   0.0000 
  0.0000   0.0000   0.0000   0.0000   0.0000   0.0000   0.0000   0.0000   0.0000   0.0000 
  0.0000   0.0000   0.0000   0.0000   0.0000   0.0000   0.0000   0.0000   0.0000   0.0000 
  0.0000   0.0000   0.0000   0.0000   0.0000   0.0000   0.0000   0.0000   0.0000   0.0000 
  0.0000   0.0000   0.0000   0.0000   0.0000   0.0000   0.0000   0.0000   0.0000   0.0000 
  0.0000   0.0000   0.0000   0.0000   0.0000   0.0000   0.0000   0.0000   0.0000   0.0000 
  0.0000   0.0000   0.0000   0.0000   0.0000   0.0000   0.0000   0.0000   0.0000   0.0000 
  0.0000   0.0000   0.0000   0.0000   0.0000   0.0000   0.0000   0.0000   0.0000   0.0000 
  0.0000   0.0000   0.0000   0.0000   0.0000   0.0000   0.0000   0.0000   0.0000   0.0000 
  0.0000   0.0000   0.0000   0.0000   0.0000   0.0000   0.0000   0.0000   0.0000   0.0000 
  0.0000   0.0000   0.0000   0.0000   0.0000   0.0000   0.0000   0.0000   0.0000   0.0000 
  0.0000   0.0000   0.0000   0.0000   0.0000   0.0000   0.0000   0.0000   0.0000   0.0000 
  0.0000   0.0000   0.0000   0.0000   0.0000   0.0000   0.0000   0.0000   0.0000   0.0000 
  0.0000   0.0000   0.0000   0.0000   0.0000   0.0000   0.0000   0.0000   0.0000   0.0000 
  0.0000   0.0000   0.0000   0.0000   0.0000   0.0000   0.0000   0.0000   0.0000   0.0000 
  0.0000   0.0000   0.0000   0.0000   0.0000   0.0000   0.0000   0.0000   0.0000   0.0000 
  0.0000   0.0000   0.0000   0.0000   0.0000   0.0000   0.0000   0.0000   0.0000   0.0000 
  0.0000   0.0000   0.0000   0.0000   0.0000   0.0000   0.0000   0.0000   0.0000   0.0000 
  0.0000   0.0000   0.0000   0.0000   0.0000   0.0000   0.0000   0.0000   0.0000   0.0000 
  0.0000   0.0000   0.0000   0.0000   0.0000   0.0000   0.0000   0.0000   0.0000   0.0000 
  0.0000   0.0000   0.0000   0.0000   0.0000   0.0000   0.0000   0.0000   0.0000   0.0000 
  0.0000   0.0000   0.0000   0.0000   0.0000   0.0000   0.0000   0.0000   0.0000   0.0000 
  0.0000   0.0000   0.0000   0.0000   0.0000   0.0000   0.0000   0.0000   0.0000   0.0000 
  0.0000   0.0000   0.0000   0.0000   0.0000   0.0000   0.0000   0.0000   0.0000   0.0000 
  0.0000   0.0000   0.0000   0.0000   0.0000   0.0000   0.0000   0.0000   0.0000   0.0000 
  0.0000   0.0000   0.0000   0.0000   0.0000   0.0000   0.0000   0.0000   0.0000   0.0000 
  0.0000   0.0000   0.0000   0.0000   0.0000   0.0000   0.0000   0.0000   0.0000   0.0000 
  0.0000   0.0000   0.0000   0.0000   0.0000   0.0000   0.0000   0.0000   0.0000   0.0000 
  0.0000   0.0000   0.0000   0.0000   0.0000   0.0000   0.0000   0.0000   0.0000   0.0000 
  0.0000   0.0000   0.0000   0.0000   0.0000   0.0000   0.0000   0.0000   0.0000   0.0000 
  0.0000   0.0000   0.0000   0.0000   0.0000   0.0000   0.0000   0.0000   0.0000   0.0000 
  0.0000   0.0000   0.0000   0.0000   0.0000   0.0000   0.0000   0.0000   0.0000   0.0000 
  0.0000   0.0000   0.0000   0.0000   0.0000   0.0000   0.0000   0.0000   0.0000   0.0000 
  0.0000   0.0000   0.0000   0.0000   0.0000   0.0000   0.0000   0.0000   0.0000   0.0000 
  0.0000   0.0000   0.0000   0.0000   0.0000   0.0000   0.0000   0.0000   0.0000   0.0000 
  0.0000   0.0000   0.0000   0.0000   0.0000   0.0000   0.0000   0.0000   0.0000   0.0000 
  0.0000   0.0000   0.0000   0.0000   0.0000   0.0000   0.0000   0.0000   0.0000   0.0000 
  0.0000   0.0000   0.0000   0.0000   0.0000   0.0000   0.0000   0.0000   0.0000   0.0000 
  0.0000   0.0000   0.0000   0.0000   0.0000   0.0000   0.0000   0.0000   0.0000   0.0000 
  0.0000   0.0000   0.0000   0.0000   0.0000   0.0000   0.0000   0.0000   0.0000   0.0000 
  0.0000   0.0000   0.0000   0.0000   0.0000   0.0000   0.0000   0.0000   0.0000   0.0000 
  0.0000   0.0000   0.0000   0.0000   0.0000   0.0000   0.0000   0.0000   0.0000   0.0000 
  0.0000   0.0000   0.0000   0.0000   0.0000   0.0000   0.0000   0.0000   0.0000   0.0000 
  0.0000   0.0000   0.0000   0.0000   0.0000   0.0000   0.0000   0.0000   0.0000   0.0000 
  0.0000   0.0000   0.0000   0.0000   0.0000   0.0000   0.0000   0.0000   0.0000   0.0000 
  0.0000   0.0000   0.0000   0.0000   0.0000   0.0000   0.0000   0.0000   0.0000   0.0000 
  0.0000   0.0000   0.0000   0.0000   0.0000   0.0000   0.0000   0.0000   0.0000   0.0000 
  0.0000   0.0000   0.0000   0.0000   0.0000   0.0000   0.0000   0.0000   0.0000   0.0000 
  0.0000   0.0000   0.0000   0.0000   0.0000   0.0000   0.0000   0.0000   0.0000   0.0000 
  0.0000   0.0000   0.0000   0.0000   0.0000   0.0000   0.0000   0.0000   0.0000   0.0000 
  0.0000   0.0000   0.0000   0.0000   0.0000   0.0000   0.0000   0.0000   0.0000   0.0000 
  0.0000   0.0000   0.0000   0.0000   0.0000   0.0000   0.0000   0.0000   0.0000   0.0000 
  0.0000   0.0000   0.0000   0.0000   0.0000   0.0000   0.0000   0.0000   0.0000   0.0000 
  0.0000   0.0000   0.0000   0.0000   0.0000   0.0000   0.0000   0.0000   0.0000   0.0000 
  0.0000   0.0000   0.0000   0.0000   0.0000   0.0000   0.0000   0.0000   0.0000   0.0000 
  0.0000   0.0000   0.0000   0.0000   0.0000   0.0000   0.0000   0.0000   0.0000   0.0000 
  0.0000   0.0000   0.0000   0.0000   0.0000   0.0000   0.0000   0.0000   0.0000   0.0000 
  0.0000   0.0000   0.0000   0.0000   0.0000   0.0000   0.0000   0.0000   0.0000   0.0000 
  0.0000   0.0000   0.0000   0.0000   0.0000   0.0000   0.0000   0.0000   0.0000   0.0000 
  0.0000   0.0000   0.0000   0.0000   0.0000   0.0000   0.0000   0.0000   0.0000   0.0000 
  0.0000   0.0000   0.0000   0.0000   0.0000   0.0000   0.0000   0.0000   0.0000   0.0000 
  0.0000   0.0000   0.0000   0.0000   0.0000   0.0000   0.0000   0.0000   0.0000   0.0000 
  0.0000   0.0000   0.0000   0.0000   0.0000   0.0000   0.0000   0.0000   0.0000   0.0000 
  0.0000   0.0000   0.0000   0.0000   0.0000   0.0000   0.0000   0.0000   0.0000   0.0000 
  0.0000   0.0000   0.0000   0.0000   0.0000   0.0000   0.0000   0.0000   0.0000   0.0000 
  0.0000   0.0000   0.0000   0.0000   0.0000   0.0000   0.0000   0.0000   0.0000   0.0000 
  0.0000   0.0000   0.0000   0.0000   0.0000   0.0000   0.0000   0.0000   0.0000   0.0000 
  0.0000   0.0000   0.0000   0.0000   0.0000   0.0000   0.0000   0.0000   0.0000   0.0000 
  0.0000   0.0000   0.0000   0.0000   0.0000   0.0000   0.0000   0.0000   0.0000   0.0000 
  0.0000   0.0000   0.0000   0.0000   0.0000   0.0000   0.0000   0.0000   0.0000   0.0000 
  0.0000   0.0000   0.0000   0.0000   0.0000   0.0000   0.0000   0.0000   0.0000   0.0000 
  0.0000   0.0000   0.0000   0.0000   0.0000   0.0000   0.0000   0.0000   0.0000   0.0000 
  0.0000   0.0000   0.0000   0.0000   0.0000   0.0000   0.0000   0.0000   0.0000   0.0000 
  0.0000   0.0000   0.0000   0.0000   0.0000   0.0000   0.0000   0.0000   0.0000   0.0000 
  0.0000   0.0000   0.0000   0.0000   0.0000   0.0000   0.0000   0.0000   0.0000   0.0000 
  0.0000   0.0000   0.0000   0.0000   0.0000   0.0000   0.0000   0.0000   0.0000   0.0000 
  0.0000   0.0000   0.0000   0.0000   0.0000   0.0000   0.0000   0.0000   0.0000   0.0000 
  0.0000   0.0000   0.0000   0.0000   0.0000   0.0000   0.0000   0.0000   0.0000   0.0000 
  0.0000   0.0000   0.0000   0.0000   0.0000   0.0000   0.0000   0.0000   0.0000   0.0000 
  0.0000   0.0000   0.0000   0.0000   0.0000   0.0000   0.0000   0.0000   0.0000   0.0000 
  0.0000   0.0000   0.0000   0.0000   0.0000   0.0000   0.0000   0.0000   0.0000   0.0000 
  0.0000   0.0000   0.0000   0.0000   0.0000   0.0000   0.0000   0.0000   0.0000   0.0000 
  0.0000   0.0000   0.0000   0.0000   0.0000   0.0000   0.0000   0.0000   0.0000   0.0000 
  0.0000   0.0000   0.0000   0.0000   0.0000   0.0000   0.0000   0.0000   0.0000   0.0000 
  0.0000   0.0000   0.0000   0.0000   0.0000   0.0000   0.0000   0.0000   0.0000   0.0000 
  0.0000   0.0000   0.0000   0.0000   0.0000   0.0000   0.0000   0.0000   0.0000   0.0000 
  0.0000   0.0000   0.0000   0.0000   0.0000   0.0000   0.0000   0.0000   0.0000   0.0000 
  0.0000   0.0000   0.0000   0.0000   0.0000   0.0000   0.0000   0.0000   0.0000   0.0000 
  0.0000   0.0000   0.0000   0.0000   0.0000   0.0000   0.0000   0.0000   0.0000   0.0000 
  0.0000   0.0000   0.0000   0.0000   0.0000   0.0000   0.0000   0.0000   0.0000   0.0000 
  0.0000   0.0000   0.0000   0.0000   0.0000   0.0000   0.0000   0.0000   0.0000   0.0000 
  0.0000   0.0000   0.0000   0.0000   0.0000   0.0000   0.0000   0.0000   0.0000   0.0000 
  0.0000   0.0000   0.0000   0.0000   0.0000   0.0000   0.0000   0.0000   0.0000   0.0000 
