IMU Time data

 28.8350  37.2950  44.6150  50.6950  56.0950  61.5350  66.9750  75.1750  82.1950  90.3950 
 28.8550  37.3150  44.6350  50.7150  56.1150  61.5550  66.9950  75.1950  82.2150  90.4150 
 28.8750  37.3350  44.6550  50.7350  56.1350  61.5750  67.0150  75.2150  82.2350  90.4350 
 28.8950  37.3550  44.6750  50.7550  56.1550  61.5950  67.0350  75.2350  82.2550  90.4550 
 28.9150  37.3750  44.6950  50.7750  56.1750  61.6150  67.0550  75.2550  82.2750  90.4750 
 28.9350  37.3950  44.7150  50.7950  56.1950  61.6350  67.0750  75.2750  82.2950  90.4950 
 28.9550  37.4150  44.7350  50.8150  56.2150  61.6550  67.0950  75.2950  82.3150  90.5150 
 28.9750  37.4350  44.7550  50.8350  56.2350  61.6750  67.1150  75.3150  82.3350  90.5350 
 28.9950  37.4550  44.7750  50.8550  56.2550  61.6950  67.1350  75.3350  82.3550  90.5550 
 29.0150  37.4750  44.7950  50.8750  56.2750  61.7150  67.1550  75.3550  82.3750  90.5750 
 29.0350  37.4950  44.8150  50.8950  56.2950  61.7350  67.1750  75.3750  82.3950  90.5950 
 29.0550  37.5150  44.8350  50.9150  56.3150  61.7550  67.1950  75.3950  82.4150  90.6150 
 29.0750  37.5350  44.8550  50.9350  56.3350  61.7750  67.2150  75.4150  82.4350  90.6350 
 29.0950  37.5550  44.8750  50.9550  56.3550  61.7950  67.2350  75.4350  82.4550  90.6550 
 29.1150  37.5750  44.8950  50.9750  56.3750  61.8150  67.2550  75.4550  82.4750  90.6750 
 29.1350  37.5950  44.9150  50.9950  56.3950  61.8350  67.2750  75.4750  82.4950  90.6950 
 29.1550  37.6150  44.9350  51.0150  56.4150  61.8550  67.2950  75.4950  82.5150  90.7150 
 29.1750  37.6350  44.9550  51.0350  56.4350  61.8750  67.3150  75.5150  82.5350  90.7350 
 29.1950  37.6550  44.9750  51.0550  56.4550  61.8950  67.3350  75.5350  82.5550  90.7550 
 29.2150  37.6750  44.9950  51.0750  56.4750  61.9150  67.3550  75.5550  82.5750  90.7750 
 29.2350  37.6950  45.0150  51.0950  56.4950  61.9350  67.3750  75.5750  82.5950  90.7950 
 29.2550  37.7150  45.0350  51.1150  56.5150  61.9550  67.3950  75.5950  82.6150  90.8150 
 29.2750  37.7350  45.0550  51.1350  56.5350  61.9750  67.4150  75.6150  82.6350  90.8350 
 29.2950  37.7550  45.0750  51.1550  56.5550  61.9950  67.4350  75.6350  82.6550  90.8550 
 29.3150  37.7750  45.0950  51.1750  56.5750  62.0150  67.4550  75.6550  82.6750  90.8750 
 29.3350  37.7950  45.1150  51.1950  56.5950  62.0350  67.4750  75.6750  82.6950  90.8950 
 29.3550  37.8150  45.1350  51.2150  56.6150  62.0550  67.4950  75.6950  82.7150  90.9150 
 29.3750  37.8350  45.1550  51.2350  56.6350  62.0750  67.5150  75.7150  82.7350  90.9350 
 29.3950  37.8550  45.1750  51.2550  56.6550  62.0950  67.5350  75.7350  82.7550  90.9550 
 29.4150  37.8750  45.1950  51.2750  56.6750  62.1150  67.5550  75.7550  82.7750  90.9750 
 29.4350  37.8950  45.2150  51.2950  56.6950  62.1350  67.5750  75.7750  82.7950  90.9950 
 29.4550  37.9150  45.2350  51.3150  56.7150  62.1550  67.5950  75.7950  82.8150  91.0150 
 29.4750  37.9350  45.2550  51.3350  56.7350  62.1750  67.6150  75.8150  82.8350  91.0350 
 29.4950  37.9550  45.2750  51.3550  56.7550  62.1950  67.6350  75.8350  82.8550  91.0550 
 29.5150  37.9750  45.2950  51.3750  56.7750  62.2150  67.6550  75.8550  82.8750  91.0750 
 29.5350  37.9950  45.3150  51.3950  56.7950  62.2350  67.6750  75.8750  82.8950  91.0950 
 29.5550  38.0150  45.3350  51.4150  56.8150  62.2550  67.6950  75.8950  82.9150  91.1150 
 29.5750  38.0350  45.3550  51.4350  56.8350  62.2750  67.7150  75.9150  82.9350  91.1350 
 29.5950  38.0550  45.3750  51.4550  56.8550  62.2950  67.7350  75.9350  82.9550  91.1550 
 29.6150  38.0750  45.3950  51.4750  56.8750  62.3150  67.7550  75.9550  82.9750  91.1750 
 29.6350  38.0950  45.4150  51.4950  56.8950  62.3350  67.7750  75.9750  82.9950  91.1950 
 29.6550  38.1150  45.4350  51.5150  56.9150  62.3550  67.7950  75.9950  83.0150  91.2150 
 29.6750  38.1350  45.4550  51.5350  56.9350  62.3750  67.8150  76.0150  83.0350  91.2350 
 29.6950  38.1550  45.4750  51.5550  56.9550  62.3950  67.8350  76.0350  83.0550  91.2550 
 29.7150  38.1750  45.4950  51.5750  56.9750  62.4150  67.8550  76.0550  83.0750  91.2750 
 29.7350  38.1950  45.5150  51.5950  56.9950  62.4350  67.8750  76.0750  83.0950  91.2950 
 29.7550  38.2150  45.5350  51.6150  57.0150  62.4550  67.8950  76.0950  83.1150  91.3150 
 29.7750  38.2350  45.5550  51.6350  57.0350  62.4750  67.9150  76.1150  83.1350  91.3350 
 29.7950  38.2550  45.5750  51.6550  57.0550  62.4950  67.9350  76.1350  83.1550  91.3550 
 29.8150  38.2750  45.5950  51.6750  57.0750  62.5150  67.9550  76.1550  83.1750  91.3750 
 29.8350  38.2950  45.6150  51.6950  57.0950  62.5350  67.9750  76.1750  83.1950  91.3950 
 29.8550  38.3150  45.6350  51.7150  57.1150  62.5550  67.9950  76.1950  83.2150  91.4150 
 29.8750  38.3350  45.6550  51.7350  57.1350  62.5750  68.0150  76.2150  83.2350  91.4350 
 29.8950  38.3550  45.6750  51.7550  57.1550  62.5950  68.0350  76.2350  83.2550  91.4550 
 29.9150  38.3750  45.6950  51.7750  57.1750  62.6150  68.0550  76.2550  83.2750  91.4750 
 29.9350  38.3950  45.7150  51.7950  57.1950  62.6350  68.0750  76.2750  83.2950  91.4950 
 29.9550  38.4150  45.7350  51.8150  57.2150  62.6550  68.0950  76.2950  83.3150  91.5150 
 29.9750  38.4350  45.7550  51.8350  57.2350  62.6750  68.1150  76.3150  83.3350  91.5350 
 29.9950  38.4550  45.7750  51.8550  57.2550  62.6950  68.1350  76.3350  83.3550  91.5550 
 30.0150  38.4750  45.7950  51.8750  57.2750  62.7150  68.1550  76.3550  83.3750  91.5750 
 30.0350  38.4950  45.8150  51.8950  57.2950  62.7350  68.1750  76.3750  83.3950  91.5950 
 30.0550  38.5150  45.8350  51.9150  57.3150  62.7550  68.1950  76.3950  83.4150  91.6150 
 30.0750  38.5350  45.8550  51.9350  57.3350  62.7750  68.2150  76.4150  83.4350  91.6350 
 30.0950  38.5550  45.8750  51.9550  57.3550  62.7950  68.2350  76.4350  83.4550  91.6550 
 30.1150  38.5750  45.8950  51.9750  57.3750  62.8150  68.2550  76.4550  83.4750  91.6750 
 30.1350  38.5950  45.9150  51.9950  57.3950  62.8350  68.2750  76.4750  83.4950  91.6950 
 30.1550  38.6150  45.9350  52.0150  57.4150  62.8550  68.2950  76.4950  83.5150  91.7150 
 30.1750  38.6350  45.9550  52.0350  57.4350  62.8750  68.3150  76.5150  83.5350  91.7350 
 30.1950  38.6550  45.9750  52.0550  57.4550  62.8950  68.3350  76.5350  83.5550  91.7550 
 30.2150  38.6750  45.9950  52.0750  57.4750  62.9150  68.3550  76.5550  83.5750  91.7750 
 30.2350  38.6950  46.0150  52.0950  57.4950  62.9350  68.3750  76.5750  83.5950  91.7950 
 30.2550  38.7150  46.0350  52.1150  57.5150  62.9550  68.3950  76.5950  83.6150  91.8150 
 30.2750  38.7350  46.0550  52.1350  57.5350  62.9750  68.4150  76.6150  83.6350  91.8350 
 30.2950  38.7550  46.0750  52.1550  57.5550  62.9950  68.4350  76.6350  83.6550  91.8550 
 30.3150  38.7750  46.0950  52.1750  57.5750  63.0150  68.4550  76.6550  83.6750  91.8750 
 30.3350  38.7950  46.1150  52.1950  57.5950  63.0350  68.4750  76.6750  83.6950  91.8950 
 30.3550  38.8150  46.1350  52.2150  57.6150  63.0550  68.4950  76.6950  83.7150  91.9150 
 30.3750  38.8350  46.1550  52.2350  57.6350  63.0750  68.5150  76.7150  83.7350  91.9350 
 30.3950  38.8550  46.1750  52.2550  57.6550  63.0950  68.5350  76.7350  83.7550  91.9550 
 30.4150  38.8750  46.1950  52.2750  57.6750  63.1150  68.5550  76.7550  83.7750  91.9750 
 30.4350  38.8950  46.2150  52.2950  57.6950  63.1350  68.5750  76.7750  83.7950  91.9950 
 30.4550  38.9150  46.2350  52.3150  57.7150  63.1550  68.5950  76.7950  83.8150  92.0150 
 30.4750  38.9350  46.2550  52.3350  57.7350  63.1750  68.6150  76.8150  83.8350  92.0350 
 30.4950  38.9550  46.2750  52.3550  57.7550  63.1950  68.6350  76.8350  83.8550  92.0550 
 30.5150  38.9750  46.2950  52.3750  57.7750  63.2150  68.6550  76.8550  83.8750  92.0750 
 30.5350  38.9950  46.3150  52.3950  57.7950  63.2350  68.6750  76.8750  83.8950  92.0950 
 30.5550  39.0150  46.3350  52.4150  57.8150  63.2550  68.6950  76.8950  83.9150  92.1150 
 30.5750  39.0350  46.3550  52.4350  57.8350  63.2750  68.7150  76.9150  83.9350  92.1350 
 30.5950  39.0550  46.3750  52.4550  57.8550  63.2950  68.7350  76.9350  83.9550  92.1550 
 30.6150  39.0750  46.3950  52.4750  57.8750  63.3150  68.7550  76.9550  83.9750  92.1750 
 30.6350  39.0950  46.4150  52.4950  57.8950  63.3350  68.7750  76.9750  83.9950  92.1950 
 30.6550  39.1150  46.4350  52.5150  57.9150  63.3550  68.7950  76.9950  84.0150  92.2150 
 30.6750  39.1350  46.4550  52.5350  57.9350  63.3750  68.8150  77.0150  84.0350  92.2350 
 30.6950  39.1550  46.4750  52.5550  57.9550  63.3950  68.8350  77.0350  84.0550  92.2550 
 30.7150  39.1750  46.4950  52.5750  57.9750  63.4150  68.8550  77.0550  84.0750  92.2750 
 30.7350  39.1950  46.5150  52.5950  57.9950  63.4350  68.8750  77.0750  84.0950  92.2950 
 30.7550  39.2150  46.5350  52.6150  58.0150  63.4550  68.8950  77.0950  84.1150  92.3150 
 30.7750  39.2350  46.5550  52.6350  58.0350  63.4750  68.9150  77.1150  84.1350  92.3350 
 30.7950  39.2550  46.5750  52.6550  58.0550  63.4950  68.9350  77.1350  84.1550  92.3550 
 30.8150  39.2750  46.5950  52.6750  58.0750  63.5150  68.9550  77.1550  84.1750  92.3750 
 30.8350  39.2950  46.6150  52.6950  58.0950  63.5350  68.9750  77.1750  84.1950  92.3950 
 30.8550  39.3150  46.6350  52.7150  58.1150  63.5550  68.9950  77.1950  84.2150  92.4150 
 30.8750  39.3350  46.6550  52.7350  58.1350  63.5750  69.0150  77.2150  84.2350  92.4350 
 30.8950  39.3550  46.6750  52.7550  58.1550  63.5950  69.0350  77.2350  84.2550  92.4550 
 30.9150  39.3750  46.6950  52.7750  58.1750  63.6150  69.0550  77.2550  84.2750  92.4750 
 30.9350  39.3950  46.7150  52.7950  58.1950  63.6350  69.0750  77.2750  84.2950  92.4950 
 30.9550  39.4150  46.7350  52.8150  58.2150  63.6550  69.0950  77.2950  84.3150  92.5150 
 30.9750  39.4350  46.7550  52.8350  58.2350  63.6750  69.1150  77.3150  84.3350  92.5350 
 30.9950  39.4550  46.7750  52.8550  58.2550  63.6950  69.1350  77.3350  84.3550  92.5550 
 31.0150  39.4750  46.7950  52.8750  58.2750  63.7150  69.1550  77.3550  84.3750  92.5750 
 31.0350  39.4950  46.8150  52.8950  58.2950  63.7350  69.1750  77.3750  84.3950  92.5950 
 31.0550  39.5150  46.8350  52.9150  58.3150  63.7550  69.1950  77.3950  84.4150  92.6150 
 31.0750  39.5350  46.8550  52.9350  58.3350  63.7750  69.2150  77.4150  84.4350  92.6350 
 31.0950  39.5550  46.8750  52.9550  58.3550  63.7950  69.2350  77.4350  84.4550  92.6550 
 31.1150  39.5750  46.8950  52.9750  58.3750  63.8150  69.2550  77.4550  84.4750  92.6750 
 31.1350  39.5950  46.9150  52.9950  58.3950  63.8350  69.2750  77.4750  84.4950  92.6950 
 31.1550  39.6150  46.9350  53.0150  58.4150  63.8550  69.2950  77.4950  84.5150  92.7150 
 31.1750  39.6350  46.9550  53.0350  58.4350  63.8750  69.3150  77.5150  84.5350  92.7350 
 31.1950  39.6550  46.9750  53.0550  58.4550  63.8950  69.3350  77.5350  84.5550  92.7550 
 31.2150  39.6750  46.9950  53.0750  58.4750  63.9150  69.3550  77.5550  84.5750  92.7750 
 31.2350  39.6950  47.0150  53.0950  58.4950  63.9350  69.3750  77.5750  84.5950  92.7950 
 31.2550  39.7150  47.0350  53.1150  58.5150  63.9550  69.3950  77.5950  84.6150  92.8150 
 31.2750  39.7350  47.0550  53.1350  58.5350  63.9750  69.4150  77.6150  84.6350  92.8350 
 31.2950  39.7550  47.0750  53.1550  58.5550  63.9950  69.4350  77.6350  84.6550  92.8550 
 31.3150  39.7750  47.0950  53.1750  58.5750  64.0150  69.4550  77.6550  84.6750  92.8750 
 31.3350  39.7950  47.1150  53.1950  58.5950  64.0350  69.4750  77.6750  84.6950  92.8950 
 31.3550  39.8150  47.1350  53.2150  58.6150  64.0550  69.4950  77.6950  84.7150  92.9150 
 31.3750  39.8350  47.1550  53.2350  58.6350  64.0750  69.5150  77.7150  84.7350  92.9350 
 31.3950  39.8550  47.1750  53.2550  58.6550  64.0950  69.5350  77.7350  84.7550  92.9550 
 31.4150  39.8750  47.1950  53.2750  58.6750  64.1150  69.5550  77.7550  84.7750  92.9750 
 31.4350  39.8950  47.2150  53.2950  58.6950  64.1350  69.5750  77.7750  84.7950  92.9950 
 31.4550  39.9150  47.2350  53.3150  58.7150  64.1550  69.5950  77.7950  84.8150  93.0150 
 31.4750  39.9350  47.2550  53.3350  58.7350  64.1750  69.6150  77.8150  84.8350  93.0350 
 31.4950  39.9550  47.2750  53.3550  58.7550  64.1950  69.6350  77.8350  84.8550  93.0550 
 31.5150  39.9750  47.2950  53.3750  58.7750  64.2150  69.6550  77.8550  84.8750  93.0750 
 31.5350  39.9950  47.3150  53.3950  58.7950  64.2350  69.6750  77.8750  84.8950  93.0950 
 31.5550  40.0150  47.3350  53.4150  58.8150   0.0000  69.6950  77.8950  84.9150  93.1150 
 31.5750  40.0350  47.3550  53.4350  58.8350   0.0000  69.7150  77.9150  84.9350  93.1350 
 31.5950  40.0550  47.3750  53.4550  58.8550   0.0000  69.7350  77.9350  84.9550  93.1550 
 31.6150  40.0750  47.3950  53.4750  58.8750   0.0000  69.7550  77.9550  84.9750  93.1750 
 31.6350  40.0950  47.4150  53.4950  58.8950   0.0000  69.7750  77.9750  84.9950  93.1950 
 31.6550  40.1150  47.4350   0.0000  58.9150   0.0000  69.7950  77.9950  85.0150  93.2150 
 31.6750  40.1350  47.4550   0.0000  58.9350   0.0000  69.8150  78.0150  85.0350  93.2350 
 31.6950  40.1550  47.4750   0.0000  58.9550   0.0000  69.8350  78.0350  85.0550  93.2550 
 31.7150  40.1750  47.4950   0.0000  58.9750   0.0000  69.8550  78.0550  85.0750  93.2750 
 31.7350  40.1950  47.5150   0.0000  58.9950   0.0000  69.8750  78.0750  85.0950  93.2950 
 31.7550  40.2150  47.5350   0.0000  59.0150   0.0000  69.8950  78.0950  85.1150  93.3150 
 31.7750  40.2350  47.5550   0.0000  59.0350   0.0000  69.9150  78.1150  85.1350  93.3350 
 31.7950  40.2550  47.5750   0.0000  59.0550   0.0000  69.9350  78.1350  85.1550  93.3550 
 31.8150  40.2750  47.5950   0.0000  59.0750   0.0000  69.9550  78.1550  85.1750  93.3750 
 31.8350  40.2950  47.6150   0.0000  59.0950   0.0000  69.9750  78.1750  85.1950  93.3950 
 31.8550  40.3150  47.6350   0.0000  59.1150   0.0000  69.9950  78.1950  85.2150  93.4150 
 31.8750  40.3350  47.6550   0.0000  59.1350   0.0000  70.0150  78.2150  85.2350  93.4350 
 31.8950  40.3550  47.6750   0.0000  59.1550   0.0000  70.0350  78.2350  85.2550  93.4550 
 31.9150  40.3750  47.6950   0.0000  59.1750   0.0000  70.0550  78.2550  85.2750  93.4750 
 31.9350  40.3950  47.7150   0.0000  59.1950   0.0000  70.0750  78.2750  85.2950  93.4950 
 31.9550  40.4150   0.0000   0.0000  59.2150   0.0000  70.0950  78.2950  85.3150  93.5150 
 31.9750  40.4350   0.0000   0.0000  59.2350   0.0000  70.1150  78.3150  85.3350  93.5350 
 31.9950  40.4550   0.0000   0.0000  59.2550   0.0000  70.1350  78.3350  85.3550  93.5550 
 32.0150  40.4750   0.0000   0.0000  59.2750   0.0000  70.1550  78.3550  85.3750  93.5750 
 32.0350  40.4950   0.0000   0.0000  59.2950   0.0000  70.1750  78.3750  85.3950  93.5950 
 32.0550  40.5150   0.0000   0.0000   0.0000   0.0000  70.1950  78.3950  85.4150  93.6150 
 32.0750  40.5350   0.0000   0.0000   0.0000   0.0000  70.2150  78.4150  85.4350  93.6350 
 32.0950  40.5550   0.0000   0.0000   0.0000   0.0000  70.2350  78.4350  85.4550  93.6550 
 32.1150  40.5750   0.0000   0.0000   0.0000   0.0000  70.2550  78.4550  85.4750  93.6750 
 32.1350  40.5950   0.0000   0.0000   0.0000   0.0000  70.2750  78.4750  85.4950  93.6950 
 32.1550  40.6150   0.0000   0.0000   0.0000   0.0000  70.2950  78.4950  85.5150  93.7150 
 32.1750  40.6350   0.0000   0.0000   0.0000   0.0000  70.3150  78.5150  85.5350  93.7350 
 32.1950  40.6550   0.0000   0.0000   0.0000   0.0000  70.3350  78.5350  85.5550  93.7550 
 32.2150  40.6750   0.0000   0.0000   0.0000   0.0000  70.3550  78.5550  85.5750  93.7750 
 32.2350  40.6950   0.0000   0.0000   0.0000   0.0000  70.3750  78.5750  85.5950  93.7950 
 32.2550  40.7150   0.0000   0.0000   0.0000   0.0000  70.3950  78.5950  85.6150  93.8150 
 32.2750  40.7350   0.0000   0.0000   0.0000   0.0000  70.4150  78.6150  85.6350  93.8350 
 32.2950  40.7550   0.0000   0.0000   0.0000   0.0000  70.4350  78.6350  85.6550  93.8550 
 32.3150  40.7750   0.0000   0.0000   0.0000   0.0000  70.4550  78.6550  85.6750  93.8750 
 32.3350  40.7950   0.0000   0.0000   0.0000   0.0000  70.4750  78.6750  85.6950  93.8950 
 32.3550  40.8150   0.0000   0.0000   0.0000   0.0000  70.4950  78.6950  85.7150  93.9150 
 32.3750  40.8350   0.0000   0.0000   0.0000   0.0000  70.5150  78.7150  85.7350  93.9350 
 32.3950  40.8550   0.0000   0.0000   0.0000   0.0000  70.5350  78.7350  85.7550  93.9550 
 32.4150  40.8750   0.0000   0.0000   0.0000   0.0000  70.5550  78.7550  85.7750  93.9750 
 32.4350  40.8950   0.0000   0.0000   0.0000   0.0000  70.5750  78.7750  85.7950  93.9950 
 32.4550  40.9150   0.0000   0.0000   0.0000   0.0000  70.5950  78.7950  85.8150  94.0150 
 32.4750  40.9350   0.0000   0.0000   0.0000   0.0000  70.6150  78.8150  85.8350  94.0350 
 32.4950  40.9550   0.0000   0.0000   0.0000   0.0000  70.6350  78.8350  85.8550  94.0550 
 32.5150  40.9750   0.0000   0.0000   0.0000   0.0000  70.6550  78.8550  85.8750  94.0750 
 32.5350  40.9950   0.0000   0.0000   0.0000   0.0000  70.6750  78.8750  85.8950  94.0950 
 32.5550  41.0150   0.0000   0.0000   0.0000   0.0000  70.6950  78.8950  85.9150  94.1150 
 32.5750  41.0350   0.0000   0.0000   0.0000   0.0000  70.7150   0.0000  85.9350  94.1350 
 32.5950  41.0550   0.0000   0.0000   0.0000   0.0000  70.7350   0.0000  85.9550  94.1550 
 32.6150  41.0750   0.0000   0.0000   0.0000   0.0000  70.7550   0.0000  85.9750  94.1750 
 32.6350  41.0950   0.0000   0.0000   0.0000   0.0000  70.7750   0.0000  85.9950  94.1950 
 32.6550  41.1150   0.0000   0.0000   0.0000   0.0000  70.7950   0.0000  86.0150  94.2150 
 32.6750  41.1350   0.0000   0.0000   0.0000   0.0000   0.0000   0.0000  86.0350  94.2350 
 32.6950  41.1550   0.0000   0.0000   0.0000   0.0000   0.0000   0.0000  86.0550  94.2550 
 32.7150  41.1750   0.0000   0.0000   0.0000   0.0000   0.0000   0.0000  86.0750  94.2750 
 32.7350  41.1950   0.0000   0.0000   0.0000   0.0000   0.0000   0.0000  86.0950   0.0000 
 32.7550  41.2150   0.0000   0.0000   0.0000   0.0000   0.0000   0.0000  86.1150   0.0000 
 32.7750  41.2350   0.0000   0.0000   0.0000   0.0000   0.0000   0.0000  86.1350   0.0000 
 32.7950  41.2550   0.0000   0.0000   0.0000   0.0000   0.0000   0.0000  86.1550   0.0000 
 32.8150  41.2750   0.0000   0.0000   0.0000   0.0000   0.0000   0.0000  86.1750   0.0000 
 32.8350  41.2950   0.0000   0.0000   0.0000   0.0000   0.0000   0.0000  86.1950   0.0000 
 32.8550  41.3150   0.0000   0.0000   0.0000   0.0000   0.0000   0.0000  86.2150   0.0000 
 32.8750  41.3350   0.0000   0.0000   0.0000   0.0000   0.0000   0.0000  86.2350   0.0000 
 32.8950  41.3550   0.0000   0.0000   0.0000   0.0000   0.0000   0.0000  86.2550   0.0000 
 32.9150  41.3750   0.0000   0.0000   0.0000   0.0000   0.0000   0.0000  86.2750   0.0000 
 32.9350  41.3950   0.0000   0.0000   0.0000   0.0000   0.0000   0.0000  86.2950   0.0000 
 32.9550  41.4150   0.0000   0.0000   0.0000   0.0000   0.0000   0.0000  86.3150   0.0000 
 32.9750  41.4350   0.0000   0.0000   0.0000   0.0000   0.0000   0.0000  86.3350   0.0000 
 32.9950  41.4550   0.0000   0.0000   0.0000   0.0000   0.0000   0.0000  86.3550   0.0000 
  0.0000  41.4750   0.0000   0.0000   0.0000   0.0000   0.0000   0.0000  86.3750   0.0000 
  0.0000  41.4950   0.0000   0.0000   0.0000   0.0000   0.0000   0.0000  86.3950   0.0000 
  0.0000  41.5150   0.0000   0.0000   0.0000   0.0000   0.0000   0.0000  86.4150   0.0000 
  0.0000  41.5350   0.0000   0.0000   0.0000   0.0000   0.0000   0.0000  86.4350   0.0000 
  0.0000  41.5550   0.0000   0.0000   0.0000   0.0000   0.0000   0.0000  86.4550   0.0000 
  0.0000  41.5750   0.0000   0.0000   0.0000   0.0000   0.0000   0.0000  86.4750   0.0000 
  0.0000  41.5950   0.0000   0.0000   0.0000   0.0000   0.0000   0.0000  86.4950   0.0000 
  0.0000  41.6150   0.0000   0.0000   0.0000   0.0000   0.0000   0.0000  86.5150   0.0000 
  0.0000  41.6350   0.0000   0.0000   0.0000   0.0000   0.0000   0.0000  86.5350   0.0000 
  0.0000  41.6550   0.0000   0.0000   0.0000   0.0000   0.0000   0.0000  86.5550   0.0000 
  0.0000  41.6750   0.0000   0.0000   0.0000   0.0000   0.0000   0.0000  86.5750   0.0000 
  0.0000  41.6950   0.0000   0.0000   0.0000   0.0000   0.0000   0.0000  86.5950   0.0000 
  0.0000  41.7150   0.0000   0.0000   0.0000   0.0000   0.0000   0.0000  86.6150   0.0000 
  0.0000  41.7350   0.0000   0.0000   0.0000   0.0000   0.0000   0.0000  86.6350   0.0000 
  0.0000  41.7550   0.0000   0.0000   0.0000   0.0000   0.0000   0.0000  86.6550   0.0000 
  0.0000  41.7750   0.0000   0.0000   0.0000   0.0000   0.0000   0.0000  86.6750   0.0000 
  0.0000  41.7950   0.0000   0.0000   0.0000   0.0000   0.0000   0.0000  86.6950   0.0000 
  0.0000  41.8150   0.0000   0.0000   0.0000   0.0000   0.0000   0.0000  86.7150   0.0000 
  0.0000  41.8350   0.0000   0.0000   0.0000   0.0000   0.0000   0.0000  86.7350   0.0000 
  0.0000  41.8550   0.0000   0.0000   0.0000   0.0000   0.0000   0.0000  86.7550   0.0000 
  0.0000  41.8750   0.0000   0.0000   0.0000   0.0000   0.0000   0.0000  86.7750   0.0000 
  0.0000  41.8950   0.0000   0.0000   0.0000   0.0000   0.0000   0.0000  86.7950   0.0000 
  0.0000  41.9150   0.0000   0.0000   0.0000   0.0000   0.0000   0.0000  86.8150   0.0000 
  0.0000  41.9350   0.0000   0.0000   0.0000   0.0000   0.0000   0.0000  86.8350   0.0000 
  0.0000  41.9550   0.0000   0.0000   0.0000   0.0000   0.0000   0.0000  86.8550   0.0000 
  0.0000  41.9750   0.0000   0.0000   0.0000   0.0000   0.0000   0.0000  86.8750   0.0000 
  0.0000  41.9950   0.0000   0.0000   0.0000   0.0000   0.0000   0.0000  86.8950   0.0000 
  0.0000  42.0150   0.0000   0.0000   0.0000   0.0000   0.0000   0.0000  86.9150   0.0000 
  0.0000  42.0350   0.0000   0.0000   0.0000   0.0000   0.0000   0.0000  86.9350   0.0000 
  0.0000  42.0550   0.0000   0.0000   0.0000   0.0000   0.0000   0.0000  86.9550   0.0000 
  0.0000  42.0750   0.0000   0.0000   0.0000   0.0000   0.0000   0.0000  86.9750   0.0000 
  0.0000   0.0000   0.0000   0.0000   0.0000   0.0000   0.0000   0.0000  86.9950   0.0000 
  0.0000   0.0000   0.0000   0.0000   0.0000   0.0000   0.0000   0.0000  87.0150   0.0000 
  0.0000   0.0000   0.0000   0.0000   0.0000   0.0000   0.0000   0.0000  87.0350   0.0000 
  0.0000   0.0000   0.0000   0.0000   0.0000   0.0000   0.0000   0.0000  87.0550   0.0000 
  0.0000   0.0000   0.0000   0.0000   0.0000   0.0000   0.0000   0.0000  87.0750   0.0000 
  0.0000   0.0000   0.0000   0.0000   0.0000   0.0000   0.0000   0.0000  87.0950   0.0000 
  0.0000   0.0000   0.0000   0.0000   0.0000   0.0000   0.0000   0.0000  87.1150   0.0000 
  0.0000   0.0000   0.0000   0.0000   0.0000   0.0000   0.0000   0.0000  87.1350   0.0000 
  0.0000   0.0000   0.0000   0.0000   0.0000   0.0000   0.0000   0.0000   0.0000   0.0000 
  0.0000   0.0000   0.0000   0.0000   0.0000   0.0000   0.0000   0.0000   0.0000   0.0000 
  0.0000   0.0000   0.0000   0.0000   0.0000   0.0000   0.0000   0.0000   0.0000   0.0000 
  0.0000   0.0000   0.0000   0.0000   0.0000   0.0000   0.0000   0.0000   0.0000   0.0000 
  0.0000   0.0000   0.0000   0.0000   0.0000   0.0000   0.0000   0.0000   0.0000   0.0000 
  0.0000   0.0000   0.0000   0.0000   0.0000   0.0000   0.0000   0.0000   0.0000   0.0000 
  0.0000   0.0000   0.0000   0.0000   0.0000   0.0000   0.0000   0.0000   0.0000   0.0000 
  0.0000   0.0000   0.0000   0.0000   0.0000   0.0000   0.0000   0.0000   0.0000   0.0000 
  0.0000   0.0000   0.0000   0.0000   0.0000   0.0000   0.0000   0.0000   0.0000   0.0000 
  0.0000   0.0000   0.0000   0.0000   0.0000   0.0000   0.0000   0.0000   0.0000   0.0000 
  0.0000   0.0000   0.0000   0.0000   0.0000   0.0000   0.0000   0.0000   0.0000   0.0000 
  0.0000   0.0000   0.0000   0.0000   0.0000   0.0000   0.0000   0.0000   0.0000   0.0000 
  0.0000   0.0000   0.0000   0.0000   0.0000   0.0000   0.0000   0.0000   0.0000   0.0000 
  0.0000   0.0000   0.0000   0.0000   0.0000   0.0000   0.0000   0.0000   0.0000   0.0000 
  0.0000   0.0000   0.0000   0.0000   0.0000   0.0000   0.0000   0.0000   0.0000   0.0000 
  0.0000   0.0000   0.0000   0.0000   0.0000   0.0000   0.0000   0.0000   0.0000   0.0000 
  0.0000   0.0000   0.0000   0.0000   0.0000   0.0000   0.0000   0.0000   0.0000   0.0000 
  0.0000   0.0000   0.0000   0.0000   0.0000   0.0000   0.0000   0.0000   0.0000   0.0000 
  0.0000   0.0000   0.0000   0.0000   0.0000   0.0000   0.0000   0.0000   0.0000   0.0000 
  0.0000   0.0000   0.0000   0.0000   0.0000   0.0000   0.0000   0.0000   0.0000   0.0000 
  0.0000   0.0000   0.0000   0.0000   0.0000   0.0000   0.0000   0.0000   0.0000   0.0000 
  0.0000   0.0000   0.0000   0.0000   0.0000   0.0000   0.0000   0.0000   0.0000   0.0000 
  0.0000   0.0000   0.0000   0.0000   0.0000   0.0000   0.0000   0.0000   0.0000   0.0000 
  0.0000   0.0000   0.0000   0.0000   0.0000   0.0000   0.0000   0.0000   0.0000   0.0000 
  0.0000   0.0000   0.0000   0.0000   0.0000   0.0000   0.0000   0.0000   0.0000   0.0000 
  0.0000   0.0000   0.0000   0.0000   0.0000   0.0000   0.0000   0.0000   0.0000   0.0000 
  0.0000   0.0000   0.0000   0.0000   0.0000   0.0000   0.0000   0.0000   0.0000   0.0000 
  0.0000   0.0000   0.0000   0.0000   0.0000   0.0000   0.0000   0.0000   0.0000   0.0000 
  0.0000   0.0000   0.0000   0.0000   0.0000   0.0000   0.0000   0.0000   0.0000   0.0000 
  0.0000   0.0000   0.0000   0.0000   0.0000   0.0000   0.0000   0.0000   0.0000   0.0000 
  0.0000   0.0000   0.0000   0.0000   0.0000   0.0000   0.0000   0.0000   0.0000   0.0000 
  0.0000   0.0000   0.0000   0.0000   0.0000   0.0000   0.0000   0.0000   0.0000   0.0000 
  0.0000   0.0000   0.0000   0.0000   0.0000   0.0000   0.0000   0.0000   0.0000   0.0000 
  0.0000   0.0000   0.0000   0.0000   0.0000   0.0000   0.0000   0.0000   0.0000   0.0000 
  0.0000   0.0000   0.0000   0.0000   0.0000   0.0000   0.0000   0.0000   0.0000   0.0000 
  0.0000   0.0000   0.0000   0.0000   0.0000   0.0000   0.0000   0.0000   0.0000   0.0000 
  0.0000   0.0000   0.0000   0.0000   0.0000   0.0000   0.0000   0.0000   0.0000   0.0000 
  0.0000   0.0000   0.0000   0.0000   0.0000   0.0000   0.0000   0.0000   0.0000   0.0000 
  0.0000   0.0000   0.0000   0.0000   0.0000   0.0000   0.0000   0.0000   0.0000   0.0000 
  0.0000   0.0000   0.0000   0.0000   0.0000   0.0000   0.0000   0.0000   0.0000   0.0000 
  0.0000   0.0000   0.0000   0.0000   0.0000   0.0000   0.0000   0.0000   0.0000   0.0000 
  0.0000   0.0000   0.0000   0.0000   0.0000   0.0000   0.0000   0.0000   0.0000   0.0000 
  0.0000   0.0000   0.0000   0.0000   0.0000   0.0000   0.0000   0.0000   0.0000   0.0000 
  0.0000   0.0000   0.0000   0.0000   0.0000   0.0000   0.0000   0.0000   0.0000   0.0000 
  0.0000   0.0000   0.0000   0.0000   0.0000   0.0000   0.0000   0.0000   0.0000   0.0000 
  0.0000   0.0000   0.0000   0.0000   0.0000   0.0000   0.0000   0.0000   0.0000   0.0000 
  0.0000   0.0000   0.0000   0.0000   0.0000   0.0000   0.0000   0.0000   0.0000   0.0000 
  0.0000   0.0000   0.0000   0.0000   0.0000   0.0000   0.0000   0.0000   0.0000   0.0000 
  0.0000   0.0000   0.0000   0.0000   0.0000   0.0000   0.0000   0.0000   0.0000   0.0000 
  0.0000   0.0000   0.0000   0.0000   0.0000   0.0000   0.0000   0.0000   0.0000   0.0000 
  0.0000   0.0000   0.0000   0.0000   0.0000   0.0000   0.0000   0.0000   0.0000   0.0000 
  0.0000   0.0000   0.0000   0.0000   0.0000   0.0000   0.0000   0.0000   0.0000   0.0000 
  0.0000   0.0000   0.0000   0.0000   0.0000   0.0000   0.0000   0.0000   0.0000   0.0000 
  0.0000   0.0000   0.0000   0.0000   0.0000   0.0000   0.0000   0.0000   0.0000   0.0000 
  0.0000   0.0000   0.0000   0.0000   0.0000   0.0000   0.0000   0.0000   0.0000   0.0000 
  0.0000   0.0000   0.0000   0.0000   0.0000   0.0000   0.0000   0.0000   0.0000   0.0000 
  0.0000   0.0000   0.0000   0.0000   0.0000   0.0000   0.0000   0.0000   0.0000   0.0000 
  0.0000   0.0000   0.0000   0.0000   0.0000   0.0000   0.0000   0.0000   0.0000   0.0000 
  0.0000   0.0000   0.0000   0.0000   0.0000   0.0000   0.0000   0.0000   0.0000   0.0000 
  0.0000   0.0000   0.0000   0.0000   0.0000   0.0000   0.0000   0.0000   0.0000   0.0000 
  0.0000   0.0000   0.0000   0.0000   0.0000   0.0000   0.0000   0.0000   0.0000   0.0000 
  0.0000   0.0000   0.0000   0.0000   0.0000   0.0000   0.0000   0.0000   0.0000   0.0000 
  0.0000   0.0000   0.0000   0.0000   0.0000   0.0000   0.0000   0.0000   0.0000   0.0000 
  0.0000   0.0000   0.0000   0.0000   0.0000   0.0000   0.0000   0.0000   0.0000   0.0000 
  0.0000   0.0000   0.0000   0.0000   0.0000   0.0000   0.0000   0.0000   0.0000   0.0000 
  0.0000   0.0000   0.0000   0.0000   0.0000   0.0000   0.0000   0.0000   0.0000   0.0000 
  0.0000   0.0000   0.0000   0.0000   0.0000   0.0000   0.0000   0.0000   0.0000   0.0000 
  0.0000   0.0000   0.0000   0.0000   0.0000   0.0000   0.0000   0.0000   0.0000   0.0000 
  0.0000   0.0000   0.0000   0.0000   0.0000   0.0000   0.0000   0.0000   0.0000   0.0000 
  0.0000   0.0000   0.0000   0.0000   0.0000   0.0000   0.0000   0.0000   0.0000   0.0000 
  0.0000   0.0000   0.0000   0.0000   0.0000   0.0000   0.0000   0.0000   0.0000   0.0000 
  0.0000   0.0000   0.0000   0.0000   0.0000   0.0000   0.0000   0.0000   0.0000   0.0000 
  0.0000   0.0000   0.0000   0.0000   0.0000   0.0000   0.0000   0.0000   0.0000   0.0000 
  0.0000   0.0000   0.0000   0.0000   0.0000   0.0000   0.0000   0.0000   0.0000   0.0000 
  0.0000   0.0000   0.0000   0.0000   0.0000   0.0000   0.0000   0.0000   0.0000   0.0000 
  0.0000   0.0000   0.0000   0.0000   0.0000   0.0000   0.0000   0.0000   0.0000   0.0000 
  0.0000   0.0000   0.0000   0.0000   0.0000   0.0000   0.0000   0.0000   0.0000   0.0000 
  0.0000   0.0000   0.0000   0.0000   0.0000   0.0000   0.0000   0.0000   0.0000   0.0000 
  0.0000   0.0000   0.0000   0.0000   0.0000   0.0000   0.0000   0.0000   0.0000   0.0000 
  0.0000   0.0000   0.0000   0.0000   0.0000   0.0000   0.0000   0.0000   0.0000   0.0000 
  0.0000   0.0000   0.0000   0.0000   0.0000   0.0000   0.0000   0.0000   0.0000   0.0000 
  0.0000   0.0000   0.0000   0.0000   0.0000   0.0000   0.0000   0.0000   0.0000   0.0000 
  0.0000   0.0000   0.0000   0.0000   0.0000   0.0000   0.0000   0.0000   0.0000   0.0000 
  0.0000   0.0000   0.0000   0.0000   0.0000   0.0000   0.0000   0.0000   0.0000   0.0000 
  0.0000   0.0000   0.0000   0.0000   0.0000   0.0000   0.0000   0.0000   0.0000   0.0000 
  0.0000   0.0000   0.0000   0.0000   0.0000   0.0000   0.0000   0.0000   0.0000   0.0000 
  0.0000   0.0000   0.0000   0.0000   0.0000   0.0000   0.0000   0.0000   0.0000   0.0000 
  0.0000   0.0000   0.0000   0.0000   0.0000   0.0000   0.0000   0.0000   0.0000   0.0000 
  0.0000   0.0000   0.0000   0.0000   0.0000   0.0000   0.0000   0.0000   0.0000   0.0000 
  0.0000   0.0000   0.0000   0.0000   0.0000   0.0000   0.0000   0.0000   0.0000   0.0000 
  0.0000   0.0000   0.0000   0.0000   0.0000   0.0000   0.0000   0.0000   0.0000   0.0000 
  0.0000   0.0000   0.0000   0.0000   0.0000   0.0000   0.0000   0.0000   0.0000   0.0000 
  0.0000   0.0000   0.0000   0.0000   0.0000   0.0000   0.0000   0.0000   0.0000   0.0000 
  0.0000   0.0000   0.0000   0.0000   0.0000   0.0000   0.0000   0.0000   0.0000   0.0000 
  0.0000   0.0000   0.0000   0.0000   0.0000   0.0000   0.0000   0.0000   0.0000   0.0000 
  0.0000   0.0000   0.0000   0.0000   0.0000   0.0000   0.0000   0.0000   0.0000   0.0000 
  0.0000   0.0000   0.0000   0.0000   0.0000   0.0000   0.0000   0.0000   0.0000   0.0000 
  0.0000   0.0000   0.0000   0.0000   0.0000   0.0000   0.0000   0.0000   0.0000   0.0000 
  0.0000   0.0000   0.0000   0.0000   0.0000   0.0000   0.0000   0.0000   0.0000   0.0000 
  0.0000   0.0000   0.0000   0.0000   0.0000   0.0000   0.0000   0.0000   0.0000   0.0000 
  0.0000   0.0000   0.0000   0.0000   0.0000   0.0000   0.0000   0.0000   0.0000   0.0000 
  0.0000   0.0000   0.0000   0.0000   0.0000   0.0000   0.0000   0.0000   0.0000   0.0000 
  0.0000   0.0000   0.0000   0.0000   0.0000   0.0000   0.0000   0.0000   0.0000   0.0000 
  0.0000   0.0000   0.0000   0.0000   0.0000   0.0000   0.0000   0.0000   0.0000   0.0000 
  0.0000   0.0000   0.0000   0.0000   0.0000   0.0000   0.0000   0.0000   0.0000   0.0000 
  0.0000   0.0000   0.0000   0.0000   0.0000   0.0000   0.0000   0.0000   0.0000   0.0000 
  0.0000   0.0000   0.0000   0.0000   0.0000   0.0000   0.0000   0.0000   0.0000   0.0000 
  0.0000   0.0000   0.0000   0.0000   0.0000   0.0000   0.0000   0.0000   0.0000   0.0000 
  0.0000   0.0000   0.0000   0.0000   0.0000   0.0000   0.0000   0.0000   0.0000   0.0000 
  0.0000   0.0000   0.0000   0.0000   0.0000   0.0000   0.0000   0.0000   0.0000   0.0000 
  0.0000   0.0000   0.0000   0.0000   0.0000   0.0000   0.0000   0.0000   0.0000   0.0000 
  0.0000   0.0000   0.0000   0.0000   0.0000   0.0000   0.0000   0.0000   0.0000   0.0000 
  0.0000   0.0000   0.0000   0.0000   0.0000   0.0000   0.0000   0.0000   0.0000   0.0000 
  0.0000   0.0000   0.0000   0.0000   0.0000   0.0000   0.0000   0.0000   0.0000   0.0000 
  0.0000   0.0000   0.0000   0.0000   0.0000   0.0000   0.0000   0.0000   0.0000   0.0000 
  0.0000   0.0000   0.0000   0.0000   0.0000   0.0000   0.0000   0.0000   0.0000   0.0000 
  0.0000   0.0000   0.0000   0.0000   0.0000   0.0000   0.0000   0.0000   0.0000   0.0000 
  0.0000   0.0000   0.0000   0.0000   0.0000   0.0000   0.0000   0.0000   0.0000   0.0000 
  0.0000   0.0000   0.0000   0.0000   0.0000   0.0000   0.0000   0.0000   0.0000   0.0000 
  0.0000   0.0000   0.0000   0.0000   0.0000   0.0000   0.0000   0.0000   0.0000   0.0000 
  0.0000   0.0000   0.0000   0.0000   0.0000   0.0000   0.0000   0.0000   0.0000   0.0000 
  0.0000   0.0000   0.0000   0.0000   0.0000   0.0000   0.0000   0.0000   0.0000   0.0000 
  0.0000   0.0000   0.0000   0.0000   0.0000   0.0000   0.0000   0.0000   0.0000   0.0000 
  0.0000   0.0000   0.0000   0.0000   0.0000   0.0000   0.0000   0.0000   0.0000   0.0000 
  0.0000   0.0000   0.0000   0.0000   0.0000   0.0000   0.0000   0.0000   0.0000   0.0000 
  0.0000   0.0000   0.0000   0.0000   0.0000   0.0000   0.0000   0.0000   0.0000   0.0000 
  0.0000   0.0000   0.0000   0.0000   0.0000   0.0000   0.0000   0.0000   0.0000   0.0000 
  0.0000   0.0000   0.0000   0.0000   0.0000   0.0000   0.0000   0.0000   0.0000   0.0000 
  0.0000   0.0000   0.0000   0.0000   0.0000   0.0000   0.0000   0.0000   0.0000   0.0000 
  0.0000   0.0000   0.0000   0.0000   0.0000   0.0000   0.0000   0.0000   0.0000   0.0000 
  0.0000   0.0000   0.0000   0.0000   0.0000   0.0000   0.0000   0.0000   0.0000   0.0000 
  0.0000   0.0000   0.0000   0.0000   0.0000   0.0000   0.0000   0.0000   0.0000   0.0000 
  0.0000   0.0000   0.0000   0.0000   0.0000   0.0000   0.0000   0.0000   0.0000   0.0000 
  0.0000   0.0000   0.0000   0.0000   0.0000   0.0000   0.0000   0.0000   0.0000   0.0000 
  0.0000   0.0000   0.0000   0.0000   0.0000   0.0000   0.0000   0.0000   0.0000   0.0000 
  0.0000   0.0000   0.0000   0.0000   0.0000   0.0000   0.0000   0.0000   0.0000   0.0000 
  0.0000   0.0000   0.0000   0.0000   0.0000   0.0000   0.0000   0.0000   0.0000   0.0000 
  0.0000   0.0000   0.0000   0.0000   0.0000   0.0000   0.0000   0.0000   0.0000   0.0000 
  0.0000   0.0000   0.0000   0.0000   0.0000   0.0000   0.0000   0.0000   0.0000   0.0000 
  0.0000   0.0000   0.0000   0.0000   0.0000   0.0000   0.0000   0.0000   0.0000   0.0000 
  0.0000   0.0000   0.0000   0.0000   0.0000   0.0000   0.0000   0.0000   0.0000   0.0000 
  0.0000   0.0000   0.0000   0.0000   0.0000   0.0000   0.0000   0.0000   0.0000   0.0000 
  0.0000   0.0000   0.0000   0.0000   0.0000   0.0000   0.0000   0.0000   0.0000   0.0000 
  0.0000   0.0000   0.0000   0.0000   0.0000   0.0000   0.0000   0.0000   0.0000   0.0000 
  0.0000   0.0000   0.0000   0.0000   0.0000   0.0000   0.0000   0.0000   0.0000   0.0000 
  0.0000   0.0000   0.0000   0.0000   0.0000   0.0000   0.0000   0.0000   0.0000   0.0000 
  0.0000   0.0000   0.0000   0.0000   0.0000   0.0000   0.0000   0.0000   0.0000   0.0000 
  0.0000   0.0000   0.0000   0.0000   0.0000   0.0000   0.0000   0.0000   0.0000   0.0000 
  0.0000   0.0000   0.0000   0.0000   0.0000   0.0000   0.0000   0.0000   0.0000   0.0000 
  0.0000   0.0000   0.0000   0.0000   0.0000   0.0000   0.0000   0.0000   0.0000   0.0000 
  0.0000   0.0000   0.0000   0.0000   0.0000   0.0000   0.0000   0.0000   0.0000   0.0000 
  0.0000   0.0000   0.0000   0.0000   0.0000   0.0000   0.0000   0.0000   0.0000   0.0000 
  0.0000   0.0000   0.0000   0.0000   0.0000   0.0000   0.0000   0.0000   0.0000   0.0000 
  0.0000   0.0000   0.0000   0.0000   0.0000   0.0000   0.0000   0.0000   0.0000   0.0000 
  0.0000   0.0000   0.0000   0.0000   0.0000   0.0000   0.0000   0.0000   0.0000   0.0000 
  0.0000   0.0000   0.0000   0.0000   0.0000   0.0000   0.0000   0.0000   0.0000   0.0000 
  0.0000   0.0000   0.0000   0.0000   0.0000   0.0000   0.0000   0.0000   0.0000   0.0000 
  0.0000   0.0000   0.0000   0.0000   0.0000   0.0000   0.0000   0.0000   0.0000   0.0000 
  0.0000   0.0000   0.0000   0.0000   0.0000   0.0000   0.0000   0.0000   0.0000   0.0000 
  0.0000   0.0000   0.0000   0.0000   0.0000   0.0000   0.0000   0.0000   0.0000   0.0000 
  0.0000   0.0000   0.0000   0.0000   0.0000   0.0000   0.0000   0.0000   0.0000   0.0000 
  0.0000   0.0000   0.0000   0.0000   0.0000   0.0000   0.0000   0.0000   0.0000   0.0000 
  0.0000   0.0000   0.0000   0.0000   0.0000   0.0000   0.0000   0.0000   0.0000   0.0000 
  0.0000   0.0000   0.0000   0.0000   0.0000   0.0000   0.0000   0.0000   0.0000   0.0000 
  0.0000   0.0000   0.0000   0.0000   0.0000   0.0000   0.0000   0.0000   0.0000   0.0000 
  0.0000   0.0000   0.0000   0.0000   0.0000   0.0000   0.0000   0.0000   0.0000   0.0000 
  0.0000   0.0000   0.0000   0.0000   0.0000   0.0000   0.0000   0.0000   0.0000   0.0000 
  0.0000   0.0000   0.0000   0.0000   0.0000   0.0000   0.0000   0.0000   0.0000   0.0000 
  0.0000   0.0000   0.0000   0.0000   0.0000   0.0000   0.0000   0.0000   0.0000   0.0000 
  0.0000   0.0000   0.0000   0.0000   0.0000   0.0000   0.0000   0.0000   0.0000   0.0000 
  0.0000   0.0000   0.0000   0.0000   0.0000   0.0000   0.0000   0.0000   0.0000   0.0000 
  0.0000   0.0000   0.0000   0.0000   0.0000   0.0000   0.0000   0.0000   0.0000   0.0000 
  0.0000   0.0000   0.0000   0.0000   0.0000   0.0000   0.0000   0.0000   0.0000   0.0000 
  0.0000   0.0000   0.0000   0.0000   0.0000   0.0000   0.0000   0.0000   0.0000   0.0000 
  0.0000   0.0000   0.0000   0.0000   0.0000   0.0000   0.0000   0.0000   0.0000   0.0000 
  0.0000   0.0000   0.0000   0.0000   0.0000   0.0000   0.0000   0.0000   0.0000   0.0000 
  0.0000   0.0000   0.0000   0.0000   0.0000   0.0000   0.0000   0.0000   0.0000   0.0000 
  0.0000   0.0000   0.0000   0.0000   0.0000   0.0000   0.0000   0.0000   0.0000   0.0000 
  0.0000   0.0000   0.0000   0.0000   0.0000   0.0000   0.0000   0.0000   0.0000   0.0000 
  0.0000   0.0000   0.0000   0.0000   0.0000   0.0000   0.0000   0.0000   0.0000   0.0000 
  0.0000   0.0000   0.0000   0.0000   0.0000   0.0000   0.0000   0.0000   0.0000   0.0000 
  0.0000   0.0000   0.0000   0.0000   0.0000   0.0000   0.0000   0.0000   0.0000   0.0000 
  0.0000   0.0000   0.0000   0.0000   0.0000   0.0000   0.0000   0.0000   0.0000   0.0000 
  0.0000   0.0000   0.0000   0.0000   0.0000   0.0000   0.0000   0.0000   0.0000   0.0000 
  0.0000   0.0000   0.0000   0.0000   0.0000   0.0000   0.0000   0.0000   0.0000   0.0000 
  0.0000   0.0000   0.0000   0.0000   0.0000   0.0000   0.0000   0.0000   0.0000   0.0000 
  0.0000   0.0000   0.0000   0.0000   0.0000   0.0000   0.0000   0.0000   0.0000   0.0000 
  0.0000   0.0000   0.0000   0.0000   0.0000   0.0000   0.0000   0.0000   0.0000   0.0000 
  0.0000   0.0000   0.0000   0.0000   0.0000   0.0000   0.0000   0.0000   0.0000   0.0000 
  0.0000   0.0000   0.0000   0.0000   0.0000   0.0000   0.0000   0.0000   0.0000   0.0000 
  0.0000   0.0000   0.0000   0.0000   0.0000   0.0000   0.0000   0.0000   0.0000   0.0000 
  0.0000   0.0000   0.0000   0.0000   0.0000   0.0000   0.0000   0.0000   0.0000   0.0000 
  0.0000   0.0000   0.0000   0.0000   0.0000   0.0000   0.0000   0.0000   0.0000   0.0000 
  0.0000   0.0000   0.0000   0.0000   0.0000   0.0000   0.0000   0.0000   0.0000   0.0000 
  0.0000   0.0000   0.0000   0.0000   0.0000   0.0000   0.0000   0.0000   0.0000   0.0000 
  0.0000   0.0000   0.0000   0.0000   0.0000   0.0000   0.0000   0.0000   0.0000   0.0000 
  0.0000   0.0000   0.0000   0.0000   0.0000   0.0000   0.0000   0.0000   0.0000   0.0000 
  0.0000   0.0000   0.0000   0.0000   0.0000   0.0000   0.0000   0.0000   0.0000   0.0000 
  0.0000   0.0000   0.0000   0.0000   0.0000   0.0000   0.0000   0.0000   0.0000   0.0000 
  0.0000   0.0000   0.0000   0.0000   0.0000   0.0000   0.0000   0.0000   0.0000   0.0000 
  0.0000   0.0000   0.0000   0.0000   0.0000   0.0000   0.0000   0.0000   0.0000   0.0000 
  0.0000   0.0000   0.0000   0.0000   0.0000   0.0000   0.0000   0.0000   0.0000   0.0000 
  0.0000   0.0000   0.0000   0.0000   0.0000   0.0000   0.0000   0.0000   0.0000   0.0000 
  0.0000   0.0000   0.0000   0.0000   0.0000   0.0000   0.0000   0.0000   0.0000   0.0000 
  0.0000   0.0000   0.0000   0.0000   0.0000   0.0000   0.0000   0.0000   0.0000   0.0000 
  0.0000   0.0000   0.0000   0.0000   0.0000   0.0000   0.0000   0.0000   0.0000   0.0000 
  0.0000   0.0000   0.0000   0.0000   0.0000   0.0000   0.0000   0.0000   0.0000   0.0000 
  0.0000   0.0000   0.0000   0.0000   0.0000   0.0000   0.0000   0.0000   0.0000   0.0000 
  0.0000   0.0000   0.0000   0.0000   0.0000   0.0000   0.0000   0.0000   0.0000   0.0000 
  0.0000   0.0000   0.0000   0.0000   0.0000   0.0000   0.0000   0.0000   0.0000   0.0000 
  0.0000   0.0000   0.0000   0.0000   0.0000   0.0000   0.0000   0.0000   0.0000   0.0000 
  0.0000   0.0000   0.0000   0.0000   0.0000   0.0000   0.0000   0.0000   0.0000   0.0000 
  0.0000   0.0000   0.0000   0.0000   0.0000   0.0000   0.0000   0.0000   0.0000   0.0000 
  0.0000   0.0000   0.0000   0.0000   0.0000   0.0000   0.0000   0.0000   0.0000   0.0000 
  0.0000   0.0000   0.0000   0.0000   0.0000   0.0000   0.0000   0.0000   0.0000   0.0000 
  0.0000   0.0000   0.0000   0.0000   0.0000   0.0000   0.0000   0.0000   0.0000   0.0000 
  0.0000   0.0000   0.0000   0.0000   0.0000   0.0000   0.0000   0.0000   0.0000   0.0000 
  0.0000   0.0000   0.0000   0.0000   0.0000   0.0000   0.0000   0.0000   0.0000   0.0000 
  0.0000   0.0000   0.0000   0.0000   0.0000   0.0000   0.0000   0.0000   0.0000   0.0000 
  0.0000   0.0000   0.0000   0.0000   0.0000   0.0000   0.0000   0.0000   0.0000   0.0000 
  0.0000   0.0000   0.0000   0.0000   0.0000   0.0000   0.0000   0.0000   0.0000   0.0000 
  0.0000   0.0000   0.0000   0.0000   0.0000   0.0000   0.0000   0.0000   0.0000   0.0000 
  0.0000   0.0000   0.0000   0.0000   0.0000   0.0000   0.0000   0.0000   0.0000   0.0000 
  0.0000   0.0000   0.0000   0.0000   0.0000   0.0000   0.0000   0.0000   0.0000   0.0000 
  0.0000   0.0000   0.0000   0.0000   0.0000   0.0000   0.0000   0.0000   0.0000   0.0000 
  0.0000   0.0000   0.0000   0.0000   0.0000   0.0000   0.0000   0.0000   0.0000   0.0000 
  0.0000   0.0000   0.0000   0.0000   0.0000   0.0000   0.0000   0.0000   0.0000   0.0000 
  0.0000   0.0000   0.0000   0.0000   0.0000   0.0000   0.0000   0.0000   0.0000   0.0000 
  0.0000   0.0000   0.0000   0.0000   0.0000   0.0000   0.0000   0.0000   0.0000   0.0000 
  0.0000   0.0000   0.0000   0.0000   0.0000   0.0000   0.0000   0.0000   0.0000   0.0000 
  0.0000   0.0000   0.0000   0.0000   0.0000   0.0000   0.0000   0.0000   0.0000   0.0000 
  0.0000   0.0000   0.0000   0.0000   0.0000   0.0000   0.0000   0.0000   0.0000   0.0000 
  0.0000   0.0000   0.0000   0.0000   0.0000   0.0000   0.0000   0.0000   0.0000   0.0000 
  0.0000   0.0000   0.0000   0.0000   0.0000   0.0000   0.0000   0.0000   0.0000   0.0000 
  0.0000   0.0000   0.0000   0.0000   0.0000   0.0000   0.0000   0.0000   0.0000   0.0000 
  0.0000   0.0000   0.0000   0.0000   0.0000   0.0000   0.0000   0.0000   0.0000   0.0000 
  0.0000   0.0000   0.0000   0.0000   0.0000   0.0000   0.0000   0.0000   0.0000   0.0000 
  0.0000   0.0000   0.0000   0.0000   0.0000   0.0000   0.0000   0.0000   0.0000   0.0000 
  0.0000   0.0000   0.0000   0.0000   0.0000   0.0000   0.0000   0.0000   0.0000   0.0000 
  0.0000   0.0000   0.0000   0.0000   0.0000   0.0000   0.0000   0.0000   0.0000   0.0000 
  0.0000   0.0000   0.0000   0.0000   0.0000   0.0000   0.0000   0.0000   0.0000   0.0000 
  0.0000   0.0000   0.0000   0.0000   0.0000   0.0000   0.0000   0.0000   0.0000   0.0000 
  0.0000   0.0000   0.0000   0.0000   0.0000   0.0000   0.0000   0.0000   0.0000   0.0000 
  0.0000   0.0000   0.0000   0.0000   0.0000   0.0000   0.0000   0.0000   0.0000   0.0000 
  0.0000   0.0000   0.0000   0.0000   0.0000   0.0000   0.0000   0.0000   0.0000   0.0000 
  0.0000   0.0000   0.0000   0.0000   0.0000   0.0000   0.0000   0.0000   0.0000   0.0000 
  0.0000   0.0000   0.0000   0.0000   0.0000   0.0000   0.0000   0.0000   0.0000   0.0000 
  0.0000   0.0000   0.0000   0.0000   0.0000   0.0000   0.0000   0.0000   0.0000   0.0000 
  0.0000   0.0000   0.0000   0.0000   0.0000   0.0000   0.0000   0.0000   0.0000   0.0000 
  0.0000   0.0000   0.0000   0.0000   0.0000   0.0000   0.0000   0.0000   0.0000   0.0000 
  0.0000   0.0000   0.0000   0.0000   0.0000   0.0000   0.0000   0.0000   0.0000   0.0000 
  0.0000   0.0000   0.0000   0.0000   0.0000   0.0000   0.0000   0.0000   0.0000   0.0000 
  0.0000   0.0000   0.0000   0.0000   0.0000   0.0000   0.0000   0.0000   0.0000   0.0000 
  0.0000   0.0000   0.0000   0.0000   0.0000   0.0000   0.0000   0.0000   0.0000   0.0000 
  0.0000   0.0000   0.0000   0.0000   0.0000   0.0000   0.0000   0.0000   0.0000   0.0000 
  0.0000   0.0000   0.0000   0.0000   0.0000   0.0000   0.0000   0.0000   0.0000   0.0000 
  0.0000   0.0000   0.0000   0.0000   0.0000   0.0000   0.0000   0.0000   0.0000   0.0000 
  0.0000   0.0000   0.0000   0.0000   0.0000   0.0000   0.0000   0.0000   0.0000   0.0000 
  0.0000   0.0000   0.0000   0.0000   0.0000   0.0000   0.0000   0.0000   0.0000   0.0000 
  0.0000   0.0000   0.0000   0.0000   0.0000   0.0000   0.0000   0.0000   0.0000   0.0000 
  0.0000   0.0000   0.0000   0.0000   0.0000   0.0000   0.0000   0.0000   0.0000   0.0000 
  0.0000   0.0000   0.0000   0.0000   0.0000   0.0000   0.0000   0.0000   0.0000   0.0000 
  0.0000   0.0000   0.0000   0.0000   0.0000   0.0000   0.0000   0.0000   0.0000   0.0000 
  0.0000   0.0000   0.0000   0.0000   0.0000   0.0000   0.0000   0.0000   0.0000   0.0000 
  0.0000   0.0000   0.0000   0.0000   0.0000   0.0000   0.0000   0.0000   0.0000   0.0000 
  0.0000   0.0000   0.0000   0.0000   0.0000   0.0000   0.0000   0.0000   0.0000   0.0000 
  0.0000   0.0000   0.0000   0.0000   0.0000   0.0000   0.0000   0.0000   0.0000   0.0000 
  0.0000   0.0000   0.0000   0.0000   0.0000   0.0000   0.0000   0.0000   0.0000   0.0000 
  0.0000   0.0000   0.0000   0.0000   0.0000   0.0000   0.0000   0.0000   0.0000   0.0000 
  0.0000   0.0000   0.0000   0.0000   0.0000   0.0000   0.0000   0.0000   0.0000   0.0000 
  0.0000   0.0000   0.0000   0.0000   0.0000   0.0000   0.0000   0.0000   0.0000   0.0000 
  0.0000   0.0000   0.0000   0.0000   0.0000   0.0000   0.0000   0.0000   0.0000   0.0000 
  0.0000   0.0000   0.0000   0.0000   0.0000   0.0000   0.0000   0.0000   0.0000   0.0000 
  0.0000   0.0000   0.0000   0.0000   0.0000   0.0000   0.0000   0.0000   0.0000   0.0000 
  0.0000   0.0000   0.0000   0.0000   0.0000   0.0000   0.0000   0.0000   0.0000   0.0000 
  0.0000   0.0000   0.0000   0.0000   0.0000   0.0000   0.0000   0.0000   0.0000   0.0000 
  0.0000   0.0000   0.0000   0.0000   0.0000   0.0000   0.0000   0.0000   0.0000   0.0000 
  0.0000   0.0000   0.0000   0.0000   0.0000   0.0000   0.0000   0.0000   0.0000   0.0000 
  0.0000   0.0000   0.0000   0.0000   0.0000   0.0000   0.0000   0.0000   0.0000   0.0000 
  0.0000   0.0000   0.0000   0.0000   0.0000   0.0000   0.0000   0.0000   0.0000   0.0000 
  0.0000   0.0000   0.0000   0.0000   0.0000   0.0000   0.0000   0.0000   0.0000   0.0000 
  0.0000   0.0000   0.0000   0.0000   0.0000   0.0000   0.0000   0.0000   0.0000   0.0000 
  0.0000   0.0000   0.0000   0.0000   0.0000   0.0000   0.0000   0.0000   0.0000   0.0000 
  0.0000   0.0000   0.0000   0.0000   0.0000   0.0000   0.0000   0.0000   0.0000   0.0000 
  0.0000   0.0000   0.0000   0.0000   0.0000   0.0000   0.0000   0.0000   0.0000   0.0000 
  0.0000   0.0000   0.0000   0.0000   0.0000   0.0000   0.0000   0.0000   0.0000   0.0000 
  0.0000   0.0000   0.0000   0.0000   0.0000   0.0000   0.0000   0.0000   0.0000   0.0000 
  0.0000   0.0000   0.0000   0.0000   0.0000   0.0000   0.0000   0.0000   0.0000   0.0000 
  0.0000   0.0000   0.0000   0.0000   0.0000   0.0000   0.0000   0.0000   0.0000   0.0000 
  0.0000   0.0000   0.0000   0.0000   0.0000   0.0000   0.0000   0.0000   0.0000   0.0000 
  0.0000   0.0000   0.0000   0.0000   0.0000   0.0000   0.0000   0.0000   0.0000   0.0000 
  0.0000   0.0000   0.0000   0.0000   0.0000   0.0000   0.0000   0.0000   0.0000   0.0000 
  0.0000   0.0000   0.0000   0.0000   0.0000   0.0000   0.0000   0.0000   0.0000   0.0000 
  0.0000   0.0000   0.0000   0.0000   0.0000   0.0000   0.0000   0.0000   0.0000   0.0000 
  0.0000   0.0000   0.0000   0.0000   0.0000   0.0000   0.0000   0.0000   0.0000   0.0000 
  0.0000   0.0000   0.0000   0.0000   0.0000   0.0000   0.0000   0.0000   0.0000   0.0000 
  0.0000   0.0000   0.0000   0.0000   0.0000   0.0000   0.0000   0.0000   0.0000   0.0000 
  0.0000   0.0000   0.0000   0.0000   0.0000   0.0000   0.0000   0.0000   0.0000   0.0000 
  0.0000   0.0000   0.0000   0.0000   0.0000   0.0000   0.0000   0.0000   0.0000   0.0000 
  0.0000   0.0000   0.0000   0.0000   0.0000   0.0000   0.0000   0.0000   0.0000   0.0000 
  0.0000   0.0000   0.0000   0.0000   0.0000   0.0000   0.0000   0.0000   0.0000   0.0000 
  0.0000   0.0000   0.0000   0.0000   0.0000   0.0000   0.0000   0.0000   0.0000   0.0000 
  0.0000   0.0000   0.0000   0.0000   0.0000   0.0000   0.0000   0.0000   0.0000   0.0000 
  0.0000   0.0000   0.0000   0.0000   0.0000   0.0000   0.0000   0.0000   0.0000   0.0000 
  0.0000   0.0000   0.0000   0.0000   0.0000   0.0000   0.0000   0.0000   0.0000   0.0000 
  0.0000   0.0000   0.0000   0.0000   0.0000   0.0000   0.0000   0.0000   0.0000   0.0000 
  0.0000   0.0000   0.0000   0.0000   0.0000   0.0000   0.0000   0.0000   0.0000   0.0000 
  0.0000   0.0000   0.0000   0.0000   0.0000   0.0000   0.0000   0.0000   0.0000   0.0000 
  0.0000   0.0000   0.0000   0.0000   0.0000   0.0000   0.0000   0.0000   0.0000   0.0000 
  0.0000   0.0000   0.0000   0.0000   0.0000   0.0000   0.0000   0.0000   0.0000   0.0000 
  0.0000   0.0000   0.0000   0.0000   0.0000   0.0000   0.0000   0.0000   0.0000   0.0000 
  0.0000   0.0000   0.0000   0.0000   0.0000   0.0000   0.0000   0.0000   0.0000   0.0000 
  0.0000   0.0000   0.0000   0.0000   0.0000   0.0000   0.0000   0.0000   0.0000   0.0000 
  0.0000   0.0000   0.0000   0.0000   0.0000   0.0000   0.0000   0.0000   0.0000   0.0000 
  0.0000   0.0000   0.0000   0.0000   0.0000   0.0000   0.0000   0.0000   0.0000   0.0000 
  0.0000   0.0000   0.0000   0.0000   0.0000   0.0000   0.0000   0.0000   0.0000   0.0000 
  0.0000   0.0000   0.0000   0.0000   0.0000   0.0000   0.0000   0.0000   0.0000   0.0000 
  0.0000   0.0000   0.0000   0.0000   0.0000   0.0000   0.0000   0.0000   0.0000   0.0000 
  0.0000   0.0000   0.0000   0.0000   0.0000   0.0000   0.0000   0.0000   0.0000   0.0000 
  0.0000   0.0000   0.0000   0.0000   0.0000   0.0000   0.0000   0.0000   0.0000   0.0000 
  0.0000   0.0000   0.0000   0.0000   0.0000   0.0000   0.0000   0.0000   0.0000   0.0000 
  0.0000   0.0000   0.0000   0.0000   0.0000   0.0000   0.0000   0.0000   0.0000   0.0000 
  0.0000   0.0000   0.0000   0.0000   0.0000   0.0000   0.0000   0.0000   0.0000   0.0000 
  0.0000   0.0000   0.0000   0.0000   0.0000   0.0000   0.0000   0.0000   0.0000   0.0000 
  0.0000   0.0000   0.0000   0.0000   0.0000   0.0000   0.0000   0.0000   0.0000   0.0000 
  0.0000   0.0000   0.0000   0.0000   0.0000   0.0000   0.0000   0.0000   0.0000   0.0000 
  0.0000   0.0000   0.0000   0.0000   0.0000   0.0000   0.0000   0.0000   0.0000   0.0000 
  0.0000   0.0000   0.0000   0.0000   0.0000   0.0000   0.0000   0.0000   0.0000   0.0000 
  0.0000   0.0000   0.0000   0.0000   0.0000   0.0000   0.0000   0.0000   0.0000   0.0000 
  0.0000   0.0000   0.0000   0.0000   0.0000   0.0000   0.0000   0.0000   0.0000   0.0000 
  0.0000   0.0000   0.0000   0.0000   0.0000   0.0000   0.0000   0.0000   0.0000   0.0000 
  0.0000   0.0000   0.0000   0.0000   0.0000   0.0000   0.0000   0.0000   0.0000   0.0000 
  0.0000   0.0000   0.0000   0.0000   0.0000   0.0000   0.0000   0.0000   0.0000   0.0000 
  0.0000   0.0000   0.0000   0.0000   0.0000   0.0000   0.0000   0.0000   0.0000   0.0000 
  0.0000   0.0000   0.0000   0.0000   0.0000   0.0000   0.0000   0.0000   0.0000   0.0000 
  0.0000   0.0000   0.0000   0.0000   0.0000   0.0000   0.0000   0.0000   0.0000   0.0000 
  0.0000   0.0000   0.0000   0.0000   0.0000   0.0000   0.0000   0.0000   0.0000   0.0000 
  0.0000   0.0000   0.0000   0.0000   0.0000   0.0000   0.0000   0.0000   0.0000   0.0000 
  0.0000   0.0000   0.0000   0.0000   0.0000   0.0000   0.0000   0.0000   0.0000   0.0000 
  0.0000   0.0000   0.0000   0.0000   0.0000   0.0000   0.0000   0.0000   0.0000   0.0000 
  0.0000   0.0000   0.0000   0.0000   0.0000   0.0000   0.0000   0.0000   0.0000   0.0000 
  0.0000   0.0000   0.0000   0.0000   0.0000   0.0000   0.0000   0.0000   0.0000   0.0000 
  0.0000   0.0000   0.0000   0.0000   0.0000   0.0000   0.0000   0.0000   0.0000   0.0000 
  0.0000   0.0000   0.0000   0.0000   0.0000   0.0000   0.0000   0.0000   0.0000   0.0000 
  0.0000   0.0000   0.0000   0.0000   0.0000   0.0000   0.0000   0.0000   0.0000   0.0000 
  0.0000   0.0000   0.0000   0.0000   0.0000   0.0000   0.0000   0.0000   0.0000   0.0000 
  0.0000   0.0000   0.0000   0.0000   0.0000   0.0000   0.0000   0.0000   0.0000   0.0000 
  0.0000   0.0000   0.0000   0.0000   0.0000   0.0000   0.0000   0.0000   0.0000   0.0000 
  0.0000   0.0000   0.0000   0.0000   0.0000   0.0000   0.0000   0.0000   0.0000   0.0000 
  0.0000   0.0000   0.0000   0.0000   0.0000   0.0000   0.0000   0.0000   0.0000   0.0000 
  0.0000   0.0000   0.0000   0.0000   0.0000   0.0000   0.0000   0.0000   0.0000   0.0000 
  0.0000   0.0000   0.0000   0.0000   0.0000   0.0000   0.0000   0.0000   0.0000   0.0000 
  0.0000   0.0000   0.0000   0.0000   0.0000   0.0000   0.0000   0.0000   0.0000   0.0000 
  0.0000   0.0000   0.0000   0.0000   0.0000   0.0000   0.0000   0.0000   0.0000   0.0000 
  0.0000   0.0000   0.0000   0.0000   0.0000   0.0000   0.0000   0.0000   0.0000   0.0000 
  0.0000   0.0000   0.0000   0.0000   0.0000   0.0000   0.0000   0.0000   0.0000   0.0000 
  0.0000   0.0000   0.0000   0.0000   0.0000   0.0000   0.0000   0.0000   0.0000   0.0000 
  0.0000   0.0000   0.0000   0.0000   0.0000   0.0000   0.0000   0.0000   0.0000   0.0000 
  0.0000   0.0000   0.0000   0.0000   0.0000   0.0000   0.0000   0.0000   0.0000   0.0000 
  0.0000   0.0000   0.0000   0.0000   0.0000   0.0000   0.0000   0.0000   0.0000   0.0000 
  0.0000   0.0000   0.0000   0.0000   0.0000   0.0000   0.0000   0.0000   0.0000   0.0000 
  0.0000   0.0000   0.0000   0.0000   0.0000   0.0000   0.0000   0.0000   0.0000   0.0000 
  0.0000   0.0000   0.0000   0.0000   0.0000   0.0000   0.0000   0.0000   0.0000   0.0000 
  0.0000   0.0000   0.0000   0.0000   0.0000   0.0000   0.0000   0.0000   0.0000   0.0000 
  0.0000   0.0000   0.0000   0.0000   0.0000   0.0000   0.0000   0.0000   0.0000   0.0000 
  0.0000   0.0000   0.0000   0.0000   0.0000   0.0000   0.0000   0.0000   0.0000   0.0000 
  0.0000   0.0000   0.0000   0.0000   0.0000   0.0000   0.0000   0.0000   0.0000   0.0000 
  0.0000   0.0000   0.0000   0.0000   0.0000   0.0000   0.0000   0.0000   0.0000   0.0000 
  0.0000   0.0000   0.0000   0.0000   0.0000   0.0000   0.0000   0.0000   0.0000   0.0000 
  0.0000   0.0000   0.0000   0.0000   0.0000   0.0000   0.0000   0.0000   0.0000   0.0000 
  0.0000   0.0000   0.0000   0.0000   0.0000   0.0000   0.0000   0.0000   0.0000   0.0000 
  0.0000   0.0000   0.0000   0.0000   0.0000   0.0000   0.0000   0.0000   0.0000   0.0000 
  0.0000   0.0000   0.0000   0.0000   0.0000   0.0000   0.0000   0.0000   0.0000   0.0000 
  0.0000   0.0000   0.0000   0.0000   0.0000   0.0000   0.0000   0.0000   0.0000   0.0000 
  0.0000   0.0000   0.0000   0.0000   0.0000   0.0000   0.0000   0.0000   0.0000   0.0000 
  0.0000   0.0000   0.0000   0.0000   0.0000   0.0000   0.0000   0.0000   0.0000   0.0000 
  0.0000   0.0000   0.0000   0.0000   0.0000   0.0000   0.0000   0.0000   0.0000   0.0000 
  0.0000   0.0000   0.0000   0.0000   0.0000   0.0000   0.0000   0.0000   0.0000   0.0000 
  0.0000   0.0000   0.0000   0.0000   0.0000   0.0000   0.0000   0.0000   0.0000   0.0000 
  0.0000   0.0000   0.0000   0.0000   0.0000   0.0000   0.0000   0.0000   0.0000   0.0000 
  0.0000   0.0000   0.0000   0.0000   0.0000   0.0000   0.0000   0.0000   0.0000   0.0000 
  0.0000   0.0000   0.0000   0.0000   0.0000   0.0000   0.0000   0.0000   0.0000   0.0000 
  0.0000   0.0000   0.0000   0.0000   0.0000   0.0000   0.0000   0.0000   0.0000   0.0000 
  0.0000   0.0000   0.0000   0.0000   0.0000   0.0000   0.0000   0.0000   0.0000   0.0000 
  0.0000   0.0000   0.0000   0.0000   0.0000   0.0000   0.0000   0.0000   0.0000   0.0000 
  0.0000   0.0000   0.0000   0.0000   0.0000   0.0000   0.0000   0.0000   0.0000   0.0000 
  0.0000   0.0000   0.0000   0.0000   0.0000   0.0000   0.0000   0.0000   0.0000   0.0000 
  0.0000   0.0000   0.0000   0.0000   0.0000   0.0000   0.0000   0.0000   0.0000   0.0000 
  0.0000   0.0000   0.0000   0.0000   0.0000   0.0000   0.0000   0.0000   0.0000   0.0000 
  0.0000   0.0000   0.0000   0.0000   0.0000   0.0000   0.0000   0.0000   0.0000   0.0000 
  0.0000   0.0000   0.0000   0.0000   0.0000   0.0000   0.0000   0.0000   0.0000   0.0000 
  0.0000   0.0000   0.0000   0.0000   0.0000   0.0000   0.0000   0.0000   0.0000   0.0000 
  0.0000   0.0000   0.0000   0.0000   0.0000   0.0000   0.0000   0.0000   0.0000   0.0000 
  0.0000   0.0000   0.0000   0.0000   0.0000   0.0000   0.0000   0.0000   0.0000   0.0000 
  0.0000   0.0000   0.0000   0.0000   0.0000   0.0000   0.0000   0.0000   0.0000   0.0000 
  0.0000   0.0000   0.0000   0.0000   0.0000   0.0000   0.0000   0.0000   0.0000   0.0000 
  0.0000   0.0000   0.0000   0.0000   0.0000   0.0000   0.0000   0.0000   0.0000   0.0000 
  0.0000   0.0000   0.0000   0.0000   0.0000   0.0000   0.0000   0.0000   0.0000   0.0000 
  0.0000   0.0000   0.0000   0.0000   0.0000   0.0000   0.0000   0.0000   0.0000   0.0000 
  0.0000   0.0000   0.0000   0.0000   0.0000   0.0000   0.0000   0.0000   0.0000   0.0000 
  0.0000   0.0000   0.0000   0.0000   0.0000   0.0000   0.0000   0.0000   0.0000   0.0000 
  0.0000   0.0000   0.0000   0.0000   0.0000   0.0000   0.0000   0.0000   0.0000   0.0000 
  0.0000   0.0000   0.0000   0.0000   0.0000   0.0000   0.0000   0.0000   0.0000   0.0000 
  0.0000   0.0000   0.0000   0.0000   0.0000   0.0000   0.0000   0.0000   0.0000   0.0000 
  0.0000   0.0000   0.0000   0.0000   0.0000   0.0000   0.0000   0.0000   0.0000   0.0000 
  0.0000   0.0000   0.0000   0.0000   0.0000   0.0000   0.0000   0.0000   0.0000   0.0000 
  0.0000   0.0000   0.0000   0.0000   0.0000   0.0000   0.0000   0.0000   0.0000   0.0000 
  0.0000   0.0000   0.0000   0.0000   0.0000   0.0000   0.0000   0.0000   0.0000   0.0000 
  0.0000   0.0000   0.0000   0.0000   0.0000   0.0000   0.0000   0.0000   0.0000   0.0000 
  0.0000   0.0000   0.0000   0.0000   0.0000   0.0000   0.0000   0.0000   0.0000   0.0000 
  0.0000   0.0000   0.0000   0.0000   0.0000   0.0000   0.0000   0.0000   0.0000   0.0000 
  0.0000   0.0000   0.0000   0.0000   0.0000   0.0000   0.0000   0.0000   0.0000   0.0000 
  0.0000   0.0000   0.0000   0.0000   0.0000   0.0000   0.0000   0.0000   0.0000   0.0000 
  0.0000   0.0000   0.0000   0.0000   0.0000   0.0000   0.0000   0.0000   0.0000   0.0000 
  0.0000   0.0000   0.0000   0.0000   0.0000   0.0000   0.0000   0.0000   0.0000   0.0000 
  0.0000   0.0000   0.0000   0.0000   0.0000   0.0000   0.0000   0.0000   0.0000   0.0000 
  0.0000   0.0000   0.0000   0.0000   0.0000   0.0000   0.0000   0.0000   0.0000   0.0000 
  0.0000   0.0000   0.0000   0.0000   0.0000   0.0000   0.0000   0.0000   0.0000   0.0000 
  0.0000   0.0000   0.0000   0.0000   0.0000   0.0000   0.0000   0.0000   0.0000   0.0000 
  0.0000   0.0000   0.0000   0.0000   0.0000   0.0000   0.0000   0.0000   0.0000   0.0000 
  0.0000   0.0000   0.0000   0.0000   0.0000   0.0000   0.0000   0.0000   0.0000   0.0000 
  0.0000   0.0000   0.0000   0.0000   0.0000   0.0000   0.0000   0.0000   0.0000   0.0000 
  0.0000   0.0000   0.0000   0.0000   0.0000   0.0000   0.0000   0.0000   0.0000   0.0000 
  0.0000   0.0000   0.0000   0.0000   0.0000   0.0000   0.0000   0.0000   0.0000   0.0000 
  0.0000   0.0000   0.0000   0.0000   0.0000   0.0000   0.0000   0.0000   0.0000   0.0000 
  0.0000   0.0000   0.0000   0.0000   0.0000   0.0000   0.0000   0.0000   0.0000   0.0000 
  0.0000   0.0000   0.0000   0.0000   0.0000   0.0000   0.0000   0.0000   0.0000   0.0000 
  0.0000   0.0000   0.0000   0.0000   0.0000   0.0000   0.0000   0.0000   0.0000   0.0000 
  0.0000   0.0000   0.0000   0.0000   0.0000   0.0000   0.0000   0.0000   0.0000   0.0000 
  0.0000   0.0000   0.0000   0.0000   0.0000   0.0000   0.0000   0.0000   0.0000   0.0000 
  0.0000   0.0000   0.0000   0.0000   0.0000   0.0000   0.0000   0.0000   0.0000   0.0000 
  0.0000   0.0000   0.0000   0.0000   0.0000   0.0000   0.0000   0.0000   0.0000   0.0000 
  0.0000   0.0000   0.0000   0.0000   0.0000   0.0000   0.0000   0.0000   0.0000   0.0000 
  0.0000   0.0000   0.0000   0.0000   0.0000   0.0000   0.0000   0.0000   0.0000   0.0000 
  0.0000   0.0000   0.0000   0.0000   0.0000   0.0000   0.0000   0.0000   0.0000   0.0000 
  0.0000   0.0000   0.0000   0.0000   0.0000   0.0000   0.0000   0.0000   0.0000   0.0000 
  0.0000   0.0000   0.0000   0.0000   0.0000   0.0000   0.0000   0.0000   0.0000   0.0000 
  0.0000   0.0000   0.0000   0.0000   0.0000   0.0000   0.0000   0.0000   0.0000   0.0000 
  0.0000   0.0000   0.0000   0.0000   0.0000   0.0000   0.0000   0.0000   0.0000   0.0000 
  0.0000   0.0000   0.0000   0.0000   0.0000   0.0000   0.0000   0.0000   0.0000   0.0000 
  0.0000   0.0000   0.0000   0.0000   0.0000   0.0000   0.0000   0.0000   0.0000   0.0000 
  0.0000   0.0000   0.0000   0.0000   0.0000   0.0000   0.0000   0.0000   0.0000   0.0000 
  0.0000   0.0000   0.0000   0.0000   0.0000   0.0000   0.0000   0.0000   0.0000   0.0000 
  0.0000   0.0000   0.0000   0.0000   0.0000   0.0000   0.0000   0.0000   0.0000   0.0000 
  0.0000   0.0000   0.0000   0.0000   0.0000   0.0000   0.0000   0.0000   0.0000   0.0000 
  0.0000   0.0000   0.0000   0.0000   0.0000   0.0000   0.0000   0.0000   0.0000   0.0000 
  0.0000   0.0000   0.0000   0.0000   0.0000   0.0000   0.0000   0.0000   0.0000   0.0000 
  0.0000   0.0000   0.0000   0.0000   0.0000   0.0000   0.0000   0.0000   0.0000   0.0000 
  0.0000   0.0000   0.0000   0.0000   0.0000   0.0000   0.0000   0.0000   0.0000   0.0000 
  0.0000   0.0000   0.0000   0.0000   0.0000   0.0000   0.0000   0.0000   0.0000   0.0000 
  0.0000   0.0000   0.0000   0.0000   0.0000   0.0000   0.0000   0.0000   0.0000   0.0000 
  0.0000   0.0000   0.0000   0.0000   0.0000   0.0000   0.0000   0.0000   0.0000   0.0000 
  0.0000   0.0000   0.0000   0.0000   0.0000   0.0000   0.0000   0.0000   0.0000   0.0000 
  0.0000   0.0000   0.0000   0.0000   0.0000   0.0000   0.0000   0.0000   0.0000   0.0000 
  0.0000   0.0000   0.0000   0.0000   0.0000   0.0000   0.0000   0.0000   0.0000   0.0000 
  0.0000   0.0000   0.0000   0.0000   0.0000   0.0000   0.0000   0.0000   0.0000   0.0000 
  0.0000   0.0000   0.0000   0.0000   0.0000   0.0000   0.0000   0.0000   0.0000   0.0000 
  0.0000   0.0000   0.0000   0.0000   0.0000   0.0000   0.0000   0.0000   0.0000   0.0000 
  0.0000   0.0000   0.0000   0.0000   0.0000   0.0000   0.0000   0.0000   0.0000   0.0000 
  0.0000   0.0000   0.0000   0.0000   0.0000   0.0000   0.0000   0.0000   0.0000   0.0000 
  0.0000   0.0000   0.0000   0.0000   0.0000   0.0000   0.0000   0.0000   0.0000   0.0000 
  0.0000   0.0000   0.0000   0.0000   0.0000   0.0000   0.0000   0.0000   0.0000   0.0000 
  0.0000   0.0000   0.0000   0.0000   0.0000   0.0000   0.0000   0.0000   0.0000   0.0000 
  0.0000   0.0000   0.0000   0.0000   0.0000   0.0000   0.0000   0.0000   0.0000   0.0000 
  0.0000   0.0000   0.0000   0.0000   0.0000   0.0000   0.0000   0.0000   0.0000   0.0000 
  0.0000   0.0000   0.0000   0.0000   0.0000   0.0000   0.0000   0.0000   0.0000   0.0000 
  0.0000   0.0000   0.0000   0.0000   0.0000   0.0000   0.0000   0.0000   0.0000   0.0000 
  0.0000   0.0000   0.0000   0.0000   0.0000   0.0000   0.0000   0.0000   0.0000   0.0000 
  0.0000   0.0000   0.0000   0.0000   0.0000   0.0000   0.0000   0.0000   0.0000   0.0000 
  0.0000   0.0000   0.0000   0.0000   0.0000   0.0000   0.0000   0.0000   0.0000   0.0000 
  0.0000   0.0000   0.0000   0.0000   0.0000   0.0000   0.0000   0.0000   0.0000   0.0000 
  0.0000   0.0000   0.0000   0.0000   0.0000   0.0000   0.0000   0.0000   0.0000   0.0000 
  0.0000   0.0000   0.0000   0.0000   0.0000   0.0000   0.0000   0.0000   0.0000   0.0000 
  0.0000   0.0000   0.0000   0.0000   0.0000   0.0000   0.0000   0.0000   0.0000   0.0000 
  0.0000   0.0000   0.0000   0.0000   0.0000   0.0000   0.0000   0.0000   0.0000   0.0000 
  0.0000   0.0000   0.0000   0.0000   0.0000   0.0000   0.0000   0.0000   0.0000   0.0000 
  0.0000   0.0000   0.0000   0.0000   0.0000   0.0000   0.0000   0.0000   0.0000   0.0000 
  0.0000   0.0000   0.0000   0.0000   0.0000   0.0000   0.0000   0.0000   0.0000   0.0000 
  0.0000   0.0000   0.0000   0.0000   0.0000   0.0000   0.0000   0.0000   0.0000   0.0000 
  0.0000   0.0000   0.0000   0.0000   0.0000   0.0000   0.0000   0.0000   0.0000   0.0000 
  0.0000   0.0000   0.0000   0.0000   0.0000   0.0000   0.0000   0.0000   0.0000   0.0000 
  0.0000   0.0000   0.0000   0.0000   0.0000   0.0000   0.0000   0.0000   0.0000   0.0000 
  0.0000   0.0000   0.0000   0.0000   0.0000   0.0000   0.0000   0.0000   0.0000   0.0000 
  0.0000   0.0000   0.0000   0.0000   0.0000   0.0000   0.0000   0.0000   0.0000   0.0000 
  0.0000   0.0000   0.0000   0.0000   0.0000   0.0000   0.0000   0.0000   0.0000   0.0000 
  0.0000   0.0000   0.0000   0.0000   0.0000   0.0000   0.0000   0.0000   0.0000   0.0000 
  0.0000   0.0000   0.0000   0.0000   0.0000   0.0000   0.0000   0.0000   0.0000   0.0000 
  0.0000   0.0000   0.0000   0.0000   0.0000   0.0000   0.0000   0.0000   0.0000   0.0000 
  0.0000   0.0000   0.0000   0.0000   0.0000   0.0000   0.0000   0.0000   0.0000   0.0000 
  0.0000   0.0000   0.0000   0.0000   0.0000   0.0000   0.0000   0.0000   0.0000   0.0000 
  0.0000   0.0000   0.0000   0.0000   0.0000   0.0000   0.0000   0.0000   0.0000   0.0000 
  0.0000   0.0000   0.0000   0.0000   0.0000   0.0000   0.0000   0.0000   0.0000   0.0000 
  0.0000   0.0000   0.0000   0.0000   0.0000   0.0000   0.0000   0.0000   0.0000   0.0000 
  0.0000   0.0000   0.0000   0.0000   0.0000   0.0000   0.0000   0.0000   0.0000   0.0000 
  0.0000   0.0000   0.0000   0.0000   0.0000   0.0000   0.0000   0.0000   0.0000   0.0000 
  0.0000   0.0000   0.0000   0.0000   0.0000   0.0000   0.0000   0.0000   0.0000   0.0000 
  0.0000   0.0000   0.0000   0.0000   0.0000   0.0000   0.0000   0.0000   0.0000   0.0000 
  0.0000   0.0000   0.0000   0.0000   0.0000   0.0000   0.0000   0.0000   0.0000   0.0000 
  0.0000   0.0000   0.0000   0.0000   0.0000   0.0000   0.0000   0.0000   0.0000   0.0000 
  0.0000   0.0000   0.0000   0.0000   0.0000   0.0000   0.0000   0.0000   0.0000   0.0000 
  0.0000   0.0000   0.0000   0.0000   0.0000   0.0000   0.0000   0.0000   0.0000   0.0000 
  0.0000   0.0000   0.0000   0.0000   0.0000   0.0000   0.0000   0.0000   0.0000   0.0000 
