z-axis acceleration data

  0.6240   0.7573   0.3906   0.9824   0.6104   0.6572  -0.1040   0.4673   1.7588   0.5845 
  0.4551   0.7749   0.3442   1.0396   0.5342   0.6738   0.3794   0.4771   1.7212   0.6631 
  1.0269   0.9658   0.2695   1.1011   0.5786   0.5796   0.0522   0.5518   1.7954   0.6982 
  0.7671   1.1875   0.2710   1.0542   0.8037   0.5981   0.6675   0.6729   1.7974   0.7158 
  0.7319   1.2715   0.2588   1.0166   0.9932   0.5791   0.6670   0.7227   1.7964   0.7764 
  0.7354   1.3022   0.2378   0.9473   1.0776   0.6426   0.5010   0.8013   1.7148   0.7485 
  0.7505   1.4360   0.2446   0.9150   1.1167   0.7925  -0.9111   0.9653   1.6899   0.6895 
  0.7271   1.4102   0.2749   1.0361   1.1699   0.8892   1.7417   1.0757   1.5986   0.7222 
  0.7197   1.4092   0.2422   1.1304   1.2109   0.9321   0.4692   1.1987   1.4575   0.7588 
  0.6899   1.3789   0.1958   1.1606   1.2368   1.0195   0.2832   1.1895   1.3462   0.7563 
  0.6631   1.3833   0.2529   1.2876   1.1753   1.0723  -0.3125   1.2505   1.2446   0.6973 
  0.6704   1.4106   0.2036   1.4429   1.1074   1.0684   0.0991   1.2275   1.0737   0.5879 
  0.7583   1.3701   0.2769   1.5005   1.0977   0.9966   0.5576   1.2065   0.9014   0.6841 
  0.7368   1.3398   0.2788   1.5166   1.1240   0.9404   0.2163   1.1221   0.7393   0.6768 
  0.6846   1.3315   0.2124   1.5679   1.2114   0.9312   0.3730   1.0098   0.6157   0.7510 
  0.7144   1.4346   0.4160   1.6304   1.2744   0.8643   0.2012   0.9780   0.3491   0.7432 
  0.6685   1.4141   0.3228   1.6992   1.2129   0.7681   0.4541   1.0103   0.1841   0.7949 
  0.7246   1.4756   0.4712   1.5967   1.2671   0.7764   0.9858   1.0132   0.0718   0.8633 
  0.6831   1.5103   0.3398   1.5464   1.3213   0.7349   1.1816   1.0083  -0.1021   0.8716 
  0.6675   1.5347   0.7051   1.4800   1.3486   0.6772   1.1401   1.0557  -0.2573   0.9463 
  0.6245   1.4780   0.8594   1.4409   1.4180   0.7329   0.6646   1.1289  -0.3613   1.1104 
  0.5508   1.4580   1.0200   1.3340   1.4570   0.8564  -0.6006   1.1777  -0.4385   1.3003 
  0.4912   1.4521   1.1113   1.2236   1.4971   0.9888  -0.9658   1.2598  -0.4810   1.3940 
  0.4038   1.3286   1.1182   1.1060   1.5371   1.0054  -1.2300   1.3149  -0.5293   1.5728 
  0.4302   1.2651   1.1328   0.9844   1.5313   1.0913  -0.5581   1.3164  -0.5488   1.6689 
  0.5493   1.1602   1.1084   0.8643   1.5122   1.1865   0.0479   1.4136  -0.4824   1.7402 
  0.5474   1.0464   1.1089   0.6987   1.4824   1.2739   0.1519   1.5479  -0.4233   1.7642 
  0.4614   0.9438   1.0361   0.5488   1.4761   1.3511   0.2988   1.5205  -0.3726   1.8164 
  0.5562   0.7705   1.0601   0.4346   1.3823   1.4058   0.4995   1.5161  -0.2266   1.8652 
  0.3394   0.6138   0.9502   0.2871   1.3003   1.5166   0.4390   1.5459  -0.1040   1.8887 
  0.8955   0.4443   0.8887   0.0806   1.2012   1.5786   0.3491   1.5156   0.0762   1.8574 
  0.5259   0.3076   0.8374  -0.0342   1.0293   1.5674  -0.2822   1.4492   0.3794   1.7583 
  0.8359   0.1460   0.8462  -0.1724   0.8843   1.6270  -0.0024   1.3237   0.9238   1.6816 
  0.6680  -0.0107   0.8599  -0.3228   0.7505   1.6724   1.1206   1.2349   1.6738   1.5933 
  0.6875  -0.1416   0.9155  -0.4331   0.5913   1.6587   0.7241   1.1099   2.4941   1.5103 
  0.5737  -0.2676   0.8892  -0.5181   0.4233   1.6094   0.0151   0.9580   2.1143   1.3872 
  0.5815  -0.3584   0.9194  -0.6689   0.2500   1.5508  -0.1401   0.8047   2.3760   1.2310 
  0.6689  -0.4316   1.0327  -0.6465   0.1270   1.4751   0.6177   0.6069  -9.2524   1.1299 
  0.8687  -0.4507   1.1304  -0.5840  -0.0225   1.4072   0.7793   0.4604  -0.6240   0.9824 
  0.8906  -0.4204   1.1245  -0.4385  -0.1978   1.2803   0.2876   0.3091   0.6279   0.8306 
  0.8608  -0.3916   1.1865  -0.3647  -0.2705   1.1431   0.3750   0.1455   0.4185   0.6724 
  0.6108  -0.3472   1.3174  -0.2246  -0.3784   1.0112   0.4507  -0.0439  -1.0796   0.5078 
  0.5884  -0.3394   1.4966  -0.0977  -0.4888   0.9038   0.4541  -0.1509   0.1699   0.3403 
  0.4253  -0.2568   1.6699   0.1753  -0.5615   0.7446   0.4976  -0.2690   0.0488   0.1821 
  0.4292  -0.1611   1.7139   0.5356  -0.6094   0.5991   0.5601  -0.3604  -0.3091   0.0728 
  0.4170  -0.0942   1.6504   0.9253  -0.5337   0.4741   0.5381  -0.4927  -0.0420  -0.1367 
  0.5117   0.1279   1.6650   1.7080  -0.5205   0.3174   0.4604  -0.4707   0.4136  -0.3164 
  0.5640   0.4355   1.6138   2.5537  -0.4092   0.0874   0.3730  -0.4961   0.4976  -0.4385 
  0.6172   1.2993   1.5278   1.8931  -0.3179  -0.0493   0.3594  -0.4297   0.2964  -0.5435 
  0.6523   2.3340   1.4844   1.0825  -0.1523  -0.1548   0.3188  -0.4038   0.2896  -0.6206 
  0.6855   2.5098   1.4087  -5.1230   0.0947  -0.3052   0.3550  -0.2461   0.3521  -0.5991 
  0.6196   1.6948   1.2217  -1.0571   0.5635  -0.4092   0.3384  -0.1592   0.3374  -0.6006 
  0.4966  -0.0386   1.0381  -0.7422   1.1357  -0.4556   0.2773   0.0088   0.3159  -0.5908 
  1.0254  -7.2100   0.8911   0.2075   1.8149  -0.6382   0.3604   0.2358   0.3267  -0.4917 
  1.1040  -1.2671   0.7524   0.7207   2.5781  -0.6211   0.3140   0.6973   0.2852  -0.4644 
  0.8472  -0.0850   0.5684   0.0688   1.8564  -0.6230   0.3242   1.8691   0.2300  -0.4253 
  0.8262   1.2671   0.4106  -1.0049   2.8291  -0.4404   0.2979   2.9546   0.2612  -0.2969 
  0.7339  -1.1768   0.2632  -0.4248  -6.2925  -0.3813   0.3091   2.0571   0.2725  -0.1626 
  0.6885  -0.2861   0.0850  -0.3477   0.1313  -0.2300   0.2715   0.7832   0.2783   0.0371 
  0.6738  -0.6104  -0.0488  -0.1382  -0.0674  -0.1650   0.2900  -5.0566   0.3271   0.4858 
  0.6846  -0.3589  -0.1201   0.0532   1.6221  -0.0518   0.2524  -2.3232   0.4458   1.5010 
  0.5010  -0.5977  -0.1870   0.1279  -1.4541   0.3008   0.2734  -0.5269   0.5542   2.8555 
  0.4023  -0.6118  -0.2925   0.4346  -0.0264   0.7510   0.2031  -0.8110   0.6162   2.3184 
  0.2466  -0.3545  -0.3003   0.7827   0.4214   1.7969   0.2295  -0.5708   0.6284   0.6226 
  0.1470  -0.0132  -0.4541   0.8979   0.0659   2.4219   0.3574   0.5200   0.6255  -3.0537 
  0.1348   0.2056  -0.4146   0.8628   0.0225   1.2603   0.4697  -0.0181   0.5913  -2.9399 
  0.2969   0.4429  -0.3799   1.2183   0.3345   1.3125   0.7227  -0.3857   0.5430  -0.1108 
  0.6602   0.3770  -0.4390   1.4927   0.5327  -5.7803   0.5801  -0.1138   0.4575  -0.6440 
  0.9902   0.3955  -0.3926   1.4136   0.5313  -2.2212   0.7690   0.0566   0.4351   1.6694 
  1.2456   0.4854  -0.2935   1.3008   0.5601  -0.8350   0.9883   0.2227   0.4731  -0.5654 
  1.2588   0.4600  -0.1875   1.4307   0.5698   1.0483   1.4146   0.4258   0.5181  -0.1978 
  0.7061   0.4351   0.0254   1.4653   0.5781   1.4370   1.1675   0.5742   0.5269  -0.7124 
  0.1797   0.8735   0.4214   1.2983   0.6064  -0.2080   1.1426   0.7813   0.4834  -0.3398 
 -0.3511   1.0488   0.8599   1.2305   0.6313   0.1450   1.0405   0.9473   0.5088  -0.0527 
 -0.7031   1.1860   1.8008   1.4399   0.6641   0.9937   0.8721   1.1250   0.4941  -0.1748 
 -0.6177   1.7397   3.0615   0.9404   0.6382   0.9824   0.7612   1.0039   0.4692  -0.1836 
 -0.1338   2.0942   2.7280   0.7222   0.5908   0.5625   0.6382   1.2754   0.4263  -0.2480 
  0.2715   2.0977   0.7949   0.6079   0.6333   0.5029   0.6094   1.6582   0.4194  -0.3018 
  0.3965   2.0679  -6.5776   0.4873   0.6348   0.7290   0.6011   1.9746   0.4023  -0.3555 
  0.4111   1.9009  -4.4644   0.5498   0.6304   0.7861   0.5801   1.6157   0.3530  -0.2896 
  0.5000   1.8071  -2.3853   0.6602   0.6245   0.7046   0.5557   1.4966   0.3149  -0.1201 
  0.5234   1.7031   0.0181   0.4893   0.6143   0.6382   0.5425   1.5029   0.2979   0.0474 
  0.4399   1.6035   1.2607   0.5952   0.6396   0.5435   0.5488   1.2686   0.2808   0.2925 
  0.4033   1.5249   0.2466   0.7705   0.7041   0.5151   0.5640   1.1016   0.3145   0.5723 
  0.3130   1.4438  -0.5957   0.9155   0.7114   0.4980   0.5693   0.8237   0.3115   0.8071 
  0.5488   1.4570   0.0718   0.9814   0.6548   0.4229   0.6382   0.4521   0.3184   1.1265 
  0.8447   1.3364   0.4604   1.0142   0.5977   0.4155   0.7407   0.2109   0.3052   1.4678 
  0.6851   1.2495   0.6753   1.0049   0.5635   0.4063   0.9639   0.1733   0.3115   1.5396 
  0.2090   1.0522   0.7349   0.9585   0.5254   0.4063   1.1338   0.2915   0.3516   1.4585 
 -0.1328   0.7588   0.8076   0.8438   0.4565   0.4067   1.2681   0.4277   0.3574   1.6177 
  0.2173   0.4658   0.7163   0.7471   0.4639   0.4238   1.3232   0.5225   0.3467   1.5342 
  0.2637   0.1904   0.6616   0.6343   0.4854   0.5205   1.5313   0.6050   0.3491   1.6201 
  0.2930   0.1377   0.7358   0.5396   0.4668   0.5303   1.6709   0.6836   0.3779   1.5156 
  0.3438   0.0562   0.7329   0.4673   0.4224   0.5498   1.7026   0.7627   0.4102   1.2036 
  0.2148   0.1470   0.7480   0.4204   0.4214   0.6479   1.7329   0.8091   0.4058   0.9419 
  0.1851   0.2529   0.8105   0.3779   0.4609   0.7891   1.6714   0.8271   0.3921   0.6836 
  0.4932   0.3540   0.7715   0.3262   0.4414   0.8003   1.7715   0.7886   0.3740   0.6758 
  0.8462   0.4619   0.6357   0.3047   0.4424   0.7163   1.7866   0.7129   0.3833   0.8267 
  1.1167   0.5581   0.6455   0.3042   0.4136   0.6724   1.8140   0.6104   0.3618   0.9648 
  1.5532   0.6479   0.7178   0.2290   0.4253   0.7080   1.7012   0.5288   0.3550   0.9692 
  1.0190   0.6831   0.7324   0.2383   0.3784   0.6982   1.6563   0.4849   0.3159   0.9844 
  0.1685   0.6523   0.7080   0.2573   0.3232   0.6147   1.5859   0.4541   0.3086   0.9170 
 -0.5000   0.5947   0.7183   0.2510   0.3306   0.5620   1.4634   0.4272   0.2969   0.9546 
 -1.5254   0.5698   0.6416   0.2344   0.3457   0.5513   1.3154   0.3926   0.3330   1.0283 
 -1.0073   0.4849   0.5171   0.2437   0.3530   0.5591   1.1821   0.3896   0.2871   1.1387 
 -0.5991   0.4556   0.5083   0.2598   0.3433   0.5078   1.0488   0.3848   0.2744   1.1831 
 -0.2563   0.4414   0.5181   0.3188   0.3403   0.4990   0.8896   0.3887   0.2910   1.1597 
  0.1865   0.4683   0.5479   0.3452   0.3887   0.4907   0.7271   0.3853   0.2783   1.0854 
  0.2964   0.4883   0.5752   0.3633   0.4028   0.4712   0.5464   0.3906   0.2593   0.9399 
  0.5557   0.4756   0.5479   0.3589   0.4180   0.4014   0.3511   0.4009   0.2495   0.8164 
  0.6372   0.4634   0.5029   0.3472   0.4214   0.4077   0.2163   0.3955   0.2827   0.7021 
  0.4775   0.4546   0.4766   0.3560   0.4824   0.4302   0.0454   0.3809   0.2637   0.5776 
  0.0688   0.4492   0.4785   0.3481   0.5044   0.4434  -0.1396   0.3740   0.2803   0.4922 
  0.7363   0.4238   0.4692   0.3740   0.5244   0.4541  -0.2490   0.3647   0.2739   0.4111 
  1.4604   0.4233   0.4302   0.3799   0.5244   0.4644  -0.4092   0.3945   0.2798   0.3237 
  0.7642   0.4199   0.3945   0.3560   0.5229   0.4951  -0.5283   0.4272   0.2671   0.2095 
  0.2705   0.4346   0.4053   0.3594   0.5103   0.5103  -0.5474   0.4160   0.2905   0.0981 
  0.0933   0.4487   0.4287   0.3896   0.5039   0.5361  -0.5532   0.4082   0.2896   0.0054 
  0.4736   0.4507   0.4541   0.4243   0.4771   0.5542  -0.5229   0.4258   0.2769  -0.0171 
  0.2480   0.4585   0.4282   0.4648   0.4648   0.5703  -0.4526   0.4224   0.2891  -0.0122 
  0.2666   0.4634   0.4092   0.4785   0.4253   0.5537  -0.4780   0.4482   0.3159   0.0195 
  0.2720   0.4780   0.4102   0.5098   0.3774   0.5342  -0.3916   0.4585   0.3218  -0.0254 
  0.2539   0.4854   0.4375   0.6406   0.3701   0.5522  -0.2842   0.4580   0.3062  -0.0225 
  0.7324   0.5098   0.4717   0.6860   0.3628   0.5479  -0.1787   0.4497   0.3101   0.0093 
  1.0728   0.5352   0.4951   0.7456   0.3267   0.5513  -0.0093   0.4497   0.3286   0.1338 
  1.1636   0.5552   0.4922   0.7852   0.3003   0.5410   0.2979   0.4399   0.3374   0.2188 
  1.3813   0.5718   0.4878   0.8237   0.3086   0.5225   0.6499   0.4517   0.3369   0.2202 
  0.9229   0.6035   0.4927   0.8755   0.2969   0.4727   1.4561   0.4731   0.3257   0.2417 
 -0.6953   0.6299   0.5034   0.9287   0.2744   0.4551   2.1416   0.5122   0.2876   0.2842 
 -1.2866   0.6348   0.5020   0.9683   0.2280   0.4170   2.8799   0.5474   0.2095   0.3257 
 -1.2720   0.6782   0.4878   1.0259   0.1895   0.3818   2.0947   0.5933   0.1763   0.3745 
 -0.0264   0.7114   0.4502   1.0039   0.0962   0.3462   2.4648   0.6616   0.1143   0.3970 
 -0.1099   0.7021   0.3472   0.9512   0.0674   0.3027  -5.9155   0.7139   0.0313   0.4009 
  0.1621   0.6895   0.2407   0.7676   0.0039   0.3091  -0.2578   0.7378  -0.0264   0.4063 
  0.2539   0.6563   0.1631   0.4824  -0.0293   0.3413  -1.3208   0.7319  -0.0684   0.4199 
  0.0508   0.6006   0.0449   0.2163  -0.0610   0.3335   0.5645   0.7383  -0.0947   0.4453 
  0.3848   0.5171  -0.0801   0.1323  -0.0640   0.2764  -1.3389   0.7559  -0.1001   0.4600 
  0.2949   0.4102  -0.1216   0.0640  -0.0322   0.2534   0.1016   0.7915  -0.1069   0.5220 
 -0.1104   0.0000  -0.0815   0.0000   0.0908   0.2783   0.4634   0.8018  -0.0723   0.5776 
 -0.0156   0.0000  -0.0034   0.0000   0.1909   0.2964   0.2905   0.7813   0.0483   0.6230 
  0.1714   0.0000   0.0425   0.0000   0.1699   0.2612   0.2104   0.7427   0.1118   0.6909 
  1.3462   0.0000   0.0522   0.0000   0.1025   0.2007   0.5669   0.6729   0.1475   0.7593 
  0.2891   0.0000   0.0518   0.0000   0.0586   0.1152   0.8804   0.5464   0.1484   0.8418 
 -0.1133   0.0000   0.0850   0.0000   0.1147   0.1060   0.8252   0.3516   0.3413   0.8984 
  0.4321   0.0000   0.1182   0.0000   0.2261   0.0820   0.8032   0.1626   0.4595   1.0229 
  0.6138   0.0000   0.2065   0.0000   0.1807   0.0415   0.8232   0.1226   0.5469   0.8325 
  0.3081   0.0000   0.2490   0.0000   0.2275   0.0093   0.8452   0.1406   0.6333   0.9966 
  0.5034   0.0000   0.4053   0.0000   0.3633   0.0527   0.8413   0.1318   0.7700   1.0747 
  0.4863   0.0000   0.5054   0.0000   0.4146   0.1445   0.7837   0.2520   0.8989   1.0332 
  0.3857   0.0000   0.4614   0.0000   0.3921   0.1851   0.6934   0.2847   1.0103   0.9775 
  0.5015   0.0000   0.5400   0.0000   0.5952   0.1621   0.6631   0.2710   1.1235   0.9155 
  0.6460   0.0000   1.0977   0.0000   0.8281   0.2881   0.6553   0.2412   1.3643   0.8159 
  0.6748   0.0000   1.8359   0.0000   1.1855   0.3887   0.6572   0.2773   1.8154   0.7612 
  0.4150   0.0000   2.3105   0.0000   1.2871   0.4414   0.6631   0.2920   1.7329   0.7046 
  0.3042   0.0000   2.0195   0.0000   1.4585   0.3765   0.6040   0.3452   0.9053   0.6831 
  0.2524   0.0000   1.8228   0.0000   1.8765   0.5391   0.6270   0.3623   0.9009   0.6875 
  0.2329   0.0000   1.7964   0.0000   1.6968   0.7349   0.6821   0.3940   0.9478   0.6846 
  0.1812   0.0000   1.0190   0.0000   1.2432   0.8892   0.6230   0.3901   0.6763   0.6240 
  0.2681   0.0000   0.7778   0.0000   1.2153   0.8740   0.5581   0.3628   0.2275   0.6387 
  0.2891   0.0000   1.1802   0.0000   1.1992   0.9512   0.5435   0.3447   0.0054   0.6479 
  0.3208   0.0000   0.2939   0.0000   1.0928   1.2856   0.5659   0.3208   0.0000   0.6250 
  0.3667   0.0000  -0.1782   0.0000   0.9849   0.0000   0.5513   0.2905   0.0000   0.5962 
  0.4229   0.0000  -0.1255   0.0000   0.8115   0.0000   0.5630   0.2744   0.0000   0.5879 
  0.4033   0.0000   0.1157   0.0000   0.6914   0.0000   0.5044   0.2681   0.0000   0.6079 
  0.4126   0.0000   0.1836   0.0000   0.6396   0.0000   0.4180   0.2598   0.0000   0.6035 
  0.3813   0.0000   0.3218   0.0000   0.6118   0.0000   0.3643   0.2598   0.0000   0.6191 
  0.3325   0.0000   0.4067   0.0000   0.5288   0.0000   0.3340   0.2466   0.0000   0.6123 
  0.3452   0.0000   0.3481   0.0000   0.4404   0.0000   0.2969   0.2290   0.0000   0.5547 
  0.3120   0.0000   0.3521   0.0000   0.4561   0.0000   0.3706   0.2397   0.0000   0.5195 
  0.2720   0.0000   0.4272   0.0000   0.4663   0.0000   0.2573   0.2563   0.0000   0.5059 
  0.3013   0.0000   0.4658   0.0000   0.0000   0.0000   0.1543   0.2861   0.0000   0.4966 
  0.3179   0.0000   0.5049   0.0000   0.0000   0.0000   0.1201   0.3335   0.0000   0.4746 
 -0.0361   0.0000   0.5259   0.0000   0.0000   0.0000   0.1440   0.3643   0.0000   0.4917 
  0.6597   0.0000   0.5142   0.0000   0.0000   0.0000   0.1528   0.0000   0.0000   0.5015 
  1.0303   0.0000   0.4854   0.0000   0.0000   0.0000   0.1016   0.0000   0.0000   0.5161 
  1.0415   0.0000   0.4736   0.0000   0.0000   0.0000   0.0557   0.0000   0.0000   0.5347 
  1.0928   0.0000   0.4326   0.0000   0.0000   0.0000   0.0913   0.0000   0.0000   0.5752 
  1.0601   0.0000   0.4092   0.0000   0.0000   0.0000   0.1528   0.0000   0.0000   0.6074 
  1.1733   0.0000   0.3535   0.0000   0.0000   0.0000   0.2344   0.0000   0.0000   0.6113 
  1.1738   0.0000   0.3081   0.0000   0.0000   0.0000   0.2593   0.0000   0.0000   0.6206 
  1.1802   0.0000   0.2544   0.0000   0.0000   0.0000   0.2910   0.0000   0.0000   0.6563 
  1.0488   0.0000   0.2188   0.0000   0.0000   0.0000   0.3540   0.0000   0.0000   0.6660 
  0.9341   0.0000   0.2075   0.0000   0.0000   0.0000   0.3701   0.0000   0.0000   0.6631 
  0.8057   0.0000   0.1934   0.0000   0.0000   0.0000   0.4170   0.0000   0.0000   0.6807 
  0.6851   0.0000   0.1587   0.0000   0.0000   0.0000   0.3906   0.0000   0.0000   0.6880 
  0.5576   0.0000   0.1294   0.0000   0.0000   0.0000   0.4297   0.0000   0.0000   0.6948 
  0.5190   0.0000   0.1401   0.0000   0.0000   0.0000   0.4175   0.0000   0.0000   0.6924 
  0.5522   0.0000   0.1899   0.0000   0.0000   0.0000   0.3955   0.0000   0.0000   0.6973 
  0.6040   0.0000   0.2466   0.0000   0.0000   0.0000   0.3911   0.0000   0.0000   0.7080 
  0.5986   0.0000   0.2729   0.0000   0.0000   0.0000   0.3818   0.0000   0.0000   0.7241 
  0.6001   0.0000   0.3008   0.0000   0.0000   0.0000   0.3486   0.0000   0.0000   0.7285 
  0.6616   0.0000   0.3037   0.0000   0.0000   0.0000   0.2744   0.0000   0.0000   0.7456 
  0.8154   0.0000   0.3569   0.0000   0.0000   0.0000   0.1445   0.0000   0.0000   0.7427 
  0.9282   0.0000   0.3223   0.0000   0.0000   0.0000   0.0557   0.0000   0.0000   0.7256 
  1.0083   0.0000   0.3701   0.0000   0.0000   0.0000  -0.0576   0.0000   0.0000   0.7036 
  1.1514   0.0000   0.4097   0.0000   0.0000   0.0000  -0.1514   0.0000   0.0000   0.6714 
  1.3008   0.0000   0.4424   0.0000   0.0000   0.0000  -0.1733   0.0000   0.0000   0.6157 
  1.4043   0.0000   0.4619   0.0000   0.0000   0.0000  -0.1616   0.0000   0.0000   0.5835 
  1.5249   0.0000   0.5093   0.0000   0.0000   0.0000  -0.1011   0.0000   0.0000   0.5430 
  1.5396   0.0000   0.4966   0.0000   0.0000   0.0000  -0.0151   0.0000   0.0000   0.5601 
  1.6426   0.0000   0.5361   0.0000   0.0000   0.0000   0.0127   0.0000   0.0000   0.5044 
  1.7290   0.0000   0.6069   0.0000   0.0000   0.0000   0.0347   0.0000   0.0000   0.4678 
  1.7192   0.0000   0.6421   0.0000   0.0000   0.0000   0.0352   0.0000   0.0000   0.5229 
  1.7446   0.0000   0.6172   0.0000   0.0000   0.0000   0.1650   0.0000   0.0000   0.5674 
  1.7231   0.0000   0.6299   0.0000   0.0000   0.0000   0.2500   0.0000   0.0000   0.5903 
  1.6616   0.0000   0.6641   0.0000   0.0000   0.0000   0.2905   0.0000   0.0000   0.0000 
  1.5913   0.0000   0.6782   0.0000   0.0000   0.0000   0.3540   0.0000   0.0000   0.0000 
  1.5225   0.0000   0.6846   0.0000   0.0000   0.0000   0.3730   0.0000   0.0000   0.0000 
  1.4395   0.0000   0.6895   0.0000   0.0000   0.0000   0.3271   0.0000   0.0000   0.0000 
  1.3452   0.0000   0.7061   0.0000   0.0000   0.0000   0.3408   0.0000   0.0000   0.0000 
  1.2539   0.0000   0.7026   0.0000   0.0000   0.0000   0.5659   0.0000   0.0000   0.0000 
  1.1328   0.0000   0.7549   0.0000   0.0000   0.0000   0.8188   0.0000   0.0000   0.0000 
  0.9683   0.0000   0.7583   0.0000   0.0000   0.0000   1.1396   0.0000   0.0000   0.0000 
  0.8081   0.0000   0.7407   0.0000   0.0000   0.0000   1.5400   0.0000   0.0000   0.0000 
  0.6699   0.0000   0.7554   0.0000   0.0000   0.0000   1.8223   0.0000   0.0000   0.0000 
  0.4766   0.0000   0.7734   0.0000   0.0000   0.0000   2.2280   0.0000   0.0000   0.0000 
  0.2939   0.0000   0.7876   0.0000   0.0000   0.0000   1.7749   0.0000   0.0000   0.0000 
  0.1396   0.0000   0.7817   0.0000   0.0000   0.0000   0.4243   0.0000   0.0000   0.0000 
  0.0059   0.0000   0.8120   0.0000   0.0000   0.0000   1.0459   0.0000   0.0000   0.0000 
 -0.1514   0.0000   0.8564   0.0000   0.0000   0.0000   1.0918   0.0000   0.0000   0.0000 
 -0.2373   0.0000   0.8604   0.0000   0.0000   0.0000   0.8979   0.0000   0.0000   0.0000 
 -0.3774   0.0000   0.8813   0.0000   0.0000   0.0000   0.5439   0.0000   0.0000   0.0000 
 -0.4805   0.0000   0.8862   0.0000   0.0000   0.0000   0.5000   0.0000   0.0000   0.0000 
 -0.5469   0.0000   0.8809   0.0000   0.0000   0.0000   0.4463   0.0000   0.0000   0.0000 
 -0.5254   0.0000   0.8452   0.0000   0.0000   0.0000   0.6050   0.0000   0.0000   0.0000 
 -0.4863   0.0000   0.8203   0.0000   0.0000   0.0000   0.5908   0.0000   0.0000   0.0000 
 -0.4233   0.0000   0.8291   0.0000   0.0000   0.0000   0.6904   0.0000   0.0000   0.0000 
 -0.3994   0.0000   0.8213   0.0000   0.0000   0.0000   0.0000   0.0000   0.0000   0.0000 
 -0.3540   0.0000   0.7925   0.0000   0.0000   0.0000   0.0000   0.0000   0.0000   0.0000 
 -0.2861   0.0000   0.7822   0.0000   0.0000   0.0000   0.0000   0.0000   0.0000   0.0000 
 -0.1470   0.0000   0.7690   0.0000   0.0000   0.0000   0.0000   0.0000   0.0000   0.0000 
  0.0313   0.0000   0.7432   0.0000   0.0000   0.0000   0.0000   0.0000   0.0000   0.0000 
  0.2949   0.0000   0.7104   0.0000   0.0000   0.0000   0.0000   0.0000   0.0000   0.0000 
  0.5610   0.0000   0.7085   0.0000   0.0000   0.0000   0.0000   0.0000   0.0000   0.0000 
  1.5195   0.0000   0.6909   0.0000   0.0000   0.0000   0.0000   0.0000   0.0000   0.0000 
  2.6353   0.0000   0.6787   0.0000   0.0000   0.0000   0.0000   0.0000   0.0000   0.0000 
  2.1865   0.0000   0.6807   0.0000   0.0000   0.0000   0.0000   0.0000   0.0000   0.0000 
  1.3184   0.0000   0.6792   0.0000   0.0000   0.0000   0.0000   0.0000   0.0000   0.0000 
 -1.3545   0.0000   0.6230   0.0000   0.0000   0.0000   0.0000   0.0000   0.0000   0.0000 
 -4.3081   0.0000   0.5806   0.0000   0.0000   0.0000   0.0000   0.0000   0.0000   0.0000 
 -1.1372   0.0000   0.5977   0.0000   0.0000   0.0000   0.0000   0.0000   0.0000   0.0000 
 -0.1133   0.0000   0.6206   0.0000   0.0000   0.0000   0.0000   0.0000   0.0000   0.0000 
 -0.2886   0.0000   0.6543   0.0000   0.0000   0.0000   0.0000   0.0000   0.0000   0.0000 
  0.8823   0.0000   0.7051   0.0000   0.0000   0.0000   0.0000   0.0000   0.0000   0.0000 
 -0.9707   0.0000   0.7788   0.0000   0.0000   0.0000   0.0000   0.0000   0.0000   0.0000 
 -0.3809   0.0000   0.8037   0.0000   0.0000   0.0000   0.0000   0.0000   0.0000   0.0000 
 -0.2021   0.0000  -1.2202   0.0000   0.0000   0.0000   0.0000   0.0000   0.0000   0.0000 
  0.3271   0.0000   0.2197   0.0000   0.0000   0.0000   0.0000   0.0000   0.0000   0.0000 
  0.0752   0.0000   1.2646   0.0000   0.0000   0.0000   0.0000   0.0000   0.0000   0.0000 
  0.4106   0.0000   0.9565   0.0000   0.0000   0.0000   0.0000   0.0000   0.0000   0.0000 
  0.4995   0.0000   0.4482   0.0000   0.0000   0.0000   0.0000   0.0000   0.0000   0.0000 
  0.8491   0.0000   0.9937   0.0000   0.0000   0.0000   0.0000   0.0000   0.0000   0.0000 
  0.8838   0.0000   0.6807   0.0000   0.0000   0.0000   0.0000   0.0000   0.0000   0.0000 
  0.8789   0.0000   0.7109   0.0000   0.0000   0.0000   0.0000   0.0000   0.0000   0.0000 
  0.9126   0.0000   0.6406   0.0000   0.0000   0.0000   0.0000   0.0000   0.0000   0.0000 
  0.9229   0.0000   0.5200   0.0000   0.0000   0.0000   0.0000   0.0000   0.0000   0.0000 
  0.8608   0.0000   0.4800   0.0000   0.0000   0.0000   0.0000   0.0000   0.0000   0.0000 
  0.8335   0.0000   0.6323   0.0000   0.0000   0.0000   0.0000   0.0000   0.0000   0.0000 
  0.7510   0.0000   0.8833   0.0000   0.0000   0.0000   0.0000   0.0000   0.0000   0.0000 
  0.6699   0.0000   1.1865   0.0000   0.0000   0.0000   0.0000   0.0000   0.0000   0.0000 
  0.7026   0.0000   1.5308   0.0000   0.0000   0.0000   0.0000   0.0000   0.0000   0.0000 
  0.6626   0.0000   1.5273   0.0000   0.0000   0.0000   0.0000   0.0000   0.0000   0.0000 
  0.6460   0.0000   0.6113   0.0000   0.0000   0.0000   0.0000   0.0000   0.0000   0.0000 
  0.6538   0.0000   0.0776   0.0000   0.0000   0.0000   0.0000   0.0000   0.0000   0.0000 
  0.6230   0.0000  -0.7295   0.0000   0.0000   0.0000   0.0000   0.0000   0.0000   0.0000 
  0.6021   0.0000  -1.0254   0.0000   0.0000   0.0000   0.0000   0.0000   0.0000   0.0000 
  0.5972   0.0000  -0.7310   0.0000   0.0000   0.0000   0.0000   0.0000   0.0000   0.0000 
  0.5503   0.0000  -0.2222   0.0000   0.0000   0.0000   0.0000   0.0000   0.0000   0.0000 
  0.5522   0.0000   0.0400   0.0000   0.0000   0.0000   0.0000   0.0000   0.0000   0.0000 
  0.6001   0.0000   0.2666   0.0000   0.0000   0.0000   0.0000   0.0000   0.0000   0.0000 
  0.6406   0.0000   0.3472   0.0000   0.0000   0.0000   0.0000   0.0000   0.0000   0.0000 
  0.6265   0.0000   0.4512   0.0000   0.0000   0.0000   0.0000   0.0000   0.0000   0.0000 
  0.5723   0.0000   0.5449   0.0000   0.0000   0.0000   0.0000   0.0000   0.0000   0.0000 
  0.5601   0.0000   0.2637   0.0000   0.0000   0.0000   0.0000   0.0000   0.0000   0.0000 
  0.5303   0.0000  -0.0117   0.0000   0.0000   0.0000   0.0000   0.0000   0.0000   0.0000 
  0.5137   0.0000   1.3657   0.0000   0.0000   0.0000   0.0000   0.0000   0.0000   0.0000 
  0.4951   0.0000   1.0776   0.0000   0.0000   0.0000   0.0000   0.0000   0.0000   0.0000 
  0.4751   0.0000   0.5786   0.0000   0.0000   0.0000   0.0000   0.0000   0.0000   0.0000 
  0.4541   0.0000   0.2773   0.0000   0.0000   0.0000   0.0000   0.0000   0.0000   0.0000 
  0.4468   0.0000   0.0679   0.0000   0.0000   0.0000   0.0000   0.0000   0.0000   0.0000 
  0.4170   0.0000   0.2593   0.0000   0.0000   0.0000   0.0000   0.0000   0.0000   0.0000 
  0.3979   0.0000   0.1729   0.0000   0.0000   0.0000   0.0000   0.0000   0.0000   0.0000 
  0.3774   0.0000   0.2192   0.0000   0.0000   0.0000   0.0000   0.0000   0.0000   0.0000 
  0.3765   0.0000   0.2002   0.0000   0.0000   0.0000   0.0000   0.0000   0.0000   0.0000 
  0.3647   0.0000   0.3804   0.0000   0.0000   0.0000   0.0000   0.0000   0.0000   0.0000 
  0.3291   0.0000   0.6440   0.0000   0.0000   0.0000   0.0000   0.0000   0.0000   0.0000 
  0.2969   0.0000   0.0000   0.0000   0.0000   0.0000   0.0000   0.0000   0.0000   0.0000 
  0.3013   0.0000   0.0000   0.0000   0.0000   0.0000   0.0000   0.0000   0.0000   0.0000 
  0.3267   0.0000   0.0000   0.0000   0.0000   0.0000   0.0000   0.0000   0.0000   0.0000 
  0.3770   0.0000   0.0000   0.0000   0.0000   0.0000   0.0000   0.0000   0.0000   0.0000 
  0.4097   0.0000   0.0000   0.0000   0.0000   0.0000   0.0000   0.0000   0.0000   0.0000 
  0.4097   0.0000   0.0000   0.0000   0.0000   0.0000   0.0000   0.0000   0.0000   0.0000 
  0.4380   0.0000   0.0000   0.0000   0.0000   0.0000   0.0000   0.0000   0.0000   0.0000 
  0.4702   0.0000   0.0000   0.0000   0.0000   0.0000   0.0000   0.0000   0.0000   0.0000 
  0.4746   0.0000   0.0000   0.0000   0.0000   0.0000   0.0000   0.0000   0.0000   0.0000 
  0.4546   0.0000   0.0000   0.0000   0.0000   0.0000   0.0000   0.0000   0.0000   0.0000 
  0.4243   0.0000   0.0000   0.0000   0.0000   0.0000   0.0000   0.0000   0.0000   0.0000 
  0.3916   0.0000   0.0000   0.0000   0.0000   0.0000   0.0000   0.0000   0.0000   0.0000 
  0.3799   0.0000   0.0000   0.0000   0.0000   0.0000   0.0000   0.0000   0.0000   0.0000 
  0.3667   0.0000   0.0000   0.0000   0.0000   0.0000   0.0000   0.0000   0.0000   0.0000 
  0.3418   0.0000   0.0000   0.0000   0.0000   0.0000   0.0000   0.0000   0.0000   0.0000 
  0.2988   0.0000   0.0000   0.0000   0.0000   0.0000   0.0000   0.0000   0.0000   0.0000 
  0.3130   0.0000   0.0000   0.0000   0.0000   0.0000   0.0000   0.0000   0.0000   0.0000 
  0.2759   0.0000   0.0000   0.0000   0.0000   0.0000   0.0000   0.0000   0.0000   0.0000 
  0.2720   0.0000   0.0000   0.0000   0.0000   0.0000   0.0000   0.0000   0.0000   0.0000 
  0.2725   0.0000   0.0000   0.0000   0.0000   0.0000   0.0000   0.0000   0.0000   0.0000 
  0.2900   0.0000   0.0000   0.0000   0.0000   0.0000   0.0000   0.0000   0.0000   0.0000 
  0.2837   0.0000   0.0000   0.0000   0.0000   0.0000   0.0000   0.0000   0.0000   0.0000 
  0.2759   0.0000   0.0000   0.0000   0.0000   0.0000   0.0000   0.0000   0.0000   0.0000 
  0.2495   0.0000   0.0000   0.0000   0.0000   0.0000   0.0000   0.0000   0.0000   0.0000 
  0.2168   0.0000   0.0000   0.0000   0.0000   0.0000   0.0000   0.0000   0.0000   0.0000 
  0.2036   0.0000   0.0000   0.0000   0.0000   0.0000   0.0000   0.0000   0.0000   0.0000 
  0.1655   0.0000   0.0000   0.0000   0.0000   0.0000   0.0000   0.0000   0.0000   0.0000 
  0.1069   0.0000   0.0000   0.0000   0.0000   0.0000   0.0000   0.0000   0.0000   0.0000 
  0.0479   0.0000   0.0000   0.0000   0.0000   0.0000   0.0000   0.0000   0.0000   0.0000 
 -0.0356   0.0000   0.0000   0.0000   0.0000   0.0000   0.0000   0.0000   0.0000   0.0000 
 -0.0332   0.0000   0.0000   0.0000   0.0000   0.0000   0.0000   0.0000   0.0000   0.0000 
 -0.0142   0.0000   0.0000   0.0000   0.0000   0.0000   0.0000   0.0000   0.0000   0.0000 
 -0.0024   0.0000   0.0000   0.0000   0.0000   0.0000   0.0000   0.0000   0.0000   0.0000 
 -0.0303   0.0000   0.0000   0.0000   0.0000   0.0000   0.0000   0.0000   0.0000   0.0000 
 -0.0493   0.0000   0.0000   0.0000   0.0000   0.0000   0.0000   0.0000   0.0000   0.0000 
  0.0186   0.0000   0.0000   0.0000   0.0000   0.0000   0.0000   0.0000   0.0000   0.0000 
  0.1123   0.0000   0.0000   0.0000   0.0000   0.0000   0.0000   0.0000   0.0000   0.0000 
  0.1494   0.0000   0.0000   0.0000   0.0000   0.0000   0.0000   0.0000   0.0000   0.0000 
  0.1069   0.0000   0.0000   0.0000   0.0000   0.0000   0.0000   0.0000   0.0000   0.0000 
  0.1514   0.0000   0.0000   0.0000   0.0000   0.0000   0.0000   0.0000   0.0000   0.0000 
  0.2661   0.0000   0.0000   0.0000   0.0000   0.0000   0.0000   0.0000   0.0000   0.0000 
  0.3608   0.0000   0.0000   0.0000   0.0000   0.0000   0.0000   0.0000   0.0000   0.0000 
  0.3345   0.0000   0.0000   0.0000   0.0000   0.0000   0.0000   0.0000   0.0000   0.0000 
  0.2144   0.0000   0.0000   0.0000   0.0000   0.0000   0.0000   0.0000   0.0000   0.0000 
  0.2354   0.0000   0.0000   0.0000   0.0000   0.0000   0.0000   0.0000   0.0000   0.0000 
  0.3276   0.0000   0.0000   0.0000   0.0000   0.0000   0.0000   0.0000   0.0000   0.0000 
  0.6943   0.0000   0.0000   0.0000   0.0000   0.0000   0.0000   0.0000   0.0000   0.0000 
  1.0728   0.0000   0.0000   0.0000   0.0000   0.0000   0.0000   0.0000   0.0000   0.0000 
  1.4727   0.0000   0.0000   0.0000   0.0000   0.0000   0.0000   0.0000   0.0000   0.0000 
  2.0264   0.0000   0.0000   0.0000   0.0000   0.0000   0.0000   0.0000   0.0000   0.0000 
  2.1792   0.0000   0.0000   0.0000   0.0000   0.0000   0.0000   0.0000   0.0000   0.0000 
  2.1738   0.0000   0.0000   0.0000   0.0000   0.0000   0.0000   0.0000   0.0000   0.0000 
  1.6348   0.0000   0.0000   0.0000   0.0000   0.0000   0.0000   0.0000   0.0000   0.0000 
  0.8374   0.0000   0.0000   0.0000   0.0000   0.0000   0.0000   0.0000   0.0000   0.0000 
  1.1147   0.0000   0.0000   0.0000   0.0000   0.0000   0.0000   0.0000   0.0000   0.0000 
  1.3696   0.0000   0.0000   0.0000   0.0000   0.0000   0.0000   0.0000   0.0000   0.0000 
  0.7520   0.0000   0.0000   0.0000   0.0000   0.0000   0.0000   0.0000   0.0000   0.0000 
  0.3237   0.0000   0.0000   0.0000   0.0000   0.0000   0.0000   0.0000   0.0000   0.0000 
  0.2358   0.0000   0.0000   0.0000   0.0000   0.0000   0.0000   0.0000   0.0000   0.0000 
  0.3281   0.0000   0.0000   0.0000   0.0000   0.0000   0.0000   0.0000   0.0000   0.0000 
  0.3970   0.0000   0.0000   0.0000   0.0000   0.0000   0.0000   0.0000   0.0000   0.0000 
  0.3418   0.0000   0.0000   0.0000   0.0000   0.0000   0.0000   0.0000   0.0000   0.0000 
  0.0000   0.0000   0.0000   0.0000   0.0000   0.0000   0.0000   0.0000   0.0000   0.0000 
  0.0000   0.0000   0.0000   0.0000   0.0000   0.0000   0.0000   0.0000   0.0000   0.0000 
  0.0000   0.0000   0.0000   0.0000   0.0000   0.0000   0.0000   0.0000   0.0000   0.0000 
  0.0000   0.0000   0.0000   0.0000   0.0000   0.0000   0.0000   0.0000   0.0000   0.0000 
  0.0000   0.0000   0.0000   0.0000   0.0000   0.0000   0.0000   0.0000   0.0000   0.0000 
  0.0000   0.0000   0.0000   0.0000   0.0000   0.0000   0.0000   0.0000   0.0000   0.0000 
  0.0000   0.0000   0.0000   0.0000   0.0000   0.0000   0.0000   0.0000   0.0000   0.0000 
  0.0000   0.0000   0.0000   0.0000   0.0000   0.0000   0.0000   0.0000   0.0000   0.0000 
  0.0000   0.0000   0.0000   0.0000   0.0000   0.0000   0.0000   0.0000   0.0000   0.0000 
  0.0000   0.0000   0.0000   0.0000   0.0000   0.0000   0.0000   0.0000   0.0000   0.0000 
  0.0000   0.0000   0.0000   0.0000   0.0000   0.0000   0.0000   0.0000   0.0000   0.0000 
  0.0000   0.0000   0.0000   0.0000   0.0000   0.0000   0.0000   0.0000   0.0000   0.0000 
  0.0000   0.0000   0.0000   0.0000   0.0000   0.0000   0.0000   0.0000   0.0000   0.0000 
  0.0000   0.0000   0.0000   0.0000   0.0000   0.0000   0.0000   0.0000   0.0000   0.0000 
  0.0000   0.0000   0.0000   0.0000   0.0000   0.0000   0.0000   0.0000   0.0000   0.0000 
  0.0000   0.0000   0.0000   0.0000   0.0000   0.0000   0.0000   0.0000   0.0000   0.0000 
  0.0000   0.0000   0.0000   0.0000   0.0000   0.0000   0.0000   0.0000   0.0000   0.0000 
  0.0000   0.0000   0.0000   0.0000   0.0000   0.0000   0.0000   0.0000   0.0000   0.0000 
  0.0000   0.0000   0.0000   0.0000   0.0000   0.0000   0.0000   0.0000   0.0000   0.0000 
  0.0000   0.0000   0.0000   0.0000   0.0000   0.0000   0.0000   0.0000   0.0000   0.0000 
  0.0000   0.0000   0.0000   0.0000   0.0000   0.0000   0.0000   0.0000   0.0000   0.0000 
  0.0000   0.0000   0.0000   0.0000   0.0000   0.0000   0.0000   0.0000   0.0000   0.0000 
  0.0000   0.0000   0.0000   0.0000   0.0000   0.0000   0.0000   0.0000   0.0000   0.0000 
  0.0000   0.0000   0.0000   0.0000   0.0000   0.0000   0.0000   0.0000   0.0000   0.0000 
  0.0000   0.0000   0.0000   0.0000   0.0000   0.0000   0.0000   0.0000   0.0000   0.0000 
  0.0000   0.0000   0.0000   0.0000   0.0000   0.0000   0.0000   0.0000   0.0000   0.0000 
  0.0000   0.0000   0.0000   0.0000   0.0000   0.0000   0.0000   0.0000   0.0000   0.0000 
  0.0000   0.0000   0.0000   0.0000   0.0000   0.0000   0.0000   0.0000   0.0000   0.0000 
  0.0000   0.0000   0.0000   0.0000   0.0000   0.0000   0.0000   0.0000   0.0000   0.0000 
  0.0000   0.0000   0.0000   0.0000   0.0000   0.0000   0.0000   0.0000   0.0000   0.0000 
  0.0000   0.0000   0.0000   0.0000   0.0000   0.0000   0.0000   0.0000   0.0000   0.0000 
  0.0000   0.0000   0.0000   0.0000   0.0000   0.0000   0.0000   0.0000   0.0000   0.0000 
  0.0000   0.0000   0.0000   0.0000   0.0000   0.0000   0.0000   0.0000   0.0000   0.0000 
  0.0000   0.0000   0.0000   0.0000   0.0000   0.0000   0.0000   0.0000   0.0000   0.0000 
  0.0000   0.0000   0.0000   0.0000   0.0000   0.0000   0.0000   0.0000   0.0000   0.0000 
  0.0000   0.0000   0.0000   0.0000   0.0000   0.0000   0.0000   0.0000   0.0000   0.0000 
  0.0000   0.0000   0.0000   0.0000   0.0000   0.0000   0.0000   0.0000   0.0000   0.0000 
  0.0000   0.0000   0.0000   0.0000   0.0000   0.0000   0.0000   0.0000   0.0000   0.0000 
  0.0000   0.0000   0.0000   0.0000   0.0000   0.0000   0.0000   0.0000   0.0000   0.0000 
  0.0000   0.0000   0.0000   0.0000   0.0000   0.0000   0.0000   0.0000   0.0000   0.0000 
  0.0000   0.0000   0.0000   0.0000   0.0000   0.0000   0.0000   0.0000   0.0000   0.0000 
  0.0000   0.0000   0.0000   0.0000   0.0000   0.0000   0.0000   0.0000   0.0000   0.0000 
  0.0000   0.0000   0.0000   0.0000   0.0000   0.0000   0.0000   0.0000   0.0000   0.0000 
  0.0000   0.0000   0.0000   0.0000   0.0000   0.0000   0.0000   0.0000   0.0000   0.0000 
  0.0000   0.0000   0.0000   0.0000   0.0000   0.0000   0.0000   0.0000   0.0000   0.0000 
  0.0000   0.0000   0.0000   0.0000   0.0000   0.0000   0.0000   0.0000   0.0000   0.0000 
  0.0000   0.0000   0.0000   0.0000   0.0000   0.0000   0.0000   0.0000   0.0000   0.0000 
  0.0000   0.0000   0.0000   0.0000   0.0000   0.0000   0.0000   0.0000   0.0000   0.0000 
  0.0000   0.0000   0.0000   0.0000   0.0000   0.0000   0.0000   0.0000   0.0000   0.0000 
  0.0000   0.0000   0.0000   0.0000   0.0000   0.0000   0.0000   0.0000   0.0000   0.0000 
  0.0000   0.0000   0.0000   0.0000   0.0000   0.0000   0.0000   0.0000   0.0000   0.0000 
  0.0000   0.0000   0.0000   0.0000   0.0000   0.0000   0.0000   0.0000   0.0000   0.0000 
  0.0000   0.0000   0.0000   0.0000   0.0000   0.0000   0.0000   0.0000   0.0000   0.0000 
  0.0000   0.0000   0.0000   0.0000   0.0000   0.0000   0.0000   0.0000   0.0000   0.0000 
  0.0000   0.0000   0.0000   0.0000   0.0000   0.0000   0.0000   0.0000   0.0000   0.0000 
  0.0000   0.0000   0.0000   0.0000   0.0000   0.0000   0.0000   0.0000   0.0000   0.0000 
  0.0000   0.0000   0.0000   0.0000   0.0000   0.0000   0.0000   0.0000   0.0000   0.0000 
  0.0000   0.0000   0.0000   0.0000   0.0000   0.0000   0.0000   0.0000   0.0000   0.0000 
  0.0000   0.0000   0.0000   0.0000   0.0000   0.0000   0.0000   0.0000   0.0000   0.0000 
  0.0000   0.0000   0.0000   0.0000   0.0000   0.0000   0.0000   0.0000   0.0000   0.0000 
  0.0000   0.0000   0.0000   0.0000   0.0000   0.0000   0.0000   0.0000   0.0000   0.0000 
  0.0000   0.0000   0.0000   0.0000   0.0000   0.0000   0.0000   0.0000   0.0000   0.0000 
  0.0000   0.0000   0.0000   0.0000   0.0000   0.0000   0.0000   0.0000   0.0000   0.0000 
  0.0000   0.0000   0.0000   0.0000   0.0000   0.0000   0.0000   0.0000   0.0000   0.0000 
  0.0000   0.0000   0.0000   0.0000   0.0000   0.0000   0.0000   0.0000   0.0000   0.0000 
  0.0000   0.0000   0.0000   0.0000   0.0000   0.0000   0.0000   0.0000   0.0000   0.0000 
  0.0000   0.0000   0.0000   0.0000   0.0000   0.0000   0.0000   0.0000   0.0000   0.0000 
  0.0000   0.0000   0.0000   0.0000   0.0000   0.0000   0.0000   0.0000   0.0000   0.0000 
  0.0000   0.0000   0.0000   0.0000   0.0000   0.0000   0.0000   0.0000   0.0000   0.0000 
  0.0000   0.0000   0.0000   0.0000   0.0000   0.0000   0.0000   0.0000   0.0000   0.0000 
  0.0000   0.0000   0.0000   0.0000   0.0000   0.0000   0.0000   0.0000   0.0000   0.0000 
  0.0000   0.0000   0.0000   0.0000   0.0000   0.0000   0.0000   0.0000   0.0000   0.0000 
  0.0000   0.0000   0.0000   0.0000   0.0000   0.0000   0.0000   0.0000   0.0000   0.0000 
  0.0000   0.0000   0.0000   0.0000   0.0000   0.0000   0.0000   0.0000   0.0000   0.0000 
  0.0000   0.0000   0.0000   0.0000   0.0000   0.0000   0.0000   0.0000   0.0000   0.0000 
  0.0000   0.0000   0.0000   0.0000   0.0000   0.0000   0.0000   0.0000   0.0000   0.0000 
  0.0000   0.0000   0.0000   0.0000   0.0000   0.0000   0.0000   0.0000   0.0000   0.0000 
  0.0000   0.0000   0.0000   0.0000   0.0000   0.0000   0.0000   0.0000   0.0000   0.0000 
  0.0000   0.0000   0.0000   0.0000   0.0000   0.0000   0.0000   0.0000   0.0000   0.0000 
  0.0000   0.0000   0.0000   0.0000   0.0000   0.0000   0.0000   0.0000   0.0000   0.0000 
  0.0000   0.0000   0.0000   0.0000   0.0000   0.0000   0.0000   0.0000   0.0000   0.0000 
  0.0000   0.0000   0.0000   0.0000   0.0000   0.0000   0.0000   0.0000   0.0000   0.0000 
  0.0000   0.0000   0.0000   0.0000   0.0000   0.0000   0.0000   0.0000   0.0000   0.0000 
  0.0000   0.0000   0.0000   0.0000   0.0000   0.0000   0.0000   0.0000   0.0000   0.0000 
  0.0000   0.0000   0.0000   0.0000   0.0000   0.0000   0.0000   0.0000   0.0000   0.0000 
  0.0000   0.0000   0.0000   0.0000   0.0000   0.0000   0.0000   0.0000   0.0000   0.0000 
  0.0000   0.0000   0.0000   0.0000   0.0000   0.0000   0.0000   0.0000   0.0000   0.0000 
  0.0000   0.0000   0.0000   0.0000   0.0000   0.0000   0.0000   0.0000   0.0000   0.0000 
  0.0000   0.0000   0.0000   0.0000   0.0000   0.0000   0.0000   0.0000   0.0000   0.0000 
  0.0000   0.0000   0.0000   0.0000   0.0000   0.0000   0.0000   0.0000   0.0000   0.0000 
  0.0000   0.0000   0.0000   0.0000   0.0000   0.0000   0.0000   0.0000   0.0000   0.0000 
  0.0000   0.0000   0.0000   0.0000   0.0000   0.0000   0.0000   0.0000   0.0000   0.0000 
  0.0000   0.0000   0.0000   0.0000   0.0000   0.0000   0.0000   0.0000   0.0000   0.0000 
  0.0000   0.0000   0.0000   0.0000   0.0000   0.0000   0.0000   0.0000   0.0000   0.0000 
  0.0000   0.0000   0.0000   0.0000   0.0000   0.0000   0.0000   0.0000   0.0000   0.0000 
  0.0000   0.0000   0.0000   0.0000   0.0000   0.0000   0.0000   0.0000   0.0000   0.0000 
  0.0000   0.0000   0.0000   0.0000   0.0000   0.0000   0.0000   0.0000   0.0000   0.0000 
  0.0000   0.0000   0.0000   0.0000   0.0000   0.0000   0.0000   0.0000   0.0000   0.0000 
  0.0000   0.0000   0.0000   0.0000   0.0000   0.0000   0.0000   0.0000   0.0000   0.0000 
  0.0000   0.0000   0.0000   0.0000   0.0000   0.0000   0.0000   0.0000   0.0000   0.0000 
  0.0000   0.0000   0.0000   0.0000   0.0000   0.0000   0.0000   0.0000   0.0000   0.0000 
  0.0000   0.0000   0.0000   0.0000   0.0000   0.0000   0.0000   0.0000   0.0000   0.0000 
  0.0000   0.0000   0.0000   0.0000   0.0000   0.0000   0.0000   0.0000   0.0000   0.0000 
  0.0000   0.0000   0.0000   0.0000   0.0000   0.0000   0.0000   0.0000   0.0000   0.0000 
  0.0000   0.0000   0.0000   0.0000   0.0000   0.0000   0.0000   0.0000   0.0000   0.0000 
  0.0000   0.0000   0.0000   0.0000   0.0000   0.0000   0.0000   0.0000   0.0000   0.0000 
  0.0000   0.0000   0.0000   0.0000   0.0000   0.0000   0.0000   0.0000   0.0000   0.0000 
  0.0000   0.0000   0.0000   0.0000   0.0000   0.0000   0.0000   0.0000   0.0000   0.0000 
  0.0000   0.0000   0.0000   0.0000   0.0000   0.0000   0.0000   0.0000   0.0000   0.0000 
  0.0000   0.0000   0.0000   0.0000   0.0000   0.0000   0.0000   0.0000   0.0000   0.0000 
  0.0000   0.0000   0.0000   0.0000   0.0000   0.0000   0.0000   0.0000   0.0000   0.0000 
  0.0000   0.0000   0.0000   0.0000   0.0000   0.0000   0.0000   0.0000   0.0000   0.0000 
  0.0000   0.0000   0.0000   0.0000   0.0000   0.0000   0.0000   0.0000   0.0000   0.0000 
  0.0000   0.0000   0.0000   0.0000   0.0000   0.0000   0.0000   0.0000   0.0000   0.0000 
  0.0000   0.0000   0.0000   0.0000   0.0000   0.0000   0.0000   0.0000   0.0000   0.0000 
  0.0000   0.0000   0.0000   0.0000   0.0000   0.0000   0.0000   0.0000   0.0000   0.0000 
  0.0000   0.0000   0.0000   0.0000   0.0000   0.0000   0.0000   0.0000   0.0000   0.0000 
  0.0000   0.0000   0.0000   0.0000   0.0000   0.0000   0.0000   0.0000   0.0000   0.0000 
  0.0000   0.0000   0.0000   0.0000   0.0000   0.0000   0.0000   0.0000   0.0000   0.0000 
  0.0000   0.0000   0.0000   0.0000   0.0000   0.0000   0.0000   0.0000   0.0000   0.0000 
  0.0000   0.0000   0.0000   0.0000   0.0000   0.0000   0.0000   0.0000   0.0000   0.0000 
  0.0000   0.0000   0.0000   0.0000   0.0000   0.0000   0.0000   0.0000   0.0000   0.0000 
  0.0000   0.0000   0.0000   0.0000   0.0000   0.0000   0.0000   0.0000   0.0000   0.0000 
  0.0000   0.0000   0.0000   0.0000   0.0000   0.0000   0.0000   0.0000   0.0000   0.0000 
  0.0000   0.0000   0.0000   0.0000   0.0000   0.0000   0.0000   0.0000   0.0000   0.0000 
  0.0000   0.0000   0.0000   0.0000   0.0000   0.0000   0.0000   0.0000   0.0000   0.0000 
  0.0000   0.0000   0.0000   0.0000   0.0000   0.0000   0.0000   0.0000   0.0000   0.0000 
  0.0000   0.0000   0.0000   0.0000   0.0000   0.0000   0.0000   0.0000   0.0000   0.0000 
  0.0000   0.0000   0.0000   0.0000   0.0000   0.0000   0.0000   0.0000   0.0000   0.0000 
  0.0000   0.0000   0.0000   0.0000   0.0000   0.0000   0.0000   0.0000   0.0000   0.0000 
  0.0000   0.0000   0.0000   0.0000   0.0000   0.0000   0.0000   0.0000   0.0000   0.0000 
  0.0000   0.0000   0.0000   0.0000   0.0000   0.0000   0.0000   0.0000   0.0000   0.0000 
  0.0000   0.0000   0.0000   0.0000   0.0000   0.0000   0.0000   0.0000   0.0000   0.0000 
  0.0000   0.0000   0.0000   0.0000   0.0000   0.0000   0.0000   0.0000   0.0000   0.0000 
  0.0000   0.0000   0.0000   0.0000   0.0000   0.0000   0.0000   0.0000   0.0000   0.0000 
  0.0000   0.0000   0.0000   0.0000   0.0000   0.0000   0.0000   0.0000   0.0000   0.0000 
  0.0000   0.0000   0.0000   0.0000   0.0000   0.0000   0.0000   0.0000   0.0000   0.0000 
  0.0000   0.0000   0.0000   0.0000   0.0000   0.0000   0.0000   0.0000   0.0000   0.0000 
  0.0000   0.0000   0.0000   0.0000   0.0000   0.0000   0.0000   0.0000   0.0000   0.0000 
  0.0000   0.0000   0.0000   0.0000   0.0000   0.0000   0.0000   0.0000   0.0000   0.0000 
  0.0000   0.0000   0.0000   0.0000   0.0000   0.0000   0.0000   0.0000   0.0000   0.0000 
  0.0000   0.0000   0.0000   0.0000   0.0000   0.0000   0.0000   0.0000   0.0000   0.0000 
  0.0000   0.0000   0.0000   0.0000   0.0000   0.0000   0.0000   0.0000   0.0000   0.0000 
  0.0000   0.0000   0.0000   0.0000   0.0000   0.0000   0.0000   0.0000   0.0000   0.0000 
  0.0000   0.0000   0.0000   0.0000   0.0000   0.0000   0.0000   0.0000   0.0000   0.0000 
  0.0000   0.0000   0.0000   0.0000   0.0000   0.0000   0.0000   0.0000   0.0000   0.0000 
  0.0000   0.0000   0.0000   0.0000   0.0000   0.0000   0.0000   0.0000   0.0000   0.0000 
  0.0000   0.0000   0.0000   0.0000   0.0000   0.0000   0.0000   0.0000   0.0000   0.0000 
  0.0000   0.0000   0.0000   0.0000   0.0000   0.0000   0.0000   0.0000   0.0000   0.0000 
  0.0000   0.0000   0.0000   0.0000   0.0000   0.0000   0.0000   0.0000   0.0000   0.0000 
  0.0000   0.0000   0.0000   0.0000   0.0000   0.0000   0.0000   0.0000   0.0000   0.0000 
  0.0000   0.0000   0.0000   0.0000   0.0000   0.0000   0.0000   0.0000   0.0000   0.0000 
  0.0000   0.0000   0.0000   0.0000   0.0000   0.0000   0.0000   0.0000   0.0000   0.0000 
  0.0000   0.0000   0.0000   0.0000   0.0000   0.0000   0.0000   0.0000   0.0000   0.0000 
  0.0000   0.0000   0.0000   0.0000   0.0000   0.0000   0.0000   0.0000   0.0000   0.0000 
  0.0000   0.0000   0.0000   0.0000   0.0000   0.0000   0.0000   0.0000   0.0000   0.0000 
  0.0000   0.0000   0.0000   0.0000   0.0000   0.0000   0.0000   0.0000   0.0000   0.0000 
  0.0000   0.0000   0.0000   0.0000   0.0000   0.0000   0.0000   0.0000   0.0000   0.0000 
  0.0000   0.0000   0.0000   0.0000   0.0000   0.0000   0.0000   0.0000   0.0000   0.0000 
  0.0000   0.0000   0.0000   0.0000   0.0000   0.0000   0.0000   0.0000   0.0000   0.0000 
  0.0000   0.0000   0.0000   0.0000   0.0000   0.0000   0.0000   0.0000   0.0000   0.0000 
  0.0000   0.0000   0.0000   0.0000   0.0000   0.0000   0.0000   0.0000   0.0000   0.0000 
  0.0000   0.0000   0.0000   0.0000   0.0000   0.0000   0.0000   0.0000   0.0000   0.0000 
  0.0000   0.0000   0.0000   0.0000   0.0000   0.0000   0.0000   0.0000   0.0000   0.0000 
  0.0000   0.0000   0.0000   0.0000   0.0000   0.0000   0.0000   0.0000   0.0000   0.0000 
  0.0000   0.0000   0.0000   0.0000   0.0000   0.0000   0.0000   0.0000   0.0000   0.0000 
  0.0000   0.0000   0.0000   0.0000   0.0000   0.0000   0.0000   0.0000   0.0000   0.0000 
  0.0000   0.0000   0.0000   0.0000   0.0000   0.0000   0.0000   0.0000   0.0000   0.0000 
  0.0000   0.0000   0.0000   0.0000   0.0000   0.0000   0.0000   0.0000   0.0000   0.0000 
  0.0000   0.0000   0.0000   0.0000   0.0000   0.0000   0.0000   0.0000   0.0000   0.0000 
  0.0000   0.0000   0.0000   0.0000   0.0000   0.0000   0.0000   0.0000   0.0000   0.0000 
  0.0000   0.0000   0.0000   0.0000   0.0000   0.0000   0.0000   0.0000   0.0000   0.0000 
  0.0000   0.0000   0.0000   0.0000   0.0000   0.0000   0.0000   0.0000   0.0000   0.0000 
  0.0000   0.0000   0.0000   0.0000   0.0000   0.0000   0.0000   0.0000   0.0000   0.0000 
  0.0000   0.0000   0.0000   0.0000   0.0000   0.0000   0.0000   0.0000   0.0000   0.0000 
  0.0000   0.0000   0.0000   0.0000   0.0000   0.0000   0.0000   0.0000   0.0000   0.0000 
  0.0000   0.0000   0.0000   0.0000   0.0000   0.0000   0.0000   0.0000   0.0000   0.0000 
  0.0000   0.0000   0.0000   0.0000   0.0000   0.0000   0.0000   0.0000   0.0000   0.0000 
  0.0000   0.0000   0.0000   0.0000   0.0000   0.0000   0.0000   0.0000   0.0000   0.0000 
  0.0000   0.0000   0.0000   0.0000   0.0000   0.0000   0.0000   0.0000   0.0000   0.0000 
  0.0000   0.0000   0.0000   0.0000   0.0000   0.0000   0.0000   0.0000   0.0000   0.0000 
  0.0000   0.0000   0.0000   0.0000   0.0000   0.0000   0.0000   0.0000   0.0000   0.0000 
  0.0000   0.0000   0.0000   0.0000   0.0000   0.0000   0.0000   0.0000   0.0000   0.0000 
  0.0000   0.0000   0.0000   0.0000   0.0000   0.0000   0.0000   0.0000   0.0000   0.0000 
  0.0000   0.0000   0.0000   0.0000   0.0000   0.0000   0.0000   0.0000   0.0000   0.0000 
  0.0000   0.0000   0.0000   0.0000   0.0000   0.0000   0.0000   0.0000   0.0000   0.0000 
  0.0000   0.0000   0.0000   0.0000   0.0000   0.0000   0.0000   0.0000   0.0000   0.0000 
  0.0000   0.0000   0.0000   0.0000   0.0000   0.0000   0.0000   0.0000   0.0000   0.0000 
  0.0000   0.0000   0.0000   0.0000   0.0000   0.0000   0.0000   0.0000   0.0000   0.0000 
  0.0000   0.0000   0.0000   0.0000   0.0000   0.0000   0.0000   0.0000   0.0000   0.0000 
  0.0000   0.0000   0.0000   0.0000   0.0000   0.0000   0.0000   0.0000   0.0000   0.0000 
  0.0000   0.0000   0.0000   0.0000   0.0000   0.0000   0.0000   0.0000   0.0000   0.0000 
  0.0000   0.0000   0.0000   0.0000   0.0000   0.0000   0.0000   0.0000   0.0000   0.0000 
  0.0000   0.0000   0.0000   0.0000   0.0000   0.0000   0.0000   0.0000   0.0000   0.0000 
  0.0000   0.0000   0.0000   0.0000   0.0000   0.0000   0.0000   0.0000   0.0000   0.0000 
  0.0000   0.0000   0.0000   0.0000   0.0000   0.0000   0.0000   0.0000   0.0000   0.0000 
  0.0000   0.0000   0.0000   0.0000   0.0000   0.0000   0.0000   0.0000   0.0000   0.0000 
  0.0000   0.0000   0.0000   0.0000   0.0000   0.0000   0.0000   0.0000   0.0000   0.0000 
  0.0000   0.0000   0.0000   0.0000   0.0000   0.0000   0.0000   0.0000   0.0000   0.0000 
  0.0000   0.0000   0.0000   0.0000   0.0000   0.0000   0.0000   0.0000   0.0000   0.0000 
  0.0000   0.0000   0.0000   0.0000   0.0000   0.0000   0.0000   0.0000   0.0000   0.0000 
  0.0000   0.0000   0.0000   0.0000   0.0000   0.0000   0.0000   0.0000   0.0000   0.0000 
  0.0000   0.0000   0.0000   0.0000   0.0000   0.0000   0.0000   0.0000   0.0000   0.0000 
  0.0000   0.0000   0.0000   0.0000   0.0000   0.0000   0.0000   0.0000   0.0000   0.0000 
  0.0000   0.0000   0.0000   0.0000   0.0000   0.0000   0.0000   0.0000   0.0000   0.0000 
  0.0000   0.0000   0.0000   0.0000   0.0000   0.0000   0.0000   0.0000   0.0000   0.0000 
  0.0000   0.0000   0.0000   0.0000   0.0000   0.0000   0.0000   0.0000   0.0000   0.0000 
  0.0000   0.0000   0.0000   0.0000   0.0000   0.0000   0.0000   0.0000   0.0000   0.0000 
  0.0000   0.0000   0.0000   0.0000   0.0000   0.0000   0.0000   0.0000   0.0000   0.0000 
  0.0000   0.0000   0.0000   0.0000   0.0000   0.0000   0.0000   0.0000   0.0000   0.0000 
  0.0000   0.0000   0.0000   0.0000   0.0000   0.0000   0.0000   0.0000   0.0000   0.0000 
  0.0000   0.0000   0.0000   0.0000   0.0000   0.0000   0.0000   0.0000   0.0000   0.0000 
  0.0000   0.0000   0.0000   0.0000   0.0000   0.0000   0.0000   0.0000   0.0000   0.0000 
  0.0000   0.0000   0.0000   0.0000   0.0000   0.0000   0.0000   0.0000   0.0000   0.0000 
  0.0000   0.0000   0.0000   0.0000   0.0000   0.0000   0.0000   0.0000   0.0000   0.0000 
  0.0000   0.0000   0.0000   0.0000   0.0000   0.0000   0.0000   0.0000   0.0000   0.0000 
  0.0000   0.0000   0.0000   0.0000   0.0000   0.0000   0.0000   0.0000   0.0000   0.0000 
  0.0000   0.0000   0.0000   0.0000   0.0000   0.0000   0.0000   0.0000   0.0000   0.0000 
  0.0000   0.0000   0.0000   0.0000   0.0000   0.0000   0.0000   0.0000   0.0000   0.0000 
  0.0000   0.0000   0.0000   0.0000   0.0000   0.0000   0.0000   0.0000   0.0000   0.0000 
  0.0000   0.0000   0.0000   0.0000   0.0000   0.0000   0.0000   0.0000   0.0000   0.0000 
  0.0000   0.0000   0.0000   0.0000   0.0000   0.0000   0.0000   0.0000   0.0000   0.0000 
  0.0000   0.0000   0.0000   0.0000   0.0000   0.0000   0.0000   0.0000   0.0000   0.0000 
  0.0000   0.0000   0.0000   0.0000   0.0000   0.0000   0.0000   0.0000   0.0000   0.0000 
  0.0000   0.0000   0.0000   0.0000   0.0000   0.0000   0.0000   0.0000   0.0000   0.0000 
  0.0000   0.0000   0.0000   0.0000   0.0000   0.0000   0.0000   0.0000   0.0000   0.0000 
  0.0000   0.0000   0.0000   0.0000   0.0000   0.0000   0.0000   0.0000   0.0000   0.0000 
  0.0000   0.0000   0.0000   0.0000   0.0000   0.0000   0.0000   0.0000   0.0000   0.0000 
  0.0000   0.0000   0.0000   0.0000   0.0000   0.0000   0.0000   0.0000   0.0000   0.0000 
  0.0000   0.0000   0.0000   0.0000   0.0000   0.0000   0.0000   0.0000   0.0000   0.0000 
  0.0000   0.0000   0.0000   0.0000   0.0000   0.0000   0.0000   0.0000   0.0000   0.0000 
  0.0000   0.0000   0.0000   0.0000   0.0000   0.0000   0.0000   0.0000   0.0000   0.0000 
  0.0000   0.0000   0.0000   0.0000   0.0000   0.0000   0.0000   0.0000   0.0000   0.0000 
  0.0000   0.0000   0.0000   0.0000   0.0000   0.0000   0.0000   0.0000   0.0000   0.0000 
  0.0000   0.0000   0.0000   0.0000   0.0000   0.0000   0.0000   0.0000   0.0000   0.0000 
  0.0000   0.0000   0.0000   0.0000   0.0000   0.0000   0.0000   0.0000   0.0000   0.0000 
  0.0000   0.0000   0.0000   0.0000   0.0000   0.0000   0.0000   0.0000   0.0000   0.0000 
  0.0000   0.0000   0.0000   0.0000   0.0000   0.0000   0.0000   0.0000   0.0000   0.0000 
  0.0000   0.0000   0.0000   0.0000   0.0000   0.0000   0.0000   0.0000   0.0000   0.0000 
  0.0000   0.0000   0.0000   0.0000   0.0000   0.0000   0.0000   0.0000   0.0000   0.0000 
  0.0000   0.0000   0.0000   0.0000   0.0000   0.0000   0.0000   0.0000   0.0000   0.0000 
  0.0000   0.0000   0.0000   0.0000   0.0000   0.0000   0.0000   0.0000   0.0000   0.0000 
  0.0000   0.0000   0.0000   0.0000   0.0000   0.0000   0.0000   0.0000   0.0000   0.0000 
  0.0000   0.0000   0.0000   0.0000   0.0000   0.0000   0.0000   0.0000   0.0000   0.0000 
  0.0000   0.0000   0.0000   0.0000   0.0000   0.0000   0.0000   0.0000   0.0000   0.0000 
  0.0000   0.0000   0.0000   0.0000   0.0000   0.0000   0.0000   0.0000   0.0000   0.0000 
  0.0000   0.0000   0.0000   0.0000   0.0000   0.0000   0.0000   0.0000   0.0000   0.0000 
  0.0000   0.0000   0.0000   0.0000   0.0000   0.0000   0.0000   0.0000   0.0000   0.0000 
  0.0000   0.0000   0.0000   0.0000   0.0000   0.0000   0.0000   0.0000   0.0000   0.0000 
  0.0000   0.0000   0.0000   0.0000   0.0000   0.0000   0.0000   0.0000   0.0000   0.0000 
  0.0000   0.0000   0.0000   0.0000   0.0000   0.0000   0.0000   0.0000   0.0000   0.0000 
  0.0000   0.0000   0.0000   0.0000   0.0000   0.0000   0.0000   0.0000   0.0000   0.0000 
  0.0000   0.0000   0.0000   0.0000   0.0000   0.0000   0.0000   0.0000   0.0000   0.0000 
  0.0000   0.0000   0.0000   0.0000   0.0000   0.0000   0.0000   0.0000   0.0000   0.0000 
  0.0000   0.0000   0.0000   0.0000   0.0000   0.0000   0.0000   0.0000   0.0000   0.0000 
  0.0000   0.0000   0.0000   0.0000   0.0000   0.0000   0.0000   0.0000   0.0000   0.0000 
  0.0000   0.0000   0.0000   0.0000   0.0000   0.0000   0.0000   0.0000   0.0000   0.0000 
  0.0000   0.0000   0.0000   0.0000   0.0000   0.0000   0.0000   0.0000   0.0000   0.0000 
  0.0000   0.0000   0.0000   0.0000   0.0000   0.0000   0.0000   0.0000   0.0000   0.0000 
  0.0000   0.0000   0.0000   0.0000   0.0000   0.0000   0.0000   0.0000   0.0000   0.0000 
  0.0000   0.0000   0.0000   0.0000   0.0000   0.0000   0.0000   0.0000   0.0000   0.0000 
  0.0000   0.0000   0.0000   0.0000   0.0000   0.0000   0.0000   0.0000   0.0000   0.0000 
  0.0000   0.0000   0.0000   0.0000   0.0000   0.0000   0.0000   0.0000   0.0000   0.0000 
  0.0000   0.0000   0.0000   0.0000   0.0000   0.0000   0.0000   0.0000   0.0000   0.0000 
  0.0000   0.0000   0.0000   0.0000   0.0000   0.0000   0.0000   0.0000   0.0000   0.0000 
  0.0000   0.0000   0.0000   0.0000   0.0000   0.0000   0.0000   0.0000   0.0000   0.0000 
  0.0000   0.0000   0.0000   0.0000   0.0000   0.0000   0.0000   0.0000   0.0000   0.0000 
  0.0000   0.0000   0.0000   0.0000   0.0000   0.0000   0.0000   0.0000   0.0000   0.0000 
  0.0000   0.0000   0.0000   0.0000   0.0000   0.0000   0.0000   0.0000   0.0000   0.0000 
  0.0000   0.0000   0.0000   0.0000   0.0000   0.0000   0.0000   0.0000   0.0000   0.0000 
  0.0000   0.0000   0.0000   0.0000   0.0000   0.0000   0.0000   0.0000   0.0000   0.0000 
  0.0000   0.0000   0.0000   0.0000   0.0000   0.0000   0.0000   0.0000   0.0000   0.0000 
  0.0000   0.0000   0.0000   0.0000   0.0000   0.0000   0.0000   0.0000   0.0000   0.0000 
  0.0000   0.0000   0.0000   0.0000   0.0000   0.0000   0.0000   0.0000   0.0000   0.0000 
  0.0000   0.0000   0.0000   0.0000   0.0000   0.0000   0.0000   0.0000   0.0000   0.0000 
  0.0000   0.0000   0.0000   0.0000   0.0000   0.0000   0.0000   0.0000   0.0000   0.0000 
  0.0000   0.0000   0.0000   0.0000   0.0000   0.0000   0.0000   0.0000   0.0000   0.0000 
  0.0000   0.0000   0.0000   0.0000   0.0000   0.0000   0.0000   0.0000   0.0000   0.0000 
  0.0000   0.0000   0.0000   0.0000   0.0000   0.0000   0.0000   0.0000   0.0000   0.0000 
  0.0000   0.0000   0.0000   0.0000   0.0000   0.0000   0.0000   0.0000   0.0000   0.0000 
  0.0000   0.0000   0.0000   0.0000   0.0000   0.0000   0.0000   0.0000   0.0000   0.0000 
  0.0000   0.0000   0.0000   0.0000   0.0000   0.0000   0.0000   0.0000   0.0000   0.0000 
  0.0000   0.0000   0.0000   0.0000   0.0000   0.0000   0.0000   0.0000   0.0000   0.0000 
  0.0000   0.0000   0.0000   0.0000   0.0000   0.0000   0.0000   0.0000   0.0000   0.0000 
  0.0000   0.0000   0.0000   0.0000   0.0000   0.0000   0.0000   0.0000   0.0000   0.0000 
  0.0000   0.0000   0.0000   0.0000   0.0000   0.0000   0.0000   0.0000   0.0000   0.0000 
  0.0000   0.0000   0.0000   0.0000   0.0000   0.0000   0.0000   0.0000   0.0000   0.0000 
  0.0000   0.0000   0.0000   0.0000   0.0000   0.0000   0.0000   0.0000   0.0000   0.0000 
  0.0000   0.0000   0.0000   0.0000   0.0000   0.0000   0.0000   0.0000   0.0000   0.0000 
  0.0000   0.0000   0.0000   0.0000   0.0000   0.0000   0.0000   0.0000   0.0000   0.0000 
  0.0000   0.0000   0.0000   0.0000   0.0000   0.0000   0.0000   0.0000   0.0000   0.0000 
  0.0000   0.0000   0.0000   0.0000   0.0000   0.0000   0.0000   0.0000   0.0000   0.0000 
  0.0000   0.0000   0.0000   0.0000   0.0000   0.0000   0.0000   0.0000   0.0000   0.0000 
  0.0000   0.0000   0.0000   0.0000   0.0000   0.0000   0.0000   0.0000   0.0000   0.0000 
  0.0000   0.0000   0.0000   0.0000   0.0000   0.0000   0.0000   0.0000   0.0000   0.0000 
  0.0000   0.0000   0.0000   0.0000   0.0000   0.0000   0.0000   0.0000   0.0000   0.0000 
  0.0000   0.0000   0.0000   0.0000   0.0000   0.0000   0.0000   0.0000   0.0000   0.0000 
  0.0000   0.0000   0.0000   0.0000   0.0000   0.0000   0.0000   0.0000   0.0000   0.0000 
  0.0000   0.0000   0.0000   0.0000   0.0000   0.0000   0.0000   0.0000   0.0000   0.0000 
  0.0000   0.0000   0.0000   0.0000   0.0000   0.0000   0.0000   0.0000   0.0000   0.0000 
  0.0000   0.0000   0.0000   0.0000   0.0000   0.0000   0.0000   0.0000   0.0000   0.0000 
  0.0000   0.0000   0.0000   0.0000   0.0000   0.0000   0.0000   0.0000   0.0000   0.0000 
  0.0000   0.0000   0.0000   0.0000   0.0000   0.0000   0.0000   0.0000   0.0000   0.0000 
  0.0000   0.0000   0.0000   0.0000   0.0000   0.0000   0.0000   0.0000   0.0000   0.0000 
  0.0000   0.0000   0.0000   0.0000   0.0000   0.0000   0.0000   0.0000   0.0000   0.0000 
  0.0000   0.0000   0.0000   0.0000   0.0000   0.0000   0.0000   0.0000   0.0000   0.0000 
  0.0000   0.0000   0.0000   0.0000   0.0000   0.0000   0.0000   0.0000   0.0000   0.0000 
  0.0000   0.0000   0.0000   0.0000   0.0000   0.0000   0.0000   0.0000   0.0000   0.0000 
  0.0000   0.0000   0.0000   0.0000   0.0000   0.0000   0.0000   0.0000   0.0000   0.0000 
  0.0000   0.0000   0.0000   0.0000   0.0000   0.0000   0.0000   0.0000   0.0000   0.0000 
  0.0000   0.0000   0.0000   0.0000   0.0000   0.0000   0.0000   0.0000   0.0000   0.0000 
  0.0000   0.0000   0.0000   0.0000   0.0000   0.0000   0.0000   0.0000   0.0000   0.0000 
  0.0000   0.0000   0.0000   0.0000   0.0000   0.0000   0.0000   0.0000   0.0000   0.0000 
  0.0000   0.0000   0.0000   0.0000   0.0000   0.0000   0.0000   0.0000   0.0000   0.0000 
  0.0000   0.0000   0.0000   0.0000   0.0000   0.0000   0.0000   0.0000   0.0000   0.0000 
  0.0000   0.0000   0.0000   0.0000   0.0000   0.0000   0.0000   0.0000   0.0000   0.0000 
  0.0000   0.0000   0.0000   0.0000   0.0000   0.0000   0.0000   0.0000   0.0000   0.0000 
  0.0000   0.0000   0.0000   0.0000   0.0000   0.0000   0.0000   0.0000   0.0000   0.0000 
  0.0000   0.0000   0.0000   0.0000   0.0000   0.0000   0.0000   0.0000   0.0000   0.0000 
  0.0000   0.0000   0.0000   0.0000   0.0000   0.0000   0.0000   0.0000   0.0000   0.0000 
  0.0000   0.0000   0.0000   0.0000   0.0000   0.0000   0.0000   0.0000   0.0000   0.0000 
  0.0000   0.0000   0.0000   0.0000   0.0000   0.0000   0.0000   0.0000   0.0000   0.0000 
  0.0000   0.0000   0.0000   0.0000   0.0000   0.0000   0.0000   0.0000   0.0000   0.0000 
  0.0000   0.0000   0.0000   0.0000   0.0000   0.0000   0.0000   0.0000   0.0000   0.0000 
  0.0000   0.0000   0.0000   0.0000   0.0000   0.0000   0.0000   0.0000   0.0000   0.0000 
  0.0000   0.0000   0.0000   0.0000   0.0000   0.0000   0.0000   0.0000   0.0000   0.0000 
  0.0000   0.0000   0.0000   0.0000   0.0000   0.0000   0.0000   0.0000   0.0000   0.0000 
  0.0000   0.0000   0.0000   0.0000   0.0000   0.0000   0.0000   0.0000   0.0000   0.0000 
  0.0000   0.0000   0.0000   0.0000   0.0000   0.0000   0.0000   0.0000   0.0000   0.0000 
  0.0000   0.0000   0.0000   0.0000   0.0000   0.0000   0.0000   0.0000   0.0000   0.0000 
  0.0000   0.0000   0.0000   0.0000   0.0000   0.0000   0.0000   0.0000   0.0000   0.0000 
  0.0000   0.0000   0.0000   0.0000   0.0000   0.0000   0.0000   0.0000   0.0000   0.0000 
  0.0000   0.0000   0.0000   0.0000   0.0000   0.0000   0.0000   0.0000   0.0000   0.0000 
  0.0000   0.0000   0.0000   0.0000   0.0000   0.0000   0.0000   0.0000   0.0000   0.0000 
  0.0000   0.0000   0.0000   0.0000   0.0000   0.0000   0.0000   0.0000   0.0000   0.0000 
  0.0000   0.0000   0.0000   0.0000   0.0000   0.0000   0.0000   0.0000   0.0000   0.0000 
  0.0000   0.0000   0.0000   0.0000   0.0000   0.0000   0.0000   0.0000   0.0000   0.0000 
  0.0000   0.0000   0.0000   0.0000   0.0000   0.0000   0.0000   0.0000   0.0000   0.0000 
  0.0000   0.0000   0.0000   0.0000   0.0000   0.0000   0.0000   0.0000   0.0000   0.0000 
  0.0000   0.0000   0.0000   0.0000   0.0000   0.0000   0.0000   0.0000   0.0000   0.0000 
  0.0000   0.0000   0.0000   0.0000   0.0000   0.0000   0.0000   0.0000   0.0000   0.0000 
  0.0000   0.0000   0.0000   0.0000   0.0000   0.0000   0.0000   0.0000   0.0000   0.0000 
  0.0000   0.0000   0.0000   0.0000   0.0000   0.0000   0.0000   0.0000   0.0000   0.0000 
  0.0000   0.0000   0.0000   0.0000   0.0000   0.0000   0.0000   0.0000   0.0000   0.0000 
  0.0000   0.0000   0.0000   0.0000   0.0000   0.0000   0.0000   0.0000   0.0000   0.0000 
  0.0000   0.0000   0.0000   0.0000   0.0000   0.0000   0.0000   0.0000   0.0000   0.0000 
  0.0000   0.0000   0.0000   0.0000   0.0000   0.0000   0.0000   0.0000   0.0000   0.0000 
  0.0000   0.0000   0.0000   0.0000   0.0000   0.0000   0.0000   0.0000   0.0000   0.0000 
  0.0000   0.0000   0.0000   0.0000   0.0000   0.0000   0.0000   0.0000   0.0000   0.0000 
  0.0000   0.0000   0.0000   0.0000   0.0000   0.0000   0.0000   0.0000   0.0000   0.0000 
  0.0000   0.0000   0.0000   0.0000   0.0000   0.0000   0.0000   0.0000   0.0000   0.0000 
  0.0000   0.0000   0.0000   0.0000   0.0000   0.0000   0.0000   0.0000   0.0000   0.0000 
  0.0000   0.0000   0.0000   0.0000   0.0000   0.0000   0.0000   0.0000   0.0000   0.0000 
  0.0000   0.0000   0.0000   0.0000   0.0000   0.0000   0.0000   0.0000   0.0000   0.0000 
  0.0000   0.0000   0.0000   0.0000   0.0000   0.0000   0.0000   0.0000   0.0000   0.0000 
  0.0000   0.0000   0.0000   0.0000   0.0000   0.0000   0.0000   0.0000   0.0000   0.0000 
  0.0000   0.0000   0.0000   0.0000   0.0000   0.0000   0.0000   0.0000   0.0000   0.0000 
  0.0000   0.0000   0.0000   0.0000   0.0000   0.0000   0.0000   0.0000   0.0000   0.0000 
  0.0000   0.0000   0.0000   0.0000   0.0000   0.0000   0.0000   0.0000   0.0000   0.0000 
  0.0000   0.0000   0.0000   0.0000   0.0000   0.0000   0.0000   0.0000   0.0000   0.0000 
  0.0000   0.0000   0.0000   0.0000   0.0000   0.0000   0.0000   0.0000   0.0000   0.0000 
  0.0000   0.0000   0.0000   0.0000   0.0000   0.0000   0.0000   0.0000   0.0000   0.0000 
  0.0000   0.0000   0.0000   0.0000   0.0000   0.0000   0.0000   0.0000   0.0000   0.0000 
  0.0000   0.0000   0.0000   0.0000   0.0000   0.0000   0.0000   0.0000   0.0000   0.0000 
  0.0000   0.0000   0.0000   0.0000   0.0000   0.0000   0.0000   0.0000   0.0000   0.0000 
  0.0000   0.0000   0.0000   0.0000   0.0000   0.0000   0.0000   0.0000   0.0000   0.0000 
  0.0000   0.0000   0.0000   0.0000   0.0000   0.0000   0.0000   0.0000   0.0000   0.0000 
  0.0000   0.0000   0.0000   0.0000   0.0000   0.0000   0.0000   0.0000   0.0000   0.0000 
  0.0000   0.0000   0.0000   0.0000   0.0000   0.0000   0.0000   0.0000   0.0000   0.0000 
  0.0000   0.0000   0.0000   0.0000   0.0000   0.0000   0.0000   0.0000   0.0000   0.0000 
  0.0000   0.0000   0.0000   0.0000   0.0000   0.0000   0.0000   0.0000   0.0000   0.0000 
  0.0000   0.0000   0.0000   0.0000   0.0000   0.0000   0.0000   0.0000   0.0000   0.0000 
  0.0000   0.0000   0.0000   0.0000   0.0000   0.0000   0.0000   0.0000   0.0000   0.0000 
  0.0000   0.0000   0.0000   0.0000   0.0000   0.0000   0.0000   0.0000   0.0000   0.0000 
  0.0000   0.0000   0.0000   0.0000   0.0000   0.0000   0.0000   0.0000   0.0000   0.0000 
  0.0000   0.0000   0.0000   0.0000   0.0000   0.0000   0.0000   0.0000   0.0000   0.0000 
  0.0000   0.0000   0.0000   0.0000   0.0000   0.0000   0.0000   0.0000   0.0000   0.0000 
  0.0000   0.0000   0.0000   0.0000   0.0000   0.0000   0.0000   0.0000   0.0000   0.0000 
  0.0000   0.0000   0.0000   0.0000   0.0000   0.0000   0.0000   0.0000   0.0000   0.0000 
  0.0000   0.0000   0.0000   0.0000   0.0000   0.0000   0.0000   0.0000   0.0000   0.0000 
  0.0000   0.0000   0.0000   0.0000   0.0000   0.0000   0.0000   0.0000   0.0000   0.0000 
  0.0000   0.0000   0.0000   0.0000   0.0000   0.0000   0.0000   0.0000   0.0000   0.0000 
  0.0000   0.0000   0.0000   0.0000   0.0000   0.0000   0.0000   0.0000   0.0000   0.0000 
  0.0000   0.0000   0.0000   0.0000   0.0000   0.0000   0.0000   0.0000   0.0000   0.0000 
  0.0000   0.0000   0.0000   0.0000   0.0000   0.0000   0.0000   0.0000   0.0000   0.0000 
  0.0000   0.0000   0.0000   0.0000   0.0000   0.0000   0.0000   0.0000   0.0000   0.0000 
  0.0000   0.0000   0.0000   0.0000   0.0000   0.0000   0.0000   0.0000   0.0000   0.0000 
  0.0000   0.0000   0.0000   0.0000   0.0000   0.0000   0.0000   0.0000   0.0000   0.0000 
  0.0000   0.0000   0.0000   0.0000   0.0000   0.0000   0.0000   0.0000   0.0000   0.0000 
  0.0000   0.0000   0.0000   0.0000   0.0000   0.0000   0.0000   0.0000   0.0000   0.0000 
  0.0000   0.0000   0.0000   0.0000   0.0000   0.0000   0.0000   0.0000   0.0000   0.0000 
  0.0000   0.0000   0.0000   0.0000   0.0000   0.0000   0.0000   0.0000   0.0000   0.0000 
  0.0000   0.0000   0.0000   0.0000   0.0000   0.0000   0.0000   0.0000   0.0000   0.0000 
  0.0000   0.0000   0.0000   0.0000   0.0000   0.0000   0.0000   0.0000   0.0000   0.0000 
  0.0000   0.0000   0.0000   0.0000   0.0000   0.0000   0.0000   0.0000   0.0000   0.0000 
  0.0000   0.0000   0.0000   0.0000   0.0000   0.0000   0.0000   0.0000   0.0000   0.0000 
  0.0000   0.0000   0.0000   0.0000   0.0000   0.0000   0.0000   0.0000   0.0000   0.0000 
  0.0000   0.0000   0.0000   0.0000   0.0000   0.0000   0.0000   0.0000   0.0000   0.0000 
  0.0000   0.0000   0.0000   0.0000   0.0000   0.0000   0.0000   0.0000   0.0000   0.0000 
  0.0000   0.0000   0.0000   0.0000   0.0000   0.0000   0.0000   0.0000   0.0000   0.0000 
  0.0000   0.0000   0.0000   0.0000   0.0000   0.0000   0.0000   0.0000   0.0000   0.0000 
  0.0000   0.0000   0.0000   0.0000   0.0000   0.0000   0.0000   0.0000   0.0000   0.0000 
