y-axis acceleration data

 -0.6685  -0.6436  -0.7837  -0.3950  -0.5264  -0.4214   1.2217  -0.5063  -0.2344  -0.5645 
 -0.7021  -0.5298  -0.8081  -0.3564  -0.4126  -0.4893   0.1816  -0.3413  -0.1846  -0.5859 
 -0.8022  -0.4907  -0.7852  -0.2246  -0.4199  -0.4512  -0.9121  -0.3687  -0.1680  -0.6450 
 -0.7266  -0.7046  -0.7056  -0.1353  -0.6001  -0.3179  -1.5430  -0.4917  -0.2485  -0.6543 
 -0.7075  -0.6533  -0.6807  -0.1392  -0.7549  -0.4629  -1.3911  -0.6050  -0.1602  -0.6113 
 -0.7217  -0.6714  -0.7798  -0.2495  -0.9517  -0.6328  -0.8633  -0.6812  -0.0884  -0.6069 
 -0.6982  -0.7222  -0.8350  -0.2100  -0.9121  -0.7710  -0.0186  -0.9624  -0.1509  -0.4854 
 -0.6387  -0.5386  -0.7554  -0.1279  -0.9790  -0.8223  -2.6802  -1.1172  -0.0586  -0.4990 
 -0.5786  -0.5088  -0.7251  -0.1885  -0.9614  -0.9043  -0.5215  -1.1240  -0.0117  -0.6719 
 -0.6313  -0.3101  -0.6470  -0.2070  -0.8374  -1.1191   0.5459  -1.0332  -0.0552  -0.5010 
 -0.6348  -0.2349  -0.6729  -0.2236  -0.6284  -1.1089  -0.2148  -1.0273  -0.0146  -0.4541 
 -0.6099  -0.1411  -0.6079  -0.2813  -0.4634  -1.0029  -0.8066  -0.8271   0.0615  -0.3750 
 -0.5649  -0.1050  -0.6440  -0.2793  -0.3955  -0.8340   0.0732  -0.6860   0.1191  -0.4819 
 -0.5513  -0.0845  -0.7573  -0.3037  -0.3286  -0.7363  -0.6245  -0.5215   0.1396  -0.2827 
 -0.6260  -0.0747  -0.6963  -0.3018  -0.2349  -0.6880   0.1743  -0.4043   0.1948  -0.3267 
 -0.5576  -0.1108  -0.7026  -0.2642  -0.1890  -0.5908   0.0435  -0.3091   0.3330  -0.3340 
 -0.3359  -0.1948  -0.5146  -0.2080  -0.1719  -0.4316  -0.9399  -0.3154   0.4668  -0.3462 
 -0.5063  -0.1987  -0.6675  -0.1084  -0.3252  -0.4048  -1.0776  -0.2490   0.5376  -0.4277 
 -0.7065  -0.2100  -0.4590  -0.0952  -0.2739  -0.3140  -1.1367  -0.2388   0.6045  -0.3262 
 -0.7783  -0.2534  -0.4927  -0.0674  -0.2490  -0.2607  -1.0474  -0.3174   0.6724  -0.3159 
 -0.7148  -0.2231  -0.5439  -0.0742  -0.4170  -0.2441   0.6191  -0.3589   0.7070  -0.3711 
 -0.8203  -0.1372  -0.9131  -0.0718  -0.3804  -0.2471   1.6104  -0.2505   0.8179  -0.4019 
 -1.0020  -0.1587  -1.0830  -0.0029  -0.4121  -0.3130   0.1367  -0.3145   0.8511  -0.4438 
 -1.1567  -0.0649  -1.2388  -0.0054  -0.3618  -0.2954  -0.4058  -0.3809   0.8643  -0.3540 
 -1.0449  -0.0635  -1.2573  -0.0083  -0.3398  -0.3760  -0.2393  -0.4214   0.8672  -0.3623 
 -0.7104  -0.0176  -1.0928   0.0859  -0.3130  -0.4023   0.3828  -0.3750   0.8823  -0.4468 
 -0.5547   0.0679  -0.9521   0.1567  -0.2856  -0.4404   0.4336  -0.3047   0.8140  -0.2783 
 -0.6846   0.1104  -0.9854   0.2310  -0.1934  -0.4482  -0.2290  -0.1709   0.7295  -0.2568 
 -0.9443   0.1279  -0.8159   0.3330  -0.1211  -0.3770  -1.0127  -0.1895   0.6816  -0.1841 
 -0.5732   0.2651  -0.6279   0.4473  -0.1475  -0.4746  -1.1152  -0.1860   0.6670  -0.2095 
 -0.5928   0.3618  -0.4478   0.5718  -0.0171  -0.5195  -1.1382  -0.0986   0.7485  -0.2061 
 -0.8408   0.4814  -0.4272   0.6162   0.0698  -0.3701  -0.9629  -0.0513   0.4141  -0.1558 
 -0.6982   0.6055  -0.4141   0.6543   0.0630  -0.3271  -1.8896  -0.0186   0.0645  -0.1592 
 -1.0684   0.6167  -0.3320   0.7690   0.1543  -0.3604  -0.8379   0.0532  -0.8276  -0.1274 
 -1.0269   0.6611  -0.4355   0.8164   0.3008  -0.2729   0.3989   0.1440  -1.4531  -0.0732 
 -0.9155   0.8188  -0.3916   0.8516   0.3560  -0.1924   0.3877   0.1753  -1.4536  -0.0747 
 -1.1489   0.8882  -0.3901   0.9067   0.4985  -0.1699  -1.0425   0.2876   0.1851   0.0029 
 -0.6753   0.9058  -0.4634   0.8667   0.5249  -0.1724  -1.5972   0.3618   2.4810   0.0566 
 -0.7031   0.9033  -0.5483   0.9087   0.6299  -0.0732  -0.8818   0.4609  -2.4375   0.1309 
 -0.7871   0.8970  -0.4614   0.8213   0.7778  -0.0459  -0.5400   0.5586  -1.0107   0.1777 
 -1.0942   0.9126  -0.4443   0.8970   0.7505  -0.0376  -0.5146   0.6514   2.0928   0.2178 
 -0.9053   0.8740  -0.4170   0.8926   0.7808  -0.0034  -0.6943   0.7764   0.7100   0.3066 
 -0.7075   0.8418  -0.5322   0.7871   0.8867   0.0986  -0.8345   0.7339  -0.8135   0.3945 
 -0.3633   0.7681  -0.4619   0.9307   0.9160   0.1646  -0.7939   0.7915   0.2920   0.4824 
 -0.3862   0.8193  -0.2939   0.6738   0.9019   0.2568  -0.8057   0.8569   1.3848   0.5376 
 -0.5420   0.8022  -0.3208   0.1157   0.8843   0.3550  -0.8213   0.9019   0.7681   0.5645 
 -0.6948   0.6460  -0.3257  -0.5469   0.9355   0.4238  -0.7837   1.0571  -0.5786   0.6772 
 -0.7188   0.4761  -0.2300  -1.5669   0.8633   0.5117  -0.7998   0.8267  -0.5703   0.8120 
 -0.6001   0.3345  -0.1167  -1.9956   0.6753   0.6323  -0.8135   0.8926   0.0908   0.8027 
 -0.5796  -1.0083  -0.1436   1.1528   0.8623   0.6968  -0.7217   0.7520   0.2896   0.8594 
 -0.6177  -1.6729  -0.1162   0.6592   0.8096   0.7686  -0.6880   0.8252  -0.0005   0.8398 
 -0.6821  -2.0186  -0.0034   2.3247   0.3457   0.9155  -0.5664   0.8618   0.0186   0.9189 
 -0.6323   1.9355   0.0356   0.9375  -0.2627   0.9341  -0.6987   0.8228   0.1016   0.9053 
 -0.8604   5.0269   0.0718   1.0449  -0.7969   0.9146  -0.7188   0.5225   0.0664   0.9072 
 -0.7744  -2.8047   0.2632   0.6543  -1.7910   0.9077  -0.6191   0.2441   0.0630   0.8457 
 -0.5918  -2.3911   0.3613   1.0068  -1.5313   0.9351  -0.5605  -0.4546   0.1675   0.8052 
 -0.6704  -1.4141   0.4751  -0.1699   1.8086   0.7710  -0.5557  -1.7104   0.0474   0.8115 
 -0.6729   1.1963   0.5317  -0.5645  -2.3154   0.7754  -0.6050  -1.7334  -0.0313   0.7852 
 -0.5190   0.6646   0.6675  -0.5552  -0.2656   0.7949  -0.6401  -0.0815   0.0034   0.4170 
 -0.8047   0.3726   0.7017   0.4180   1.4028   0.8413  -0.5498   3.0332   0.0752   0.3125 
 -0.7573   0.6675   0.7368   1.0015   1.5557   0.8647  -0.5083   5.2544  -0.0488  -0.0757 
 -0.5479   0.8838   0.8154   0.5742   1.1528   0.4287  -0.4170  -1.7847  -0.1216  -1.1875 
 -0.6865   0.5654   0.8779  -0.1519  -0.6909   0.0562  -0.4780  -0.4209  -0.0894  -1.4326 
 -0.5874   0.3340   0.8799  -0.6812  -0.6152  -0.8105  -0.4141  -1.0571   0.0107  -1.6304 
 -0.4556   0.1230   0.8647  -0.6646   0.6665  -1.7988  -0.4932   0.2856   0.1196   4.7017 
 -0.4639  -0.1777   0.8774  -0.5190   0.3403  -0.6055  -0.6816   1.0542   0.1763   3.1445 
 -0.5269  -0.5029   0.8599  -0.5132  -0.3125   1.0430  -0.8599   0.5449   0.1055  -1.8188 
 -0.8433  -0.5049   0.8628  -0.4736  -0.1772  -0.6377  -1.0151   0.1641   0.0933  -2.3867 
 -1.0142  -0.0688   0.7339  -0.5195   0.0332   1.7393  -0.9106  -0.2842   0.0444  -0.4199 
 -1.0220   0.1250   0.6626  -0.6001  -0.0132   1.5757  -1.3999  -0.4185  -0.0576   2.2222 
 -0.9482   0.1069   0.7197  -0.8262   0.1641   1.2100  -1.7368  -0.3237  -0.1021   0.9351 
 -0.3696   0.1040   0.7666  -0.9180   0.2695   1.3623  -1.1860  -0.2544  -0.0952   0.0845 
  0.2949  -0.2041   0.3931  -0.9839   0.2192   0.2139  -1.2466  -0.0791  -0.0439   0.0796 
  0.3955  -0.4790  -0.1592  -0.9336   0.1240  -1.0425  -1.3447   0.0703   0.0688   0.7080 
 -0.9629  -0.8120  -0.3989  -0.0791  -0.0830  -0.6611  -1.1274  -0.0430   0.1245   0.7212 
 -1.4976  -0.8457  -1.9937   0.5684  -0.0464   0.8076  -0.6230  -0.3374   0.1846   0.1592 
 -0.3135  -0.9453  -1.5610  -0.0908   0.0298   0.9507  -0.4390  -0.9478   0.1646  -0.0244 
  0.3647  -0.9678  -0.1147  -0.4302   0.0107   0.3521  -0.3242  -1.1895   0.0610  -0.0640 
  0.2769  -0.6567  -3.3706  -0.6479  -0.0337  -0.1812  -0.3574  -1.4126  -0.0332   0.2920 
 -0.5439  -0.8457   2.6157  -0.4189  -0.0757   0.0059  -0.2988  -0.6401   0.0264   0.3662 
 -1.1421  -1.1514   4.0176  -0.0420  -0.0254   0.2632  -0.3457  -0.3110   0.0923   0.1357 
 -1.1147  -0.9775   1.5708   0.2510   0.0161   0.3896  -0.3037  -0.3320   0.1782  -0.0557 
 -0.8691  -0.8320   0.6309   0.1001   0.0420   0.3398  -0.2964  -0.3618   0.1377  -0.2124 
 -0.8174  -0.7642   0.8125  -0.1602   0.0127   0.2817  -0.3496  -0.3721   0.0083  -0.3438 
 -1.1797  -0.6211  -0.7715  -0.3232  -0.0576   0.1758  -0.3784  -0.4082   0.0913  -0.4312 
 -0.0518  -0.6479  -0.6973  -0.3057   0.0015   0.2207  -0.3867  -0.0918   0.1318  -0.4702 
 -2.1768  -0.7793  -0.1650  -0.2021   0.0728   0.1948  -0.3516   0.1323   0.1392  -0.6118 
 -0.2939  -0.8789   0.6909  -0.2500   0.1030   0.0913  -0.4707   0.4097   0.1284  -0.6338 
  0.1582  -0.7949   1.1006  -0.4121   0.1069  -0.0103  -0.5439   0.3540   0.0293  -0.8276 
 -0.6230  -0.5596   0.8867  -0.4351   0.1001   0.0493  -0.5444   0.0137   0.0088  -0.8472 
 -0.6743  -0.4160   0.5029  -0.3784  -0.0879   0.0542  -0.4556  -0.2139   0.0308  -1.0039 
 -0.3955  -0.2710   0.4502  -0.2471  -0.1982   0.0103  -0.6133  -0.2256   0.0605  -1.0503 
 -0.4780   0.1978   0.5273  -0.1841  -0.1440  -0.0425  -0.6006  -0.1890   0.0313  -1.0386 
 -0.3657   0.5522   0.6973  -0.1768  -0.0454  -0.0264  -0.4932  -0.2773   0.0122  -0.5894 
 -0.0547   0.3691   0.6191  -0.2056   0.0688  -0.0952  -0.5405  -0.3486  -0.0029  -0.3677 
 -0.4551   0.0898   0.3198  -0.1914   0.1006  -0.2700  -0.4268  -0.3574   0.0684  -0.4702 
 -0.8008   0.0054   0.1855  -0.1274   0.0386  -0.2949  -0.3022  -0.3687   0.0508  -0.6479 
 -0.6909  -0.0854   0.3491  -0.0488  -0.1069  -0.0654  -0.2661  -0.3433   0.0522  -0.6660 
 -1.0410  -0.1680   0.3691  -0.0083  -0.0718   0.0420  -0.2056  -0.1797   0.0425  -0.4580 
 -1.3174  -0.3047   0.1831   0.0723  -0.0337  -0.0298  -0.1436  -0.0698   0.0776  -0.4038 
 -0.4297  -0.3560   0.0444   0.1714   0.0454  -0.1206  -0.1250  -0.0454   0.1216  -0.2808 
  0.2485  -0.2998   0.0947   0.1641   0.0210  -0.0820  -0.0933  -0.1055   0.0815   0.0894 
  1.4878  -0.2266   0.0420   0.0952  -0.0010  -0.1563  -0.1069  -0.1484   0.0513   0.1772 
 -0.3081  -0.2085   0.0791   0.0229  -0.0566  -0.3164   0.0059  -0.1787   0.0386   0.0684 
 -1.2310  -0.1675   0.1118   0.0112  -0.0527  -0.4106  -0.0244  -0.1235   0.1006  -0.1260 
  0.6196  -0.1060   0.1338   0.0278  -0.0376  -0.3862   0.0166  -0.0552   0.1030  -0.2808 
  0.9595   0.0068   0.0869   0.0000   0.0195  -0.3530   0.1416   0.0107   0.0249  -0.3491 
  0.7021   0.0820   0.0815  -0.0830  -0.0034  -0.3833   0.2246   0.0459   0.0103  -0.4502 
 -0.5830   0.0645   0.0176  -0.1255   0.0435  -0.2871   0.3091   0.0068   0.0654  -0.4907 
 -1.0806   0.0234  -0.1270  -0.1758   0.0527  -0.1636   0.4082   0.0322   0.0547  -0.4614 
 -1.2163  -0.0327  -0.1807  -0.1641   0.0254  -0.1660   0.4351   0.0127   0.0122  -0.4497 
 -1.0698  -0.0957  -0.1362  -0.1416  -0.0342  -0.2036   0.5732   0.0288  -0.0088  -0.4487 
 -0.9849  -0.1294  -0.1309  -0.1133  -0.0112  -0.2041   0.6226   0.0244   0.0083  -0.4888 
 -1.3418  -0.1279  -0.0781  -0.1113   0.0488  -0.1982   0.6274   0.0054  -0.0078  -0.5176 
 -0.1689  -0.1040   0.0117  -0.1167   0.0386  -0.1694   0.7231  -0.0576  -0.0029  -0.4492 
  0.2285  -0.1060  -0.0054  -0.1484  -0.0103  -0.1709   0.7656  -0.1094   0.0088  -0.2744 
 -0.1587  -0.1143  -0.0918  -0.1685   0.0479  -0.1934   0.8647  -0.0879  -0.0024  -0.0771 
 -0.8188  -0.1411  -0.1221  -0.1904   0.0981  -0.2202   0.7939  -0.0532  -0.0015   0.1353 
 -0.4946  -0.1802  -0.1426  -0.1738   0.1323  -0.1885   0.8516  -0.0742  -0.0229   0.2915 
 -0.3115  -0.1855  -0.1055  -0.1631   0.0957  -0.1475   0.8721  -0.0571  -0.0181   0.3433 
 -0.3628  -0.1733  -0.0742  -0.1826   0.0557  -0.0981   0.8193  -0.0874  -0.0332   0.2930 
 -0.2544  -0.1680  -0.1279  -0.2163   0.0640  -0.0698   0.7646  -0.1221   0.0132   0.2144 
 -0.3726  -0.2075  -0.1035  -0.1978   0.0435  -0.1104   0.6323  -0.1479   0.1035   0.1636 
 -0.8716  -0.2427  -0.0562  -0.2676  -0.0093  -0.0503   0.5928  -0.1816   0.0693   0.0869 
 -0.8281  -0.2783  -0.0225  -0.3428   0.0332  -0.0332   0.6660  -0.1909   0.0122  -0.0195 
 -0.9292  -0.3091   0.0088  -0.3799  -0.0039  -0.0215   0.5542  -0.1890   0.0088  -0.1387 
 -1.2300  -0.3247   0.0293  -0.4063  -0.0688  -0.0352   0.4360  -0.2002   0.0210  -0.1821 
  0.3159  -0.3232   0.0742  -0.4233  -0.0439  -0.0054  -0.2861  -0.2378   0.0688  -0.1323 
  1.9609  -0.3296   0.1167  -0.4424  -0.0205  -0.0122  -0.7275  -0.2700   0.0986  -0.1572 
  0.3535  -0.3374   0.1563  -0.4414   0.0527   0.0127  -1.6992  -0.2905   0.1909  -0.1196 
 -0.8276  -0.3535   0.2051  -0.4116   0.0708  -0.0186  -1.6968  -0.3242   0.2305  -0.1563 
 -0.8657  -0.3794   0.2573  -0.4429   0.1763  -0.0151   2.5610  -0.3813   0.2515  -0.1328 
  0.4199  -0.3691   0.3169  -0.3438   0.2378   0.0078   0.3354  -0.4360   0.2988  -0.0806 
  0.7241  -0.3159   0.3833  -0.2231   0.3149  -0.0068   0.2275  -0.4424   0.3208  -0.0483 
 -0.0874  -0.2520   0.3882   0.0425   0.3110  -0.0610   1.1294  -0.4429   0.3291  -0.0435 
 -0.7319  -0.1914   0.3145   0.5864   0.2314  -0.0249   1.9155  -0.4531   0.2676  -0.0488 
 -1.2197  -0.1060   0.2349   1.0288   0.1401   0.0679   1.3145  -0.5044   0.2280  -0.0791 
 -1.4131   0.0356   0.1665   0.8940  -0.0210   0.0220  -0.9609  -0.5366   0.1885  -0.0786 
 -1.0981   0.0000   0.0156   0.0000  -0.1060  -0.0425  -0.5796  -0.5376   0.1914  -0.1021 
 -0.8125   0.0000  -0.0708   0.0000  -0.1235  -0.0547   0.9492  -0.4897   0.1045  -0.1187 
 -0.8911   0.0000  -0.1318   0.0000  -0.0298  -0.0234   0.7437  -0.3643  -0.0122  -0.0928 
 -0.1206   0.0000  -0.0747   0.0000   0.1216   0.0605   0.1099  -0.1519  -0.0474  -0.0703 
 -0.0601   0.0000  -0.0083   0.0000   0.2051   0.1523  -0.0557   0.0405  -0.0474  -0.0913 
 -0.7476   0.0000  -0.0278   0.0000   0.2026   0.1362   0.1401   0.4619  -0.0522  -0.1079 
 -1.5288   0.0000  -0.0698   0.0000   0.0435   0.0786   0.3516   0.8247  -0.2593  -0.0889 
 -0.7686   0.0000  -0.0322   0.0000  -0.0269   0.0669   0.4136   0.9824  -0.2358   0.0513 
 -0.4810   0.0000   0.0181   0.0000   0.0410   0.0967   0.2227   0.6064  -0.0903  -0.5786 
 -0.2544   0.0000  -0.0400   0.0000   0.0703   0.0742   0.1543   0.0088  -0.0483  -1.3188 
 -0.5244   0.0000  -0.0938   0.0000   0.0894   0.0410   0.2407  -0.2427  -0.0820  -1.3398 
 -0.8511   0.0000   0.0210   0.0000   0.2021  -0.0332   0.3901  -0.2954  -0.1289  -0.8022 
 -0.8457   0.0000  -0.2183   0.0000   0.1167  -0.0313   0.3335  -0.3696  -0.3979  -0.5078 
 -0.7910   0.0000  -0.5591   0.0000  -0.1030   0.0674   0.2876  -0.4502  -1.1304  -0.6890 
 -0.7793   0.0000  -0.6699   0.0000  -0.1548  -0.0776   0.1880  -0.4575  -1.1118  -0.8682 
 -0.8369   0.0000  -0.7139   0.0000  -0.2681  -0.0649   0.1528  -0.3579  -0.5356  -0.8135 
 -0.9883   0.0000  -0.2881   0.0000  -0.4116  -0.0156   0.1987  -0.3599  -0.0576  -0.7568 
 -1.0137   0.0000  -0.1055   0.0000  -0.4106  -0.0093   0.1074  -0.4531   0.0444  -0.8101 
 -1.0410   0.0000  -0.4351   0.0000  -0.1870  -0.2031  -0.0146  -0.4985   0.0039  -0.8584 
 -0.8740   0.0000   0.0439   0.0000  -0.2061  -0.3081  -0.0591  -0.4434   0.0244  -0.8110 
 -0.5708   0.0000  -0.1133   0.0000  -0.5923  -0.1777   0.1196  -0.3262   0.5098  -0.8232 
 -0.4917   0.0000  -0.3286   0.0000  -0.7173  -0.2822   0.0981  -0.1973   0.9248  -0.8735 
 -0.5737   0.0000   0.4360   0.0000  -0.4043  -0.2822   0.0645  -0.1064   0.0000  -0.7769 
 -0.7983   0.0000   1.5640   0.0000  -0.0039   0.0000   0.0015  -0.0454   0.0000  -0.6353 
 -0.8076   0.0000   1.2505   0.0000   0.1948   0.0000  -0.1030   0.0078   0.0000  -0.5938 
 -0.7168   0.0000   0.5537   0.0000  -0.0010   0.0000  -0.1089   0.0591   0.0000  -0.6543 
 -0.6533   0.0000   0.0024   0.0000  -0.2036   0.0000  -0.1372   0.0815   0.0000  -0.7075 
 -0.7144   0.0000  -0.2939   0.0000  -0.1895   0.0000  -0.0542   0.0503   0.0000  -0.7354 
 -0.7197   0.0000  -0.3413   0.0000  -0.0117   0.0000  -0.1299   0.0156   0.0000  -0.6899 
 -0.6426   0.0000  -0.3813   0.0000   0.1963   0.0000  -0.0908   0.0254   0.0000  -0.6445 
 -0.5957   0.0000  -0.4751   0.0000   0.2402   0.0000  -0.1812   0.0220   0.0000  -0.6797 
 -0.4443   0.0000  -0.5981   0.0000   0.1411   0.0000  -0.0938   0.0225   0.0000  -0.7090 
 -0.4355   0.0000  -0.6748   0.0000   0.0000   0.0000  -0.0283  -0.0146   0.0000  -0.7456 
 -0.2441   0.0000  -0.6997   0.0000   0.0000   0.0000  -0.0762  -0.0918   0.0000  -0.7207 
 -0.2915   0.0000  -0.6846   0.0000   0.0000   0.0000  -0.1396  -0.1870   0.0000  -0.7402 
 -0.4766   0.0000  -0.5669   0.0000   0.0000   0.0000  -0.1855   0.0000   0.0000  -0.7559 
 -0.9619   0.0000  -0.3945   0.0000   0.0000   0.0000  -0.0791   0.0000   0.0000  -0.7773 
 -0.9946   0.0000  -0.3018   0.0000   0.0000   0.0000  -0.0361   0.0000   0.0000  -0.7666 
 -1.0952   0.0000  -0.2930   0.0000   0.0000   0.0000   0.0020   0.0000   0.0000  -0.7549 
 -1.4448   0.0000  -0.2695   0.0000   0.0000   0.0000  -0.0498   0.0000   0.0000  -0.7476 
 -1.3921   0.0000  -0.2192   0.0000   0.0000   0.0000  -0.0815   0.0000   0.0000  -0.7866 
 -1.2139   0.0000  -0.1470   0.0000   0.0000   0.0000  -0.0840   0.0000   0.0000  -0.7979 
 -0.9658   0.0000  -0.0845   0.0000   0.0000   0.0000  -0.1118   0.0000   0.0000  -0.8350 
 -0.8799   0.0000  -0.0889   0.0000   0.0000   0.0000  -0.1899   0.0000   0.0000  -0.8794 
 -0.8999   0.0000  -0.1289   0.0000   0.0000   0.0000  -0.1011   0.0000   0.0000  -0.8916 
 -0.7603   0.0000  -0.1387   0.0000   0.0000   0.0000   0.0322   0.0000   0.0000  -0.8228 
 -0.6426   0.0000  -0.0806   0.0000   0.0000   0.0000   0.0400   0.0000   0.0000  -0.7764 
 -0.4917   0.0000   0.0151   0.0000   0.0000   0.0000  -0.0586   0.0000   0.0000  -0.8281 
 -0.3755   0.0000   0.0664   0.0000   0.0000   0.0000   0.0498   0.0000   0.0000  -0.9165 
 -0.3843   0.0000   0.0229   0.0000   0.0000   0.0000   0.1128   0.0000   0.0000  -0.8799 
 -0.4229   0.0000  -0.0820   0.0000   0.0000   0.0000   0.1606   0.0000   0.0000  -0.8530 
 -0.3945   0.0000  -0.1733   0.0000   0.0000   0.0000   0.0913   0.0000   0.0000  -0.8257 
 -0.3364   0.0000  -0.2183   0.0000   0.0000   0.0000   0.0986   0.0000   0.0000  -0.8403 
 -0.3403   0.0000  -0.2109   0.0000   0.0000   0.0000   0.1211   0.0000   0.0000  -0.8550 
 -0.4492   0.0000  -0.2290   0.0000   0.0000   0.0000   0.2085   0.0000   0.0000  -0.8501 
 -0.4243   0.0000  -0.2681   0.0000   0.0000   0.0000   0.2222   0.0000   0.0000  -0.8623 
 -0.4380   0.0000  -0.3789   0.0000   0.0000   0.0000   0.2568   0.0000   0.0000  -0.8057 
 -0.4644   0.0000  -0.4927   0.0000   0.0000   0.0000   0.3096   0.0000   0.0000  -0.6973 
 -0.5205   0.0000  -0.5195   0.0000   0.0000   0.0000   0.2466   0.0000   0.0000  -0.6504 
 -0.6016   0.0000  -0.4854   0.0000   0.0000   0.0000   0.1309   0.0000   0.0000  -0.6392 
 -0.4912   0.0000  -0.4414   0.0000   0.0000   0.0000   0.0083   0.0000   0.0000  -0.5127 
 -0.4277   0.0000  -0.4297   0.0000   0.0000   0.0000  -0.0078   0.0000   0.0000  -0.6011 
 -0.5225   0.0000  -0.4878   0.0000   0.0000   0.0000   0.0239   0.0000   0.0000  -0.6533 
 -0.4219   0.0000  -0.5273   0.0000   0.0000   0.0000   0.0786   0.0000   0.0000  -0.7642 
 -0.2710   0.0000  -0.5371   0.0000   0.0000   0.0000   0.0884   0.0000   0.0000  -0.4668 
 -0.3428   0.0000  -0.5884   0.0000   0.0000   0.0000  -0.0005   0.0000   0.0000  -0.5361 
 -0.3472   0.0000  -0.6523   0.0000   0.0000   0.0000  -0.1309   0.0000   0.0000  -0.5664 
 -0.3213   0.0000  -0.6748   0.0000   0.0000   0.0000  -0.0713   0.0000   0.0000   0.0000 
 -0.2773   0.0000  -0.6299   0.0000   0.0000   0.0000   0.0493   0.0000   0.0000   0.0000 
 -0.2344   0.0000  -0.6411   0.0000   0.0000   0.0000  -0.0054   0.0000   0.0000   0.0000 
 -0.2407   0.0000  -0.7114   0.0000   0.0000   0.0000   0.0273   0.0000   0.0000   0.0000 
 -0.2275   0.0000  -0.7661   0.0000   0.0000   0.0000   0.0308   0.0000   0.0000   0.0000 
 -0.0776   0.0000  -0.7866   0.0000   0.0000   0.0000   0.0054   0.0000   0.0000   0.0000 
 -0.0015   0.0000  -0.7407   0.0000   0.0000   0.0000  -0.2500   0.0000   0.0000   0.0000 
 -0.0742   0.0000  -0.7368   0.0000   0.0000   0.0000  -0.2119   0.0000   0.0000   0.0000 
  0.0361   0.0000  -0.7788   0.0000   0.0000   0.0000  -0.5444   0.0000   0.0000   0.0000 
  0.1226   0.0000  -0.8242   0.0000   0.0000   0.0000  -1.3550   0.0000   0.0000   0.0000 
  0.1865   0.0000  -0.7881   0.0000   0.0000   0.0000  -0.7085   0.0000   0.0000   0.0000 
  0.3457   0.0000  -0.7759   0.0000   0.0000   0.0000   0.1450   0.0000   0.0000   0.0000 
  0.4663   0.0000  -0.7534   0.0000   0.0000   0.0000   0.1533   0.0000   0.0000   0.0000 
  0.5454   0.0000  -0.7314   0.0000   0.0000   0.0000  -0.1284   0.0000   0.0000   0.0000 
  0.6387   0.0000  -0.7778   0.0000   0.0000   0.0000  -0.9790   0.0000   0.0000   0.0000 
  0.7026   0.0000  -0.8174   0.0000   0.0000   0.0000  -0.3262   0.0000   0.0000   0.0000 
  0.7534   0.0000  -0.8130   0.0000   0.0000   0.0000   0.3354   0.0000   0.0000   0.0000 
  0.7998   0.0000  -0.7847   0.0000   0.0000   0.0000   0.1196   0.0000   0.0000   0.0000 
  0.8423   0.0000  -0.7383   0.0000   0.0000   0.0000  -0.0444   0.0000   0.0000   0.0000 
  0.8770   0.0000  -0.7266   0.0000   0.0000   0.0000  -0.1772   0.0000   0.0000   0.0000 
  0.8271   0.0000  -0.6958   0.0000   0.0000   0.0000  -0.1714   0.0000   0.0000   0.0000 
  0.8750   0.0000  -0.6934   0.0000   0.0000   0.0000  -0.1597   0.0000   0.0000   0.0000 
  0.8579   0.0000  -0.7368   0.0000   0.0000   0.0000   0.0000   0.0000   0.0000   0.0000 
  0.8857   0.0000  -0.6846   0.0000   0.0000   0.0000   0.0000   0.0000   0.0000   0.0000 
  0.8101   0.0000  -0.5962   0.0000   0.0000   0.0000   0.0000   0.0000   0.0000   0.0000 
  0.7422   0.0000  -0.5537   0.0000   0.0000   0.0000   0.0000   0.0000   0.0000   0.0000 
  0.9448   0.0000  -0.5767   0.0000   0.0000   0.0000   0.0000   0.0000   0.0000   0.0000 
  0.6201   0.0000  -0.5801   0.0000   0.0000   0.0000   0.0000   0.0000   0.0000   0.0000 
  0.3350   0.0000  -0.5371   0.0000   0.0000   0.0000   0.0000   0.0000   0.0000   0.0000 
 -0.1392   0.0000  -0.4961   0.0000   0.0000   0.0000   0.0000   0.0000   0.0000   0.0000 
 -1.4199   0.0000  -0.4819   0.0000   0.0000   0.0000   0.0000   0.0000   0.0000   0.0000 
 -1.8071   0.0000  -0.4375   0.0000   0.0000   0.0000   0.0000   0.0000   0.0000   0.0000 
 -0.9204   0.0000  -0.3271   0.0000   0.0000   0.0000   0.0000   0.0000   0.0000   0.0000 
  1.3237   0.0000  -0.2969   0.0000   0.0000   0.0000   0.0000   0.0000   0.0000   0.0000 
  0.2134   0.0000  -0.3433   0.0000   0.0000   0.0000   0.0000   0.0000   0.0000   0.0000 
  1.6934   0.0000  -0.3486   0.0000   0.0000   0.0000   0.0000   0.0000   0.0000   0.0000 
  1.4336   0.0000  -0.3467   0.0000   0.0000   0.0000   0.0000   0.0000   0.0000   0.0000 
 -0.8970   0.0000  -0.3081   0.0000   0.0000   0.0000   0.0000   0.0000   0.0000   0.0000 
  0.6294   0.0000  -0.2788   0.0000   0.0000   0.0000   0.0000   0.0000   0.0000   0.0000 
  0.4229   0.0000  -0.2788   0.0000   0.0000   0.0000   0.0000   0.0000   0.0000   0.0000 
 -0.6851   0.0000  -0.3140   0.0000   0.0000   0.0000   0.0000   0.0000   0.0000   0.0000 
 -0.7529   0.0000   0.0532   0.0000   0.0000   0.0000   0.0000   0.0000   0.0000   0.0000 
  0.2100   0.0000  -1.8799   0.0000   0.0000   0.0000   0.0000   0.0000   0.0000   0.0000 
  0.9287   0.0000  -1.2021   0.0000   0.0000   0.0000   0.0000   0.0000   0.0000   0.0000 
  0.0938   0.0000   0.4546   0.0000   0.0000   0.0000   0.0000   0.0000   0.0000   0.0000 
 -0.3301   0.0000  -0.4131   0.0000   0.0000   0.0000   0.0000   0.0000   0.0000   0.0000 
 -0.2651   0.0000  -0.1606   0.0000   0.0000   0.0000   0.0000   0.0000   0.0000   0.0000 
  0.0757   0.0000  -0.7383   0.0000   0.0000   0.0000   0.0000   0.0000   0.0000   0.0000 
  0.1411   0.0000  -0.2109   0.0000   0.0000   0.0000   0.0000   0.0000   0.0000   0.0000 
  0.0723   0.0000  -0.2188   0.0000   0.0000   0.0000   0.0000   0.0000   0.0000   0.0000 
  0.1890   0.0000  -0.2148   0.0000   0.0000   0.0000   0.0000   0.0000   0.0000   0.0000 
  0.2632   0.0000  -0.3340   0.0000   0.0000   0.0000   0.0000   0.0000   0.0000   0.0000 
  0.1421   0.0000  -0.5571   0.0000   0.0000   0.0000   0.0000   0.0000   0.0000   0.0000 
  0.1313   0.0000  -0.7534   0.0000   0.0000   0.0000   0.0000   0.0000   0.0000   0.0000 
  0.1265   0.0000  -0.9492   0.0000   0.0000   0.0000   0.0000   0.0000   0.0000   0.0000 
  0.0664   0.0000  -0.9292   0.0000   0.0000   0.0000   0.0000   0.0000   0.0000   0.0000 
 -0.0107   0.0000  -0.8081   0.0000   0.0000   0.0000   0.0000   0.0000   0.0000   0.0000 
  0.0083   0.0000   0.1846   0.0000   0.0000   0.0000   0.0000   0.0000   0.0000   0.0000 
  0.0049   0.0000   0.7725   0.0000   0.0000   0.0000   0.0000   0.0000   0.0000   0.0000 
  0.0024   0.0000   0.3423   0.0000   0.0000   0.0000   0.0000   0.0000   0.0000   0.0000 
  0.0630   0.0000  -0.3071   0.0000   0.0000   0.0000   0.0000   0.0000   0.0000   0.0000 
  0.0332   0.0000  -0.4360   0.0000   0.0000   0.0000   0.0000   0.0000   0.0000   0.0000 
  0.0054   0.0000   0.1885   0.0000   0.0000   0.0000   0.0000   0.0000   0.0000   0.0000 
  0.0059   0.0000   0.1626   0.0000   0.0000   0.0000   0.0000   0.0000   0.0000   0.0000 
 -0.0557   0.0000  -0.0039   0.0000   0.0000   0.0000   0.0000   0.0000   0.0000   0.0000 
 -0.1323   0.0000  -0.4570   0.0000   0.0000   0.0000   0.0000   0.0000   0.0000   0.0000 
 -0.1465   0.0000  -0.9038   0.0000   0.0000   0.0000   0.0000   0.0000   0.0000   0.0000 
 -0.1636   0.0000  -0.9595   0.0000   0.0000   0.0000   0.0000   0.0000   0.0000   0.0000 
 -0.1914   0.0000  -1.1372   0.0000   0.0000   0.0000   0.0000   0.0000   0.0000   0.0000 
 -0.1816   0.0000  -1.0488   0.0000   0.0000   0.0000   0.0000   0.0000   0.0000   0.0000 
 -0.1421   0.0000  -1.5005   0.0000   0.0000   0.0000   0.0000   0.0000   0.0000   0.0000 
 -0.1021   0.0000  -0.6699   0.0000   0.0000   0.0000   0.0000   0.0000   0.0000   0.0000 
 -0.1299   0.0000  -0.5259   0.0000   0.0000   0.0000   0.0000   0.0000   0.0000   0.0000 
 -0.1753   0.0000  -0.2407   0.0000   0.0000   0.0000   0.0000   0.0000   0.0000   0.0000 
 -0.2485   0.0000  -0.6226   0.0000   0.0000   0.0000   0.0000   0.0000   0.0000   0.0000 
 -0.2017   0.0000  -0.5127   0.0000   0.0000   0.0000   0.0000   0.0000   0.0000   0.0000 
 -0.1909   0.0000  -0.4009   0.0000   0.0000   0.0000   0.0000   0.0000   0.0000   0.0000 
 -0.2241   0.0000  -0.1318   0.0000   0.0000   0.0000   0.0000   0.0000   0.0000   0.0000 
 -0.2363   0.0000  -0.5562   0.0000   0.0000   0.0000   0.0000   0.0000   0.0000   0.0000 
 -0.1846   0.0000  -0.3457   0.0000   0.0000   0.0000   0.0000   0.0000   0.0000   0.0000 
 -0.1084   0.0000  -0.7510   0.0000   0.0000   0.0000   0.0000   0.0000   0.0000   0.0000 
 -0.0581   0.0000   0.0000   0.0000   0.0000   0.0000   0.0000   0.0000   0.0000   0.0000 
 -0.0957   0.0000   0.0000   0.0000   0.0000   0.0000   0.0000   0.0000   0.0000   0.0000 
 -0.1162   0.0000   0.0000   0.0000   0.0000   0.0000   0.0000   0.0000   0.0000   0.0000 
 -0.0986   0.0000   0.0000   0.0000   0.0000   0.0000   0.0000   0.0000   0.0000   0.0000 
 -0.0664   0.0000   0.0000   0.0000   0.0000   0.0000   0.0000   0.0000   0.0000   0.0000 
 -0.0513   0.0000   0.0000   0.0000   0.0000   0.0000   0.0000   0.0000   0.0000   0.0000 
 -0.0723   0.0000   0.0000   0.0000   0.0000   0.0000   0.0000   0.0000   0.0000   0.0000 
 -0.0898   0.0000   0.0000   0.0000   0.0000   0.0000   0.0000   0.0000   0.0000   0.0000 
 -0.1045   0.0000   0.0000   0.0000   0.0000   0.0000   0.0000   0.0000   0.0000   0.0000 
  0.0000   0.0000   0.0000   0.0000   0.0000   0.0000   0.0000   0.0000   0.0000   0.0000 
  0.0825   0.0000   0.0000   0.0000   0.0000   0.0000   0.0000   0.0000   0.0000   0.0000 
  0.0811   0.0000   0.0000   0.0000   0.0000   0.0000   0.0000   0.0000   0.0000   0.0000 
  0.0703   0.0000   0.0000   0.0000   0.0000   0.0000   0.0000   0.0000   0.0000   0.0000 
  0.0879   0.0000   0.0000   0.0000   0.0000   0.0000   0.0000   0.0000   0.0000   0.0000 
  0.1450   0.0000   0.0000   0.0000   0.0000   0.0000   0.0000   0.0000   0.0000   0.0000 
  0.1914   0.0000   0.0000   0.0000   0.0000   0.0000   0.0000   0.0000   0.0000   0.0000 
  0.1333   0.0000   0.0000   0.0000   0.0000   0.0000   0.0000   0.0000   0.0000   0.0000 
  0.1118   0.0000   0.0000   0.0000   0.0000   0.0000   0.0000   0.0000   0.0000   0.0000 
  0.0728   0.0000   0.0000   0.0000   0.0000   0.0000   0.0000   0.0000   0.0000   0.0000 
  0.0825   0.0000   0.0000   0.0000   0.0000   0.0000   0.0000   0.0000   0.0000   0.0000 
  0.1040   0.0000   0.0000   0.0000   0.0000   0.0000   0.0000   0.0000   0.0000   0.0000 
  0.1372   0.0000   0.0000   0.0000   0.0000   0.0000   0.0000   0.0000   0.0000   0.0000 
  0.1226   0.0000   0.0000   0.0000   0.0000   0.0000   0.0000   0.0000   0.0000   0.0000 
  0.1035   0.0000   0.0000   0.0000   0.0000   0.0000   0.0000   0.0000   0.0000   0.0000 
  0.0801   0.0000   0.0000   0.0000   0.0000   0.0000   0.0000   0.0000   0.0000   0.0000 
  0.1069   0.0000   0.0000   0.0000   0.0000   0.0000   0.0000   0.0000   0.0000   0.0000 
  0.1587   0.0000   0.0000   0.0000   0.0000   0.0000   0.0000   0.0000   0.0000   0.0000 
  0.1938   0.0000   0.0000   0.0000   0.0000   0.0000   0.0000   0.0000   0.0000   0.0000 
  0.2061   0.0000   0.0000   0.0000   0.0000   0.0000   0.0000   0.0000   0.0000   0.0000 
  0.2061   0.0000   0.0000   0.0000   0.0000   0.0000   0.0000   0.0000   0.0000   0.0000 
  0.1870   0.0000   0.0000   0.0000   0.0000   0.0000   0.0000   0.0000   0.0000   0.0000 
  0.1543   0.0000   0.0000   0.0000   0.0000   0.0000   0.0000   0.0000   0.0000   0.0000 
  0.1040   0.0000   0.0000   0.0000   0.0000   0.0000   0.0000   0.0000   0.0000   0.0000 
  0.1338   0.0000   0.0000   0.0000   0.0000   0.0000   0.0000   0.0000   0.0000   0.0000 
  0.1255   0.0000   0.0000   0.0000   0.0000   0.0000   0.0000   0.0000   0.0000   0.0000 
  0.1055   0.0000   0.0000   0.0000   0.0000   0.0000   0.0000   0.0000   0.0000   0.0000 
  0.0303   0.0000   0.0000   0.0000   0.0000   0.0000   0.0000   0.0000   0.0000   0.0000 
  0.0405   0.0000   0.0000   0.0000   0.0000   0.0000   0.0000   0.0000   0.0000   0.0000 
  0.0713   0.0000   0.0000   0.0000   0.0000   0.0000   0.0000   0.0000   0.0000   0.0000 
  0.0723   0.0000   0.0000   0.0000   0.0000   0.0000   0.0000   0.0000   0.0000   0.0000 
 -0.0527   0.0000   0.0000   0.0000   0.0000   0.0000   0.0000   0.0000   0.0000   0.0000 
 -0.0342   0.0000   0.0000   0.0000   0.0000   0.0000   0.0000   0.0000   0.0000   0.0000 
  0.1216   0.0000   0.0000   0.0000   0.0000   0.0000   0.0000   0.0000   0.0000   0.0000 
  0.2744   0.0000   0.0000   0.0000   0.0000   0.0000   0.0000   0.0000   0.0000   0.0000 
  0.0518   0.0000   0.0000   0.0000   0.0000   0.0000   0.0000   0.0000   0.0000   0.0000 
 -0.2290   0.0000   0.0000   0.0000   0.0000   0.0000   0.0000   0.0000   0.0000   0.0000 
 -0.4648   0.0000   0.0000   0.0000   0.0000   0.0000   0.0000   0.0000   0.0000   0.0000 
 -0.6055   0.0000   0.0000   0.0000   0.0000   0.0000   0.0000   0.0000   0.0000   0.0000 
 -0.5205   0.0000   0.0000   0.0000   0.0000   0.0000   0.0000   0.0000   0.0000   0.0000 
 -0.5332   0.0000   0.0000   0.0000   0.0000   0.0000   0.0000   0.0000   0.0000   0.0000 
 -1.1641   0.0000   0.0000   0.0000   0.0000   0.0000   0.0000   0.0000   0.0000   0.0000 
 -0.4556   0.0000   0.0000   0.0000   0.0000   0.0000   0.0000   0.0000   0.0000   0.0000 
  0.4165   0.0000   0.0000   0.0000   0.0000   0.0000   0.0000   0.0000   0.0000   0.0000 
  0.1392   0.0000   0.0000   0.0000   0.0000   0.0000   0.0000   0.0000   0.0000   0.0000 
 -0.4282   0.0000   0.0000   0.0000   0.0000   0.0000   0.0000   0.0000   0.0000   0.0000 
 -1.3354   0.0000   0.0000   0.0000   0.0000   0.0000   0.0000   0.0000   0.0000   0.0000 
 -0.6812   0.0000   0.0000   0.0000   0.0000   0.0000   0.0000   0.0000   0.0000   0.0000 
  0.3828   0.0000   0.0000   0.0000   0.0000   0.0000   0.0000   0.0000   0.0000   0.0000 
  0.8364   0.0000   0.0000   0.0000   0.0000   0.0000   0.0000   0.0000   0.0000   0.0000 
  0.5605   0.0000   0.0000   0.0000   0.0000   0.0000   0.0000   0.0000   0.0000   0.0000 
  0.1113   0.0000   0.0000   0.0000   0.0000   0.0000   0.0000   0.0000   0.0000   0.0000 
 -0.0039   0.0000   0.0000   0.0000   0.0000   0.0000   0.0000   0.0000   0.0000   0.0000 
  0.0000   0.0000   0.0000   0.0000   0.0000   0.0000   0.0000   0.0000   0.0000   0.0000 
  0.0000   0.0000   0.0000   0.0000   0.0000   0.0000   0.0000   0.0000   0.0000   0.0000 
  0.0000   0.0000   0.0000   0.0000   0.0000   0.0000   0.0000   0.0000   0.0000   0.0000 
  0.0000   0.0000   0.0000   0.0000   0.0000   0.0000   0.0000   0.0000   0.0000   0.0000 
  0.0000   0.0000   0.0000   0.0000   0.0000   0.0000   0.0000   0.0000   0.0000   0.0000 
  0.0000   0.0000   0.0000   0.0000   0.0000   0.0000   0.0000   0.0000   0.0000   0.0000 
  0.0000   0.0000   0.0000   0.0000   0.0000   0.0000   0.0000   0.0000   0.0000   0.0000 
  0.0000   0.0000   0.0000   0.0000   0.0000   0.0000   0.0000   0.0000   0.0000   0.0000 
  0.0000   0.0000   0.0000   0.0000   0.0000   0.0000   0.0000   0.0000   0.0000   0.0000 
  0.0000   0.0000   0.0000   0.0000   0.0000   0.0000   0.0000   0.0000   0.0000   0.0000 
  0.0000   0.0000   0.0000   0.0000   0.0000   0.0000   0.0000   0.0000   0.0000   0.0000 
  0.0000   0.0000   0.0000   0.0000   0.0000   0.0000   0.0000   0.0000   0.0000   0.0000 
  0.0000   0.0000   0.0000   0.0000   0.0000   0.0000   0.0000   0.0000   0.0000   0.0000 
  0.0000   0.0000   0.0000   0.0000   0.0000   0.0000   0.0000   0.0000   0.0000   0.0000 
  0.0000   0.0000   0.0000   0.0000   0.0000   0.0000   0.0000   0.0000   0.0000   0.0000 
  0.0000   0.0000   0.0000   0.0000   0.0000   0.0000   0.0000   0.0000   0.0000   0.0000 
  0.0000   0.0000   0.0000   0.0000   0.0000   0.0000   0.0000   0.0000   0.0000   0.0000 
  0.0000   0.0000   0.0000   0.0000   0.0000   0.0000   0.0000   0.0000   0.0000   0.0000 
  0.0000   0.0000   0.0000   0.0000   0.0000   0.0000   0.0000   0.0000   0.0000   0.0000 
  0.0000   0.0000   0.0000   0.0000   0.0000   0.0000   0.0000   0.0000   0.0000   0.0000 
  0.0000   0.0000   0.0000   0.0000   0.0000   0.0000   0.0000   0.0000   0.0000   0.0000 
  0.0000   0.0000   0.0000   0.0000   0.0000   0.0000   0.0000   0.0000   0.0000   0.0000 
  0.0000   0.0000   0.0000   0.0000   0.0000   0.0000   0.0000   0.0000   0.0000   0.0000 
  0.0000   0.0000   0.0000   0.0000   0.0000   0.0000   0.0000   0.0000   0.0000   0.0000 
  0.0000   0.0000   0.0000   0.0000   0.0000   0.0000   0.0000   0.0000   0.0000   0.0000 
  0.0000   0.0000   0.0000   0.0000   0.0000   0.0000   0.0000   0.0000   0.0000   0.0000 
  0.0000   0.0000   0.0000   0.0000   0.0000   0.0000   0.0000   0.0000   0.0000   0.0000 
  0.0000   0.0000   0.0000   0.0000   0.0000   0.0000   0.0000   0.0000   0.0000   0.0000 
  0.0000   0.0000   0.0000   0.0000   0.0000   0.0000   0.0000   0.0000   0.0000   0.0000 
  0.0000   0.0000   0.0000   0.0000   0.0000   0.0000   0.0000   0.0000   0.0000   0.0000 
  0.0000   0.0000   0.0000   0.0000   0.0000   0.0000   0.0000   0.0000   0.0000   0.0000 
  0.0000   0.0000   0.0000   0.0000   0.0000   0.0000   0.0000   0.0000   0.0000   0.0000 
  0.0000   0.0000   0.0000   0.0000   0.0000   0.0000   0.0000   0.0000   0.0000   0.0000 
  0.0000   0.0000   0.0000   0.0000   0.0000   0.0000   0.0000   0.0000   0.0000   0.0000 
  0.0000   0.0000   0.0000   0.0000   0.0000   0.0000   0.0000   0.0000   0.0000   0.0000 
  0.0000   0.0000   0.0000   0.0000   0.0000   0.0000   0.0000   0.0000   0.0000   0.0000 
  0.0000   0.0000   0.0000   0.0000   0.0000   0.0000   0.0000   0.0000   0.0000   0.0000 
  0.0000   0.0000   0.0000   0.0000   0.0000   0.0000   0.0000   0.0000   0.0000   0.0000 
  0.0000   0.0000   0.0000   0.0000   0.0000   0.0000   0.0000   0.0000   0.0000   0.0000 
  0.0000   0.0000   0.0000   0.0000   0.0000   0.0000   0.0000   0.0000   0.0000   0.0000 
  0.0000   0.0000   0.0000   0.0000   0.0000   0.0000   0.0000   0.0000   0.0000   0.0000 
  0.0000   0.0000   0.0000   0.0000   0.0000   0.0000   0.0000   0.0000   0.0000   0.0000 
  0.0000   0.0000   0.0000   0.0000   0.0000   0.0000   0.0000   0.0000   0.0000   0.0000 
  0.0000   0.0000   0.0000   0.0000   0.0000   0.0000   0.0000   0.0000   0.0000   0.0000 
  0.0000   0.0000   0.0000   0.0000   0.0000   0.0000   0.0000   0.0000   0.0000   0.0000 
  0.0000   0.0000   0.0000   0.0000   0.0000   0.0000   0.0000   0.0000   0.0000   0.0000 
  0.0000   0.0000   0.0000   0.0000   0.0000   0.0000   0.0000   0.0000   0.0000   0.0000 
  0.0000   0.0000   0.0000   0.0000   0.0000   0.0000   0.0000   0.0000   0.0000   0.0000 
  0.0000   0.0000   0.0000   0.0000   0.0000   0.0000   0.0000   0.0000   0.0000   0.0000 
  0.0000   0.0000   0.0000   0.0000   0.0000   0.0000   0.0000   0.0000   0.0000   0.0000 
  0.0000   0.0000   0.0000   0.0000   0.0000   0.0000   0.0000   0.0000   0.0000   0.0000 
  0.0000   0.0000   0.0000   0.0000   0.0000   0.0000   0.0000   0.0000   0.0000   0.0000 
  0.0000   0.0000   0.0000   0.0000   0.0000   0.0000   0.0000   0.0000   0.0000   0.0000 
  0.0000   0.0000   0.0000   0.0000   0.0000   0.0000   0.0000   0.0000   0.0000   0.0000 
  0.0000   0.0000   0.0000   0.0000   0.0000   0.0000   0.0000   0.0000   0.0000   0.0000 
  0.0000   0.0000   0.0000   0.0000   0.0000   0.0000   0.0000   0.0000   0.0000   0.0000 
  0.0000   0.0000   0.0000   0.0000   0.0000   0.0000   0.0000   0.0000   0.0000   0.0000 
  0.0000   0.0000   0.0000   0.0000   0.0000   0.0000   0.0000   0.0000   0.0000   0.0000 
  0.0000   0.0000   0.0000   0.0000   0.0000   0.0000   0.0000   0.0000   0.0000   0.0000 
  0.0000   0.0000   0.0000   0.0000   0.0000   0.0000   0.0000   0.0000   0.0000   0.0000 
  0.0000   0.0000   0.0000   0.0000   0.0000   0.0000   0.0000   0.0000   0.0000   0.0000 
  0.0000   0.0000   0.0000   0.0000   0.0000   0.0000   0.0000   0.0000   0.0000   0.0000 
  0.0000   0.0000   0.0000   0.0000   0.0000   0.0000   0.0000   0.0000   0.0000   0.0000 
  0.0000   0.0000   0.0000   0.0000   0.0000   0.0000   0.0000   0.0000   0.0000   0.0000 
  0.0000   0.0000   0.0000   0.0000   0.0000   0.0000   0.0000   0.0000   0.0000   0.0000 
  0.0000   0.0000   0.0000   0.0000   0.0000   0.0000   0.0000   0.0000   0.0000   0.0000 
  0.0000   0.0000   0.0000   0.0000   0.0000   0.0000   0.0000   0.0000   0.0000   0.0000 
  0.0000   0.0000   0.0000   0.0000   0.0000   0.0000   0.0000   0.0000   0.0000   0.0000 
  0.0000   0.0000   0.0000   0.0000   0.0000   0.0000   0.0000   0.0000   0.0000   0.0000 
  0.0000   0.0000   0.0000   0.0000   0.0000   0.0000   0.0000   0.0000   0.0000   0.0000 
  0.0000   0.0000   0.0000   0.0000   0.0000   0.0000   0.0000   0.0000   0.0000   0.0000 
  0.0000   0.0000   0.0000   0.0000   0.0000   0.0000   0.0000   0.0000   0.0000   0.0000 
  0.0000   0.0000   0.0000   0.0000   0.0000   0.0000   0.0000   0.0000   0.0000   0.0000 
  0.0000   0.0000   0.0000   0.0000   0.0000   0.0000   0.0000   0.0000   0.0000   0.0000 
  0.0000   0.0000   0.0000   0.0000   0.0000   0.0000   0.0000   0.0000   0.0000   0.0000 
  0.0000   0.0000   0.0000   0.0000   0.0000   0.0000   0.0000   0.0000   0.0000   0.0000 
  0.0000   0.0000   0.0000   0.0000   0.0000   0.0000   0.0000   0.0000   0.0000   0.0000 
  0.0000   0.0000   0.0000   0.0000   0.0000   0.0000   0.0000   0.0000   0.0000   0.0000 
  0.0000   0.0000   0.0000   0.0000   0.0000   0.0000   0.0000   0.0000   0.0000   0.0000 
  0.0000   0.0000   0.0000   0.0000   0.0000   0.0000   0.0000   0.0000   0.0000   0.0000 
  0.0000   0.0000   0.0000   0.0000   0.0000   0.0000   0.0000   0.0000   0.0000   0.0000 
  0.0000   0.0000   0.0000   0.0000   0.0000   0.0000   0.0000   0.0000   0.0000   0.0000 
  0.0000   0.0000   0.0000   0.0000   0.0000   0.0000   0.0000   0.0000   0.0000   0.0000 
  0.0000   0.0000   0.0000   0.0000   0.0000   0.0000   0.0000   0.0000   0.0000   0.0000 
  0.0000   0.0000   0.0000   0.0000   0.0000   0.0000   0.0000   0.0000   0.0000   0.0000 
  0.0000   0.0000   0.0000   0.0000   0.0000   0.0000   0.0000   0.0000   0.0000   0.0000 
  0.0000   0.0000   0.0000   0.0000   0.0000   0.0000   0.0000   0.0000   0.0000   0.0000 
  0.0000   0.0000   0.0000   0.0000   0.0000   0.0000   0.0000   0.0000   0.0000   0.0000 
  0.0000   0.0000   0.0000   0.0000   0.0000   0.0000   0.0000   0.0000   0.0000   0.0000 
  0.0000   0.0000   0.0000   0.0000   0.0000   0.0000   0.0000   0.0000   0.0000   0.0000 
  0.0000   0.0000   0.0000   0.0000   0.0000   0.0000   0.0000   0.0000   0.0000   0.0000 
  0.0000   0.0000   0.0000   0.0000   0.0000   0.0000   0.0000   0.0000   0.0000   0.0000 
  0.0000   0.0000   0.0000   0.0000   0.0000   0.0000   0.0000   0.0000   0.0000   0.0000 
  0.0000   0.0000   0.0000   0.0000   0.0000   0.0000   0.0000   0.0000   0.0000   0.0000 
  0.0000   0.0000   0.0000   0.0000   0.0000   0.0000   0.0000   0.0000   0.0000   0.0000 
  0.0000   0.0000   0.0000   0.0000   0.0000   0.0000   0.0000   0.0000   0.0000   0.0000 
  0.0000   0.0000   0.0000   0.0000   0.0000   0.0000   0.0000   0.0000   0.0000   0.0000 
  0.0000   0.0000   0.0000   0.0000   0.0000   0.0000   0.0000   0.0000   0.0000   0.0000 
  0.0000   0.0000   0.0000   0.0000   0.0000   0.0000   0.0000   0.0000   0.0000   0.0000 
  0.0000   0.0000   0.0000   0.0000   0.0000   0.0000   0.0000   0.0000   0.0000   0.0000 
  0.0000   0.0000   0.0000   0.0000   0.0000   0.0000   0.0000   0.0000   0.0000   0.0000 
  0.0000   0.0000   0.0000   0.0000   0.0000   0.0000   0.0000   0.0000   0.0000   0.0000 
  0.0000   0.0000   0.0000   0.0000   0.0000   0.0000   0.0000   0.0000   0.0000   0.0000 
  0.0000   0.0000   0.0000   0.0000   0.0000   0.0000   0.0000   0.0000   0.0000   0.0000 
  0.0000   0.0000   0.0000   0.0000   0.0000   0.0000   0.0000   0.0000   0.0000   0.0000 
  0.0000   0.0000   0.0000   0.0000   0.0000   0.0000   0.0000   0.0000   0.0000   0.0000 
  0.0000   0.0000   0.0000   0.0000   0.0000   0.0000   0.0000   0.0000   0.0000   0.0000 
  0.0000   0.0000   0.0000   0.0000   0.0000   0.0000   0.0000   0.0000   0.0000   0.0000 
  0.0000   0.0000   0.0000   0.0000   0.0000   0.0000   0.0000   0.0000   0.0000   0.0000 
  0.0000   0.0000   0.0000   0.0000   0.0000   0.0000   0.0000   0.0000   0.0000   0.0000 
  0.0000   0.0000   0.0000   0.0000   0.0000   0.0000   0.0000   0.0000   0.0000   0.0000 
  0.0000   0.0000   0.0000   0.0000   0.0000   0.0000   0.0000   0.0000   0.0000   0.0000 
  0.0000   0.0000   0.0000   0.0000   0.0000   0.0000   0.0000   0.0000   0.0000   0.0000 
  0.0000   0.0000   0.0000   0.0000   0.0000   0.0000   0.0000   0.0000   0.0000   0.0000 
  0.0000   0.0000   0.0000   0.0000   0.0000   0.0000   0.0000   0.0000   0.0000   0.0000 
  0.0000   0.0000   0.0000   0.0000   0.0000   0.0000   0.0000   0.0000   0.0000   0.0000 
  0.0000   0.0000   0.0000   0.0000   0.0000   0.0000   0.0000   0.0000   0.0000   0.0000 
  0.0000   0.0000   0.0000   0.0000   0.0000   0.0000   0.0000   0.0000   0.0000   0.0000 
  0.0000   0.0000   0.0000   0.0000   0.0000   0.0000   0.0000   0.0000   0.0000   0.0000 
  0.0000   0.0000   0.0000   0.0000   0.0000   0.0000   0.0000   0.0000   0.0000   0.0000 
  0.0000   0.0000   0.0000   0.0000   0.0000   0.0000   0.0000   0.0000   0.0000   0.0000 
  0.0000   0.0000   0.0000   0.0000   0.0000   0.0000   0.0000   0.0000   0.0000   0.0000 
  0.0000   0.0000   0.0000   0.0000   0.0000   0.0000   0.0000   0.0000   0.0000   0.0000 
  0.0000   0.0000   0.0000   0.0000   0.0000   0.0000   0.0000   0.0000   0.0000   0.0000 
  0.0000   0.0000   0.0000   0.0000   0.0000   0.0000   0.0000   0.0000   0.0000   0.0000 
  0.0000   0.0000   0.0000   0.0000   0.0000   0.0000   0.0000   0.0000   0.0000   0.0000 
  0.0000   0.0000   0.0000   0.0000   0.0000   0.0000   0.0000   0.0000   0.0000   0.0000 
  0.0000   0.0000   0.0000   0.0000   0.0000   0.0000   0.0000   0.0000   0.0000   0.0000 
  0.0000   0.0000   0.0000   0.0000   0.0000   0.0000   0.0000   0.0000   0.0000   0.0000 
  0.0000   0.0000   0.0000   0.0000   0.0000   0.0000   0.0000   0.0000   0.0000   0.0000 
  0.0000   0.0000   0.0000   0.0000   0.0000   0.0000   0.0000   0.0000   0.0000   0.0000 
  0.0000   0.0000   0.0000   0.0000   0.0000   0.0000   0.0000   0.0000   0.0000   0.0000 
  0.0000   0.0000   0.0000   0.0000   0.0000   0.0000   0.0000   0.0000   0.0000   0.0000 
  0.0000   0.0000   0.0000   0.0000   0.0000   0.0000   0.0000   0.0000   0.0000   0.0000 
  0.0000   0.0000   0.0000   0.0000   0.0000   0.0000   0.0000   0.0000   0.0000   0.0000 
  0.0000   0.0000   0.0000   0.0000   0.0000   0.0000   0.0000   0.0000   0.0000   0.0000 
  0.0000   0.0000   0.0000   0.0000   0.0000   0.0000   0.0000   0.0000   0.0000   0.0000 
  0.0000   0.0000   0.0000   0.0000   0.0000   0.0000   0.0000   0.0000   0.0000   0.0000 
  0.0000   0.0000   0.0000   0.0000   0.0000   0.0000   0.0000   0.0000   0.0000   0.0000 
  0.0000   0.0000   0.0000   0.0000   0.0000   0.0000   0.0000   0.0000   0.0000   0.0000 
  0.0000   0.0000   0.0000   0.0000   0.0000   0.0000   0.0000   0.0000   0.0000   0.0000 
  0.0000   0.0000   0.0000   0.0000   0.0000   0.0000   0.0000   0.0000   0.0000   0.0000 
  0.0000   0.0000   0.0000   0.0000   0.0000   0.0000   0.0000   0.0000   0.0000   0.0000 
  0.0000   0.0000   0.0000   0.0000   0.0000   0.0000   0.0000   0.0000   0.0000   0.0000 
  0.0000   0.0000   0.0000   0.0000   0.0000   0.0000   0.0000   0.0000   0.0000   0.0000 
  0.0000   0.0000   0.0000   0.0000   0.0000   0.0000   0.0000   0.0000   0.0000   0.0000 
  0.0000   0.0000   0.0000   0.0000   0.0000   0.0000   0.0000   0.0000   0.0000   0.0000 
  0.0000   0.0000   0.0000   0.0000   0.0000   0.0000   0.0000   0.0000   0.0000   0.0000 
  0.0000   0.0000   0.0000   0.0000   0.0000   0.0000   0.0000   0.0000   0.0000   0.0000 
  0.0000   0.0000   0.0000   0.0000   0.0000   0.0000   0.0000   0.0000   0.0000   0.0000 
  0.0000   0.0000   0.0000   0.0000   0.0000   0.0000   0.0000   0.0000   0.0000   0.0000 
  0.0000   0.0000   0.0000   0.0000   0.0000   0.0000   0.0000   0.0000   0.0000   0.0000 
  0.0000   0.0000   0.0000   0.0000   0.0000   0.0000   0.0000   0.0000   0.0000   0.0000 
  0.0000   0.0000   0.0000   0.0000   0.0000   0.0000   0.0000   0.0000   0.0000   0.0000 
  0.0000   0.0000   0.0000   0.0000   0.0000   0.0000   0.0000   0.0000   0.0000   0.0000 
  0.0000   0.0000   0.0000   0.0000   0.0000   0.0000   0.0000   0.0000   0.0000   0.0000 
  0.0000   0.0000   0.0000   0.0000   0.0000   0.0000   0.0000   0.0000   0.0000   0.0000 
  0.0000   0.0000   0.0000   0.0000   0.0000   0.0000   0.0000   0.0000   0.0000   0.0000 
  0.0000   0.0000   0.0000   0.0000   0.0000   0.0000   0.0000   0.0000   0.0000   0.0000 
  0.0000   0.0000   0.0000   0.0000   0.0000   0.0000   0.0000   0.0000   0.0000   0.0000 
  0.0000   0.0000   0.0000   0.0000   0.0000   0.0000   0.0000   0.0000   0.0000   0.0000 
  0.0000   0.0000   0.0000   0.0000   0.0000   0.0000   0.0000   0.0000   0.0000   0.0000 
  0.0000   0.0000   0.0000   0.0000   0.0000   0.0000   0.0000   0.0000   0.0000   0.0000 
  0.0000   0.0000   0.0000   0.0000   0.0000   0.0000   0.0000   0.0000   0.0000   0.0000 
  0.0000   0.0000   0.0000   0.0000   0.0000   0.0000   0.0000   0.0000   0.0000   0.0000 
  0.0000   0.0000   0.0000   0.0000   0.0000   0.0000   0.0000   0.0000   0.0000   0.0000 
  0.0000   0.0000   0.0000   0.0000   0.0000   0.0000   0.0000   0.0000   0.0000   0.0000 
  0.0000   0.0000   0.0000   0.0000   0.0000   0.0000   0.0000   0.0000   0.0000   0.0000 
  0.0000   0.0000   0.0000   0.0000   0.0000   0.0000   0.0000   0.0000   0.0000   0.0000 
  0.0000   0.0000   0.0000   0.0000   0.0000   0.0000   0.0000   0.0000   0.0000   0.0000 
  0.0000   0.0000   0.0000   0.0000   0.0000   0.0000   0.0000   0.0000   0.0000   0.0000 
  0.0000   0.0000   0.0000   0.0000   0.0000   0.0000   0.0000   0.0000   0.0000   0.0000 
  0.0000   0.0000   0.0000   0.0000   0.0000   0.0000   0.0000   0.0000   0.0000   0.0000 
  0.0000   0.0000   0.0000   0.0000   0.0000   0.0000   0.0000   0.0000   0.0000   0.0000 
  0.0000   0.0000   0.0000   0.0000   0.0000   0.0000   0.0000   0.0000   0.0000   0.0000 
  0.0000   0.0000   0.0000   0.0000   0.0000   0.0000   0.0000   0.0000   0.0000   0.0000 
  0.0000   0.0000   0.0000   0.0000   0.0000   0.0000   0.0000   0.0000   0.0000   0.0000 
  0.0000   0.0000   0.0000   0.0000   0.0000   0.0000   0.0000   0.0000   0.0000   0.0000 
  0.0000   0.0000   0.0000   0.0000   0.0000   0.0000   0.0000   0.0000   0.0000   0.0000 
  0.0000   0.0000   0.0000   0.0000   0.0000   0.0000   0.0000   0.0000   0.0000   0.0000 
  0.0000   0.0000   0.0000   0.0000   0.0000   0.0000   0.0000   0.0000   0.0000   0.0000 
  0.0000   0.0000   0.0000   0.0000   0.0000   0.0000   0.0000   0.0000   0.0000   0.0000 
  0.0000   0.0000   0.0000   0.0000   0.0000   0.0000   0.0000   0.0000   0.0000   0.0000 
  0.0000   0.0000   0.0000   0.0000   0.0000   0.0000   0.0000   0.0000   0.0000   0.0000 
  0.0000   0.0000   0.0000   0.0000   0.0000   0.0000   0.0000   0.0000   0.0000   0.0000 
  0.0000   0.0000   0.0000   0.0000   0.0000   0.0000   0.0000   0.0000   0.0000   0.0000 
  0.0000   0.0000   0.0000   0.0000   0.0000   0.0000   0.0000   0.0000   0.0000   0.0000 
  0.0000   0.0000   0.0000   0.0000   0.0000   0.0000   0.0000   0.0000   0.0000   0.0000 
  0.0000   0.0000   0.0000   0.0000   0.0000   0.0000   0.0000   0.0000   0.0000   0.0000 
  0.0000   0.0000   0.0000   0.0000   0.0000   0.0000   0.0000   0.0000   0.0000   0.0000 
  0.0000   0.0000   0.0000   0.0000   0.0000   0.0000   0.0000   0.0000   0.0000   0.0000 
  0.0000   0.0000   0.0000   0.0000   0.0000   0.0000   0.0000   0.0000   0.0000   0.0000 
  0.0000   0.0000   0.0000   0.0000   0.0000   0.0000   0.0000   0.0000   0.0000   0.0000 
  0.0000   0.0000   0.0000   0.0000   0.0000   0.0000   0.0000   0.0000   0.0000   0.0000 
  0.0000   0.0000   0.0000   0.0000   0.0000   0.0000   0.0000   0.0000   0.0000   0.0000 
  0.0000   0.0000   0.0000   0.0000   0.0000   0.0000   0.0000   0.0000   0.0000   0.0000 
  0.0000   0.0000   0.0000   0.0000   0.0000   0.0000   0.0000   0.0000   0.0000   0.0000 
  0.0000   0.0000   0.0000   0.0000   0.0000   0.0000   0.0000   0.0000   0.0000   0.0000 
  0.0000   0.0000   0.0000   0.0000   0.0000   0.0000   0.0000   0.0000   0.0000   0.0000 
  0.0000   0.0000   0.0000   0.0000   0.0000   0.0000   0.0000   0.0000   0.0000   0.0000 
  0.0000   0.0000   0.0000   0.0000   0.0000   0.0000   0.0000   0.0000   0.0000   0.0000 
  0.0000   0.0000   0.0000   0.0000   0.0000   0.0000   0.0000   0.0000   0.0000   0.0000 
  0.0000   0.0000   0.0000   0.0000   0.0000   0.0000   0.0000   0.0000   0.0000   0.0000 
  0.0000   0.0000   0.0000   0.0000   0.0000   0.0000   0.0000   0.0000   0.0000   0.0000 
  0.0000   0.0000   0.0000   0.0000   0.0000   0.0000   0.0000   0.0000   0.0000   0.0000 
  0.0000   0.0000   0.0000   0.0000   0.0000   0.0000   0.0000   0.0000   0.0000   0.0000 
  0.0000   0.0000   0.0000   0.0000   0.0000   0.0000   0.0000   0.0000   0.0000   0.0000 
  0.0000   0.0000   0.0000   0.0000   0.0000   0.0000   0.0000   0.0000   0.0000   0.0000 
  0.0000   0.0000   0.0000   0.0000   0.0000   0.0000   0.0000   0.0000   0.0000   0.0000 
  0.0000   0.0000   0.0000   0.0000   0.0000   0.0000   0.0000   0.0000   0.0000   0.0000 
  0.0000   0.0000   0.0000   0.0000   0.0000   0.0000   0.0000   0.0000   0.0000   0.0000 
  0.0000   0.0000   0.0000   0.0000   0.0000   0.0000   0.0000   0.0000   0.0000   0.0000 
  0.0000   0.0000   0.0000   0.0000   0.0000   0.0000   0.0000   0.0000   0.0000   0.0000 
  0.0000   0.0000   0.0000   0.0000   0.0000   0.0000   0.0000   0.0000   0.0000   0.0000 
  0.0000   0.0000   0.0000   0.0000   0.0000   0.0000   0.0000   0.0000   0.0000   0.0000 
  0.0000   0.0000   0.0000   0.0000   0.0000   0.0000   0.0000   0.0000   0.0000   0.0000 
  0.0000   0.0000   0.0000   0.0000   0.0000   0.0000   0.0000   0.0000   0.0000   0.0000 
  0.0000   0.0000   0.0000   0.0000   0.0000   0.0000   0.0000   0.0000   0.0000   0.0000 
  0.0000   0.0000   0.0000   0.0000   0.0000   0.0000   0.0000   0.0000   0.0000   0.0000 
  0.0000   0.0000   0.0000   0.0000   0.0000   0.0000   0.0000   0.0000   0.0000   0.0000 
  0.0000   0.0000   0.0000   0.0000   0.0000   0.0000   0.0000   0.0000   0.0000   0.0000 
  0.0000   0.0000   0.0000   0.0000   0.0000   0.0000   0.0000   0.0000   0.0000   0.0000 
  0.0000   0.0000   0.0000   0.0000   0.0000   0.0000   0.0000   0.0000   0.0000   0.0000 
  0.0000   0.0000   0.0000   0.0000   0.0000   0.0000   0.0000   0.0000   0.0000   0.0000 
  0.0000   0.0000   0.0000   0.0000   0.0000   0.0000   0.0000   0.0000   0.0000   0.0000 
  0.0000   0.0000   0.0000   0.0000   0.0000   0.0000   0.0000   0.0000   0.0000   0.0000 
  0.0000   0.0000   0.0000   0.0000   0.0000   0.0000   0.0000   0.0000   0.0000   0.0000 
  0.0000   0.0000   0.0000   0.0000   0.0000   0.0000   0.0000   0.0000   0.0000   0.0000 
  0.0000   0.0000   0.0000   0.0000   0.0000   0.0000   0.0000   0.0000   0.0000   0.0000 
  0.0000   0.0000   0.0000   0.0000   0.0000   0.0000   0.0000   0.0000   0.0000   0.0000 
  0.0000   0.0000   0.0000   0.0000   0.0000   0.0000   0.0000   0.0000   0.0000   0.0000 
  0.0000   0.0000   0.0000   0.0000   0.0000   0.0000   0.0000   0.0000   0.0000   0.0000 
  0.0000   0.0000   0.0000   0.0000   0.0000   0.0000   0.0000   0.0000   0.0000   0.0000 
  0.0000   0.0000   0.0000   0.0000   0.0000   0.0000   0.0000   0.0000   0.0000   0.0000 
  0.0000   0.0000   0.0000   0.0000   0.0000   0.0000   0.0000   0.0000   0.0000   0.0000 
  0.0000   0.0000   0.0000   0.0000   0.0000   0.0000   0.0000   0.0000   0.0000   0.0000 
  0.0000   0.0000   0.0000   0.0000   0.0000   0.0000   0.0000   0.0000   0.0000   0.0000 
  0.0000   0.0000   0.0000   0.0000   0.0000   0.0000   0.0000   0.0000   0.0000   0.0000 
  0.0000   0.0000   0.0000   0.0000   0.0000   0.0000   0.0000   0.0000   0.0000   0.0000 
  0.0000   0.0000   0.0000   0.0000   0.0000   0.0000   0.0000   0.0000   0.0000   0.0000 
  0.0000   0.0000   0.0000   0.0000   0.0000   0.0000   0.0000   0.0000   0.0000   0.0000 
  0.0000   0.0000   0.0000   0.0000   0.0000   0.0000   0.0000   0.0000   0.0000   0.0000 
  0.0000   0.0000   0.0000   0.0000   0.0000   0.0000   0.0000   0.0000   0.0000   0.0000 
  0.0000   0.0000   0.0000   0.0000   0.0000   0.0000   0.0000   0.0000   0.0000   0.0000 
  0.0000   0.0000   0.0000   0.0000   0.0000   0.0000   0.0000   0.0000   0.0000   0.0000 
  0.0000   0.0000   0.0000   0.0000   0.0000   0.0000   0.0000   0.0000   0.0000   0.0000 
  0.0000   0.0000   0.0000   0.0000   0.0000   0.0000   0.0000   0.0000   0.0000   0.0000 
  0.0000   0.0000   0.0000   0.0000   0.0000   0.0000   0.0000   0.0000   0.0000   0.0000 
  0.0000   0.0000   0.0000   0.0000   0.0000   0.0000   0.0000   0.0000   0.0000   0.0000 
  0.0000   0.0000   0.0000   0.0000   0.0000   0.0000   0.0000   0.0000   0.0000   0.0000 
  0.0000   0.0000   0.0000   0.0000   0.0000   0.0000   0.0000   0.0000   0.0000   0.0000 
  0.0000   0.0000   0.0000   0.0000   0.0000   0.0000   0.0000   0.0000   0.0000   0.0000 
  0.0000   0.0000   0.0000   0.0000   0.0000   0.0000   0.0000   0.0000   0.0000   0.0000 
  0.0000   0.0000   0.0000   0.0000   0.0000   0.0000   0.0000   0.0000   0.0000   0.0000 
  0.0000   0.0000   0.0000   0.0000   0.0000   0.0000   0.0000   0.0000   0.0000   0.0000 
  0.0000   0.0000   0.0000   0.0000   0.0000   0.0000   0.0000   0.0000   0.0000   0.0000 
  0.0000   0.0000   0.0000   0.0000   0.0000   0.0000   0.0000   0.0000   0.0000   0.0000 
  0.0000   0.0000   0.0000   0.0000   0.0000   0.0000   0.0000   0.0000   0.0000   0.0000 
  0.0000   0.0000   0.0000   0.0000   0.0000   0.0000   0.0000   0.0000   0.0000   0.0000 
  0.0000   0.0000   0.0000   0.0000   0.0000   0.0000   0.0000   0.0000   0.0000   0.0000 
  0.0000   0.0000   0.0000   0.0000   0.0000   0.0000   0.0000   0.0000   0.0000   0.0000 
  0.0000   0.0000   0.0000   0.0000   0.0000   0.0000   0.0000   0.0000   0.0000   0.0000 
  0.0000   0.0000   0.0000   0.0000   0.0000   0.0000   0.0000   0.0000   0.0000   0.0000 
  0.0000   0.0000   0.0000   0.0000   0.0000   0.0000   0.0000   0.0000   0.0000   0.0000 
  0.0000   0.0000   0.0000   0.0000   0.0000   0.0000   0.0000   0.0000   0.0000   0.0000 
  0.0000   0.0000   0.0000   0.0000   0.0000   0.0000   0.0000   0.0000   0.0000   0.0000 
  0.0000   0.0000   0.0000   0.0000   0.0000   0.0000   0.0000   0.0000   0.0000   0.0000 
  0.0000   0.0000   0.0000   0.0000   0.0000   0.0000   0.0000   0.0000   0.0000   0.0000 
  0.0000   0.0000   0.0000   0.0000   0.0000   0.0000   0.0000   0.0000   0.0000   0.0000 
  0.0000   0.0000   0.0000   0.0000   0.0000   0.0000   0.0000   0.0000   0.0000   0.0000 
  0.0000   0.0000   0.0000   0.0000   0.0000   0.0000   0.0000   0.0000   0.0000   0.0000 
  0.0000   0.0000   0.0000   0.0000   0.0000   0.0000   0.0000   0.0000   0.0000   0.0000 
  0.0000   0.0000   0.0000   0.0000   0.0000   0.0000   0.0000   0.0000   0.0000   0.0000 
  0.0000   0.0000   0.0000   0.0000   0.0000   0.0000   0.0000   0.0000   0.0000   0.0000 
  0.0000   0.0000   0.0000   0.0000   0.0000   0.0000   0.0000   0.0000   0.0000   0.0000 
  0.0000   0.0000   0.0000   0.0000   0.0000   0.0000   0.0000   0.0000   0.0000   0.0000 
  0.0000   0.0000   0.0000   0.0000   0.0000   0.0000   0.0000   0.0000   0.0000   0.0000 
  0.0000   0.0000   0.0000   0.0000   0.0000   0.0000   0.0000   0.0000   0.0000   0.0000 
  0.0000   0.0000   0.0000   0.0000   0.0000   0.0000   0.0000   0.0000   0.0000   0.0000 
  0.0000   0.0000   0.0000   0.0000   0.0000   0.0000   0.0000   0.0000   0.0000   0.0000 
  0.0000   0.0000   0.0000   0.0000   0.0000   0.0000   0.0000   0.0000   0.0000   0.0000 
  0.0000   0.0000   0.0000   0.0000   0.0000   0.0000   0.0000   0.0000   0.0000   0.0000 
  0.0000   0.0000   0.0000   0.0000   0.0000   0.0000   0.0000   0.0000   0.0000   0.0000 
  0.0000   0.0000   0.0000   0.0000   0.0000   0.0000   0.0000   0.0000   0.0000   0.0000 
  0.0000   0.0000   0.0000   0.0000   0.0000   0.0000   0.0000   0.0000   0.0000   0.0000 
  0.0000   0.0000   0.0000   0.0000   0.0000   0.0000   0.0000   0.0000   0.0000   0.0000 
  0.0000   0.0000   0.0000   0.0000   0.0000   0.0000   0.0000   0.0000   0.0000   0.0000 
  0.0000   0.0000   0.0000   0.0000   0.0000   0.0000   0.0000   0.0000   0.0000   0.0000 
  0.0000   0.0000   0.0000   0.0000   0.0000   0.0000   0.0000   0.0000   0.0000   0.0000 
  0.0000   0.0000   0.0000   0.0000   0.0000   0.0000   0.0000   0.0000   0.0000   0.0000 
  0.0000   0.0000   0.0000   0.0000   0.0000   0.0000   0.0000   0.0000   0.0000   0.0000 
  0.0000   0.0000   0.0000   0.0000   0.0000   0.0000   0.0000   0.0000   0.0000   0.0000 
  0.0000   0.0000   0.0000   0.0000   0.0000   0.0000   0.0000   0.0000   0.0000   0.0000 
  0.0000   0.0000   0.0000   0.0000   0.0000   0.0000   0.0000   0.0000   0.0000   0.0000 
  0.0000   0.0000   0.0000   0.0000   0.0000   0.0000   0.0000   0.0000   0.0000   0.0000 
  0.0000   0.0000   0.0000   0.0000   0.0000   0.0000   0.0000   0.0000   0.0000   0.0000 
  0.0000   0.0000   0.0000   0.0000   0.0000   0.0000   0.0000   0.0000   0.0000   0.0000 
  0.0000   0.0000   0.0000   0.0000   0.0000   0.0000   0.0000   0.0000   0.0000   0.0000 
  0.0000   0.0000   0.0000   0.0000   0.0000   0.0000   0.0000   0.0000   0.0000   0.0000 
  0.0000   0.0000   0.0000   0.0000   0.0000   0.0000   0.0000   0.0000   0.0000   0.0000 
  0.0000   0.0000   0.0000   0.0000   0.0000   0.0000   0.0000   0.0000   0.0000   0.0000 
  0.0000   0.0000   0.0000   0.0000   0.0000   0.0000   0.0000   0.0000   0.0000   0.0000 
  0.0000   0.0000   0.0000   0.0000   0.0000   0.0000   0.0000   0.0000   0.0000   0.0000 
  0.0000   0.0000   0.0000   0.0000   0.0000   0.0000   0.0000   0.0000   0.0000   0.0000 
  0.0000   0.0000   0.0000   0.0000   0.0000   0.0000   0.0000   0.0000   0.0000   0.0000 
  0.0000   0.0000   0.0000   0.0000   0.0000   0.0000   0.0000   0.0000   0.0000   0.0000 
  0.0000   0.0000   0.0000   0.0000   0.0000   0.0000   0.0000   0.0000   0.0000   0.0000 
  0.0000   0.0000   0.0000   0.0000   0.0000   0.0000   0.0000   0.0000   0.0000   0.0000 
  0.0000   0.0000   0.0000   0.0000   0.0000   0.0000   0.0000   0.0000   0.0000   0.0000 
  0.0000   0.0000   0.0000   0.0000   0.0000   0.0000   0.0000   0.0000   0.0000   0.0000 
  0.0000   0.0000   0.0000   0.0000   0.0000   0.0000   0.0000   0.0000   0.0000   0.0000 
  0.0000   0.0000   0.0000   0.0000   0.0000   0.0000   0.0000   0.0000   0.0000   0.0000 
  0.0000   0.0000   0.0000   0.0000   0.0000   0.0000   0.0000   0.0000   0.0000   0.0000 
  0.0000   0.0000   0.0000   0.0000   0.0000   0.0000   0.0000   0.0000   0.0000   0.0000 
  0.0000   0.0000   0.0000   0.0000   0.0000   0.0000   0.0000   0.0000   0.0000   0.0000 
  0.0000   0.0000   0.0000   0.0000   0.0000   0.0000   0.0000   0.0000   0.0000   0.0000 
  0.0000   0.0000   0.0000   0.0000   0.0000   0.0000   0.0000   0.0000   0.0000   0.0000 
  0.0000   0.0000   0.0000   0.0000   0.0000   0.0000   0.0000   0.0000   0.0000   0.0000 
  0.0000   0.0000   0.0000   0.0000   0.0000   0.0000   0.0000   0.0000   0.0000   0.0000 
  0.0000   0.0000   0.0000   0.0000   0.0000   0.0000   0.0000   0.0000   0.0000   0.0000 
  0.0000   0.0000   0.0000   0.0000   0.0000   0.0000   0.0000   0.0000   0.0000   0.0000 
  0.0000   0.0000   0.0000   0.0000   0.0000   0.0000   0.0000   0.0000   0.0000   0.0000 
  0.0000   0.0000   0.0000   0.0000   0.0000   0.0000   0.0000   0.0000   0.0000   0.0000 
  0.0000   0.0000   0.0000   0.0000   0.0000   0.0000   0.0000   0.0000   0.0000   0.0000 
  0.0000   0.0000   0.0000   0.0000   0.0000   0.0000   0.0000   0.0000   0.0000   0.0000 
  0.0000   0.0000   0.0000   0.0000   0.0000   0.0000   0.0000   0.0000   0.0000   0.0000 
  0.0000   0.0000   0.0000   0.0000   0.0000   0.0000   0.0000   0.0000   0.0000   0.0000 
  0.0000   0.0000   0.0000   0.0000   0.0000   0.0000   0.0000   0.0000   0.0000   0.0000 
  0.0000   0.0000   0.0000   0.0000   0.0000   0.0000   0.0000   0.0000   0.0000   0.0000 
  0.0000   0.0000   0.0000   0.0000   0.0000   0.0000   0.0000   0.0000   0.0000   0.0000 
  0.0000   0.0000   0.0000   0.0000   0.0000   0.0000   0.0000   0.0000   0.0000   0.0000 
  0.0000   0.0000   0.0000   0.0000   0.0000   0.0000   0.0000   0.0000   0.0000   0.0000 
  0.0000   0.0000   0.0000   0.0000   0.0000   0.0000   0.0000   0.0000   0.0000   0.0000 
  0.0000   0.0000   0.0000   0.0000   0.0000   0.0000   0.0000   0.0000   0.0000   0.0000 
  0.0000   0.0000   0.0000   0.0000   0.0000   0.0000   0.0000   0.0000   0.0000   0.0000 
  0.0000   0.0000   0.0000   0.0000   0.0000   0.0000   0.0000   0.0000   0.0000   0.0000 
  0.0000   0.0000   0.0000   0.0000   0.0000   0.0000   0.0000   0.0000   0.0000   0.0000 
  0.0000   0.0000   0.0000   0.0000   0.0000   0.0000   0.0000   0.0000   0.0000   0.0000 
  0.0000   0.0000   0.0000   0.0000   0.0000   0.0000   0.0000   0.0000   0.0000   0.0000 
  0.0000   0.0000   0.0000   0.0000   0.0000   0.0000   0.0000   0.0000   0.0000   0.0000 
  0.0000   0.0000   0.0000   0.0000   0.0000   0.0000   0.0000   0.0000   0.0000   0.0000 
  0.0000   0.0000   0.0000   0.0000   0.0000   0.0000   0.0000   0.0000   0.0000   0.0000 
  0.0000   0.0000   0.0000   0.0000   0.0000   0.0000   0.0000   0.0000   0.0000   0.0000 
  0.0000   0.0000   0.0000   0.0000   0.0000   0.0000   0.0000   0.0000   0.0000   0.0000 
  0.0000   0.0000   0.0000   0.0000   0.0000   0.0000   0.0000   0.0000   0.0000   0.0000 
  0.0000   0.0000   0.0000   0.0000   0.0000   0.0000   0.0000   0.0000   0.0000   0.0000 
  0.0000   0.0000   0.0000   0.0000   0.0000   0.0000   0.0000   0.0000   0.0000   0.0000 
  0.0000   0.0000   0.0000   0.0000   0.0000   0.0000   0.0000   0.0000   0.0000   0.0000 
  0.0000   0.0000   0.0000   0.0000   0.0000   0.0000   0.0000   0.0000   0.0000   0.0000 
  0.0000   0.0000   0.0000   0.0000   0.0000   0.0000   0.0000   0.0000   0.0000   0.0000 
  0.0000   0.0000   0.0000   0.0000   0.0000   0.0000   0.0000   0.0000   0.0000   0.0000 
  0.0000   0.0000   0.0000   0.0000   0.0000   0.0000   0.0000   0.0000   0.0000   0.0000 
  0.0000   0.0000   0.0000   0.0000   0.0000   0.0000   0.0000   0.0000   0.0000   0.0000 
  0.0000   0.0000   0.0000   0.0000   0.0000   0.0000   0.0000   0.0000   0.0000   0.0000 
  0.0000   0.0000   0.0000   0.0000   0.0000   0.0000   0.0000   0.0000   0.0000   0.0000 
  0.0000   0.0000   0.0000   0.0000   0.0000   0.0000   0.0000   0.0000   0.0000   0.0000 
  0.0000   0.0000   0.0000   0.0000   0.0000   0.0000   0.0000   0.0000   0.0000   0.0000 
  0.0000   0.0000   0.0000   0.0000   0.0000   0.0000   0.0000   0.0000   0.0000   0.0000 
  0.0000   0.0000   0.0000   0.0000   0.0000   0.0000   0.0000   0.0000   0.0000   0.0000 
  0.0000   0.0000   0.0000   0.0000   0.0000   0.0000   0.0000   0.0000   0.0000   0.0000 
  0.0000   0.0000   0.0000   0.0000   0.0000   0.0000   0.0000   0.0000   0.0000   0.0000 
  0.0000   0.0000   0.0000   0.0000   0.0000   0.0000   0.0000   0.0000   0.0000   0.0000 
  0.0000   0.0000   0.0000   0.0000   0.0000   0.0000   0.0000   0.0000   0.0000   0.0000 
  0.0000   0.0000   0.0000   0.0000   0.0000   0.0000   0.0000   0.0000   0.0000   0.0000 
  0.0000   0.0000   0.0000   0.0000   0.0000   0.0000   0.0000   0.0000   0.0000   0.0000 
  0.0000   0.0000   0.0000   0.0000   0.0000   0.0000   0.0000   0.0000   0.0000   0.0000 
  0.0000   0.0000   0.0000   0.0000   0.0000   0.0000   0.0000   0.0000   0.0000   0.0000 
  0.0000   0.0000   0.0000   0.0000   0.0000   0.0000   0.0000   0.0000   0.0000   0.0000 
  0.0000   0.0000   0.0000   0.0000   0.0000   0.0000   0.0000   0.0000   0.0000   0.0000 
  0.0000   0.0000   0.0000   0.0000   0.0000   0.0000   0.0000   0.0000   0.0000   0.0000 
  0.0000   0.0000   0.0000   0.0000   0.0000   0.0000   0.0000   0.0000   0.0000   0.0000 
  0.0000   0.0000   0.0000   0.0000   0.0000   0.0000   0.0000   0.0000   0.0000   0.0000 
  0.0000   0.0000   0.0000   0.0000   0.0000   0.0000   0.0000   0.0000   0.0000   0.0000 
  0.0000   0.0000   0.0000   0.0000   0.0000   0.0000   0.0000   0.0000   0.0000   0.0000 
  0.0000   0.0000   0.0000   0.0000   0.0000   0.0000   0.0000   0.0000   0.0000   0.0000 
  0.0000   0.0000   0.0000   0.0000   0.0000   0.0000   0.0000   0.0000   0.0000   0.0000 
  0.0000   0.0000   0.0000   0.0000   0.0000   0.0000   0.0000   0.0000   0.0000   0.0000 
  0.0000   0.0000   0.0000   0.0000   0.0000   0.0000   0.0000   0.0000   0.0000   0.0000 
  0.0000   0.0000   0.0000   0.0000   0.0000   0.0000   0.0000   0.0000   0.0000   0.0000 
  0.0000   0.0000   0.0000   0.0000   0.0000   0.0000   0.0000   0.0000   0.0000   0.0000 
  0.0000   0.0000   0.0000   0.0000   0.0000   0.0000   0.0000   0.0000   0.0000   0.0000 
  0.0000   0.0000   0.0000   0.0000   0.0000   0.0000   0.0000   0.0000   0.0000   0.0000 
  0.0000   0.0000   0.0000   0.0000   0.0000   0.0000   0.0000   0.0000   0.0000   0.0000 
  0.0000   0.0000   0.0000   0.0000   0.0000   0.0000   0.0000   0.0000   0.0000   0.0000 
  0.0000   0.0000   0.0000   0.0000   0.0000   0.0000   0.0000   0.0000   0.0000   0.0000 
  0.0000   0.0000   0.0000   0.0000   0.0000   0.0000   0.0000   0.0000   0.0000   0.0000 
  0.0000   0.0000   0.0000   0.0000   0.0000   0.0000   0.0000   0.0000   0.0000   0.0000 
  0.0000   0.0000   0.0000   0.0000   0.0000   0.0000   0.0000   0.0000   0.0000   0.0000 
  0.0000   0.0000   0.0000   0.0000   0.0000   0.0000   0.0000   0.0000   0.0000   0.0000 
  0.0000   0.0000   0.0000   0.0000   0.0000   0.0000   0.0000   0.0000   0.0000   0.0000 
  0.0000   0.0000   0.0000   0.0000   0.0000   0.0000   0.0000   0.0000   0.0000   0.0000 
  0.0000   0.0000   0.0000   0.0000   0.0000   0.0000   0.0000   0.0000   0.0000   0.0000 
  0.0000   0.0000   0.0000   0.0000   0.0000   0.0000   0.0000   0.0000   0.0000   0.0000 
  0.0000   0.0000   0.0000   0.0000   0.0000   0.0000   0.0000   0.0000   0.0000   0.0000 
  0.0000   0.0000   0.0000   0.0000   0.0000   0.0000   0.0000   0.0000   0.0000   0.0000 
  0.0000   0.0000   0.0000   0.0000   0.0000   0.0000   0.0000   0.0000   0.0000   0.0000 
  0.0000   0.0000   0.0000   0.0000   0.0000   0.0000   0.0000   0.0000   0.0000   0.0000 
  0.0000   0.0000   0.0000   0.0000   0.0000   0.0000   0.0000   0.0000   0.0000   0.0000 
  0.0000   0.0000   0.0000   0.0000   0.0000   0.0000   0.0000   0.0000   0.0000   0.0000 
  0.0000   0.0000   0.0000   0.0000   0.0000   0.0000   0.0000   0.0000   0.0000   0.0000 
  0.0000   0.0000   0.0000   0.0000   0.0000   0.0000   0.0000   0.0000   0.0000   0.0000 
  0.0000   0.0000   0.0000   0.0000   0.0000   0.0000   0.0000   0.0000   0.0000   0.0000 
