x-axis acceleration data

  0.7339   0.0991   0.6704   0.2539   0.1567   0.1299   1.7231   0.3320  -0.0571   0.0122 
 -0.1030   0.2637   0.6406   0.2075   0.0947  -0.0093   1.3428   0.3730  -0.1694   0.1226 
  0.1494   0.4570   0.6709   0.0811   0.0693   0.0190   1.0957   0.1597  -0.1133  -0.0581 
  0.4341   0.3154   0.5444   0.0059   0.3394   0.1099   1.3569   0.2075  -0.1621   0.0786 
  0.4097   0.1846   0.3872  -0.0107   0.4585   0.0718   1.1689   0.3184  -0.2485   0.1187 
  0.3442   0.2007   0.3779  -0.0723   0.4082   0.0684   0.6240   0.1792  -0.1592   0.0835 
  0.2813   0.4512   0.3999  -0.0879   0.4204   0.1958   0.3247   0.2920  -0.0889   0.1533 
  0.2314   0.3662   0.2769   0.0010   0.5693   0.4253   2.2759   0.6572  -0.0957   0.2446 
  0.1284   0.1226   0.2212  -0.0259   0.6431   0.4683   0.9434   0.8286  -0.2813   0.3013 
 -0.0195   0.1152   0.1289  -0.0249   0.4082   0.6138  -2.0532   0.7607  -0.3257   0.1016 
 -0.1079   0.2012   0.1489   0.1401   0.2471   0.6841  -2.2109   0.6724  -0.2109   0.2090 
  0.0396   0.0972   0.1533   0.2358   0.1895   0.6597  -0.7954   0.6641  -0.2251   0.0376 
  0.0884  -0.0024   0.2739   0.1318   0.2808   0.5869  -0.1284   0.6338  -0.3408   0.0386 
  0.1113   0.0000   0.0776   0.1235   0.1899   0.6919  -0.1797   0.5059  -0.3408   0.0039 
  0.2471  -0.1167   0.1553   0.1133   0.0386   0.5894  -0.1812   0.3301  -0.3530   0.0659 
  0.3120  -0.1758   0.2134   0.1548  -0.0952   0.4116  -0.9624   0.2529  -0.3672   0.0342 
  0.3296  -0.1675   0.1367   0.2729  -0.0854   0.3076  -0.7158   0.2314  -0.4185  -0.0542 
  0.3657  -0.1519   0.1597   0.2080  -0.0073   0.2085  -0.1333   0.1392  -0.4541  -0.1187 
  0.4106  -0.0952   0.1099   0.0420   0.0420   0.0811   0.9170   0.0581  -0.4448  -0.1978 
  0.3784  -0.0483   0.6304  -0.1123  -0.0342   0.0811   1.7368   0.0791  -0.3628  -0.1807 
  0.2383   0.0132   0.8433  -0.1616  -0.0522   0.1846   1.8594   0.1309  -0.3364   0.0068 
  0.2905   0.0122   0.6064  -0.1982   0.0762   0.2412   3.0439   0.1309  -0.2578   0.1392 
  0.4316  -0.0571   0.4121  -0.2827   0.0718   0.1167   2.9536   0.0879  -0.2598  -0.0781 
  0.5610  -0.0654   0.4263  -0.3579   0.0786  -0.0229   2.0562   0.1548  -0.3110  -0.1274 
  0.6426  -0.1489   0.4785  -0.4063   0.0908  -0.0088   1.8315   0.2876  -0.3257  -0.0596 
  0.5679  -0.2446   0.4448  -0.3735   0.0127   0.2646   1.7109   0.2676  -0.3169  -0.0918 
  0.4517  -0.3208   0.4424  -0.3789  -0.0391   0.2769   1.5205   0.2227  -0.4438  -0.0752 
  0.2773  -0.3535   0.6440  -0.4458  -0.1240   0.1812   1.3145   0.2339  -0.5249   0.0625 
  0.1104  -0.3535   0.4902  -0.5156  -0.2075   0.1577   0.9419   0.2515  -0.5464  -0.0664 
 -0.4521  -0.3477   0.1626  -0.5039  -0.1899   0.1401   0.8525   0.1416  -0.5513  -0.1382 
 -0.2915  -0.4150   0.0361  -0.4619  -0.2368   0.1929   0.5918   0.0122  -0.8232  -0.1455 
 -0.0298  -0.5083   0.1104  -0.4751  -0.3647   0.1528   0.3530  -0.0977  -1.4331  -0.1235 
  0.2163  -0.5361   0.2168  -0.4668  -0.3857   0.1089   0.5908  -0.1475  -1.8071  -0.1689 
  1.0571  -0.5269   0.1616  -0.4233  -0.4009   0.1235   1.2378  -0.2412  -2.3296  -0.2930 
  0.5903  -0.4956   0.0801  -0.4009  -0.4673   0.1025  -0.9526  -0.3687  -2.3486  -0.2720 
  0.1216  -0.4536   0.0737  -0.4346  -0.4443  -0.0176  -1.7427  -0.4487   0.2588  -0.2471 
  0.3843  -0.4180   0.1670  -0.4033  -0.4717  -0.0518  -0.3999  -0.4868   3.3960  -0.3071 
  0.3823  -0.4673   0.1709  -0.3350  -0.5923  -0.1138   0.7490  -0.4800  -1.8857  -0.3096 
  0.1816  -0.4819   0.1035  -0.3877  -0.5103  -0.2134   0.6392  -0.5225   3.2524  -0.2969 
  0.0615  -0.4844   0.1440  -0.4458  -0.3760  -0.3149   0.8198  -0.5767  -0.5142  -0.3677 
 -0.1338  -0.4912   0.1694  -0.5049  -0.3926  -0.3105   0.9644  -0.5649  -2.7012  -0.3989 
 -0.3481  -0.4775   0.1665  -0.6235  -0.3965  -0.2778   0.9819  -0.5322  -1.2339  -0.4150 
 -0.0981  -0.5215   0.1323  -0.8096  -0.3335  -0.3857   1.0063  -0.5249  -0.2739  -0.4229 
  0.1274  -0.5791   0.2031  -1.1812  -0.2759  -0.4375   0.8530  -0.4805  -0.4946  -0.3784 
 -0.0859  -0.5522   0.1831  -1.3818  -0.3247  -0.4033   0.8916  -0.4028  -0.4053  -0.3765 
 -0.0127  -0.6807  -0.0278  -1.3154  -0.4746  -0.4214   0.7769  -0.3608  -0.9658  -0.3594 
  0.1528  -1.1357  -0.1519  -2.0742  -0.4966  -0.5112   0.6538  -0.3354  -0.9678  -0.3237 
  0.1997  -1.3311  -0.0239  -2.7061  -0.5132  -0.4937   0.5552  -0.1797  -0.8438  -0.3232 
  0.1714  -1.1143   0.0278   0.2310  -0.5737  -0.4360   0.3647  -0.3506  -0.8018  -0.3159 
  0.1953  -2.3750  -0.0801   2.8325  -0.7725  -0.4854   0.1929  -0.3599  -0.9243  -0.3682 
  0.2124  -2.8345  -0.1665   0.2739  -0.9160  -0.4849   0.2173  -0.5063  -0.6616  -0.3696 
  0.1934   0.4751  -0.1528   3.5098  -1.2104  -0.4561   0.1738  -0.6563  -0.6162  -0.3511 
  0.5039   4.0498  -0.2002   1.5293  -1.7163  -0.4448   0.2715  -1.1484  -0.5767  -0.4404 
  0.7690   1.9302  -0.3325  -0.6958  -2.1489  -0.5049   0.3188  -1.4897  -0.7334  -0.5352 
  0.0088   1.7402  -0.4263  -1.4961  -1.8730  -0.5327   0.2886  -0.9600  -0.9556  -0.5630 
 -0.3384  -1.2817  -0.4575  -1.7827   1.6514  -0.4316   0.2476  -1.5356  -1.1279  -0.5483 
 -0.1958  -1.9106  -0.5264  -1.2168   2.2173  -0.4565   0.1328  -2.9136  -1.3340  -0.6313 
  0.0986  -2.5630  -0.6060  -0.2051  -0.0723  -0.5610   0.1675  -0.4956  -1.2813  -0.8442 
  0.0957   0.3945  -0.5356  -0.4448   3.5801  -0.5640   0.1929   2.9600  -1.4199  -1.0420 
  0.1162   0.4556  -0.4937  -0.1753  -0.7764  -0.6475   0.2090   1.6064  -1.5352  -0.9966 
  0.0371  -0.3628  -0.5356   0.0098  -2.8667  -0.9956   0.2861   3.4146  -1.4014  -1.2729 
  0.0107  -0.1563  -0.4839   0.0269  -1.9556  -1.3252   0.1772   0.7412  -1.1143  -2.6353 
 -0.0156   0.0171  -0.3872   0.0327  -0.0063  -1.2095   0.0195  -0.2627  -0.9189  -2.3716 
 -0.0649   0.1631  -0.2871  -0.0137  -1.2715  -1.7754   0.0752  -1.0234  -0.7998   3.1299 
 -0.1885   0.1914  -0.2773  -0.2114  -1.3218  -2.0947   0.2051   0.1714  -0.7119   3.9556 
 -0.3350   0.0542  -0.3481  -0.3306  -1.2422   0.8896   0.2847  -0.6875  -0.7666   2.3037 
 -0.3384  -0.2612  -0.3359  -0.3667  -1.2261   2.3882   0.3452  -0.9111  -0.7603   1.1035 
 -0.2388  -0.5854  -0.3027  -0.4834  -1.1558  -0.8911   0.0732  -0.3867  -0.9180  -2.2085 
  0.0166  -0.9780  -0.3770  -0.5444  -0.8428   2.9170   1.3145  -0.1362  -1.0596  -2.0596 
  0.3589  -0.9150  -0.5659  -0.3115  -0.4541   1.2295   1.6895  -0.1729  -1.0796  -4.0586 
  0.7236  -1.1543  -0.6367   0.0430  -0.2207  -0.5103   1.6724  -0.2471  -1.0400  -1.6934 
  0.8735  -0.7046  -0.8008   0.4956  -0.4165  -1.6489   1.2739  -0.5664  -0.9976  -0.4575 
  1.8188  -0.8125  -1.1719   0.9302  -0.6689  -2.4453   0.8965  -0.9321  -0.9175  -0.7188 
  1.9570  -0.5840  -1.3442   1.3506  -0.5796  -0.2725   0.5874  -1.1406  -0.8784  -0.7920 
  2.0640  -0.1968  -1.6572   1.8691  -0.5620  -1.5156   0.5879  -0.8975  -0.8418  -0.9028 
  1.4370  -0.0176  -3.1162   2.2222  -0.7397  -1.8442   0.4429  -0.4790  -0.8887  -0.4463 
  1.4204   0.0469  -0.9790   2.5952  -0.9502  -1.3774   0.4170   0.1875  -0.9297  -0.1865 
  1.1758  -0.0479   2.8169   2.8135  -1.0898  -1.2900   0.2642   0.4312  -0.9619   0.1279 
  0.9497   0.2930   0.5518   2.8877  -1.1772  -1.2080   0.2471   0.4336  -0.9761   0.4512 
  0.8457   0.4551   4.2451   2.7021  -1.1187  -1.0576   0.2148   0.7153  -0.9795   0.4580 
  1.0010   0.6797   1.1123   2.1909  -1.2017  -0.8198   0.1997   1.6963  -0.9985   0.4180 
  1.1138   0.7178  -0.7813   1.8457  -1.2998  -0.5635   0.1025   2.4199  -1.0029   0.4629 
  0.9561   0.6069  -0.8291   1.5742  -1.2627  -0.3877   0.2363   2.2168  -0.9238   0.4961 
  0.7017   0.6294  -1.2837   1.3184  -1.0864  -0.3237   0.1792   2.4985  -0.8857   0.5278 
  0.5308   0.5361  -2.2290   1.0781  -0.8945  -0.2822   0.0298   2.4102  -0.8564   0.5420 
  0.2964   0.5474  -1.8486   0.8262  -0.7798  -0.2822   0.0942   2.4019  -0.8901   0.4692 
  2.3521   0.5469  -1.0024   0.6519  -0.8462  -0.4844   0.2378   2.1313  -0.9233   0.3110 
 -0.0273   0.4995  -1.5386   0.5610  -0.8721  -0.6782   0.3677   1.8867  -0.9761   0.1499 
 -0.8491   0.6987  -1.3589   0.5254  -0.9019  -0.8564   0.2871   1.6929  -0.9800   0.3496 
 -1.4688   0.9087  -0.9277   0.5654  -0.9131  -0.9927   0.2344   1.5117  -0.9839   0.7798 
 -0.5283   1.1279  -1.0039   0.6572  -0.8896  -1.1152   0.3657   1.3096  -0.9688   1.6973 
  0.2451   1.1611  -0.6689   0.7480  -0.9458  -1.2461   0.4849   1.0605  -0.9683   2.4521 
 -0.0879   1.0640  -0.5967   0.8516  -1.0000  -1.2476   0.4692   0.8105  -0.9829   2.6128 
 -0.1563   1.0132  -0.7866   0.9863  -0.9541  -1.2148   0.3506   0.6338  -0.9951   3.0283 
 -0.3228   1.0225  -0.7549   1.1680  -0.8765  -1.1885   0.2720   0.5078  -0.9751   3.2183 
 -0.2900   1.0488  -0.7759   1.3813  -0.9175  -1.0293   0.3047   0.4458  -0.9707   3.2031 
 -0.2080   0.9907  -0.8408   1.5879  -0.9404  -0.8325   0.5420   0.4487  -0.9561   3.0811 
 -0.4048   0.9106  -0.8511   1.7661  -0.9023  -0.7134   0.3613   0.5420  -0.9482   2.9658 
 -0.1143   0.7988  -0.9604   1.9443  -0.8828  -0.7222   0.1499   0.6953  -0.9653   2.6338 
  0.7720   0.7021  -1.0781   2.0171  -0.9585  -0.7256   0.0659   0.8164  -0.9502   2.2910 
  0.6802   0.7065  -0.8516   1.9961  -0.9502  -0.7349   0.0239   0.9482  -0.9351   1.9585 
  2.2612   0.7822  -0.7153   1.8950  -0.9238  -0.8730  -0.0132   1.0811  -0.9155   1.6206 
  2.7280   0.8735  -0.7510   1.8013  -0.9180  -1.0269  -0.1177   1.2124  -0.9629   1.3818 
  2.5732   0.9380  -0.8286   1.7144  -0.9390  -1.0542  -0.2163   1.3667  -1.0093   1.1865 
  1.6650   1.0225  -0.8682   1.5913  -0.9600  -0.9688  -0.2383   1.4937  -0.9873   0.9727 
  1.7202   1.1147  -0.8159   1.4414  -0.9419  -0.8999  -0.2612   1.5684  -0.9941   0.7046 
  1.6533   1.1587  -0.8765   1.2544  -0.9209  -0.8408  -0.3442   1.6489  -0.9878   0.4800 
  1.3120   1.1787  -0.9458   1.1128  -0.9233  -0.8193  -0.4121   1.7041  -0.9878   0.3706 
  1.1255   1.1567  -1.0630   0.9741  -0.9014  -0.7622  -0.4805   1.7148  -0.9761   0.3818 
  1.1919   1.1099  -1.0508   0.8447  -0.9180  -0.8208  -0.4468   1.6968  -0.9697   0.4653 
  0.9829   1.0479  -0.9863   0.7275  -0.9136  -0.8569  -0.4902   1.6377  -1.0034   0.5547 
  0.6328   1.0024  -0.9390   0.6104  -0.9429  -0.8506  -0.4702   1.5576  -1.0088   0.6729 
  0.3511   0.9688  -0.9155   0.4980  -0.9229  -0.8901  -0.4316   1.4600  -1.0044   0.8936 
  0.4663   0.9404  -0.8271   0.4224  -0.9512  -0.9272  -0.3398   1.3394  -1.0098   1.2129 
  2.2646   0.9077  -0.8291   0.3823  -0.9507  -0.9551  -0.3501   1.2222  -0.9639   1.6338 
 -0.5908   0.8188  -0.7959   0.3340  -0.9497  -0.9424  -0.3706   1.0918  -0.9863   1.9346 
 -1.1431   0.7285  -0.8149   0.2612  -0.9429  -0.9390  -0.3135   0.9375  -0.9844   2.1357 
 -1.0815   0.7056  -0.8711   0.1943  -0.9238  -0.9204  -0.3330   0.8140  -0.9380   2.2153 
 -0.2764   0.7178  -0.8921   0.1357  -0.9150  -0.8662  -0.3789   0.6753  -0.9336   2.1968 
  0.1147   0.7017  -0.8989   0.0737  -0.8994  -0.8740  -0.4004   0.5381  -0.9385   2.1685 
 -0.1582   0.6689  -0.8896   0.0298  -0.9048  -0.8623  -0.4043   0.4185  -0.9458   2.1157 
 -0.4219   0.6411  -0.8745   0.0435  -0.9512  -0.9111  -0.4688   0.3511  -0.9419   2.0454 
 -0.5010   0.6113  -0.9507   0.0503  -0.9600  -0.8784  -0.5244   0.3022  -0.9414   1.8711 
 -0.2949   0.5723  -0.9365   0.0273  -0.9595  -0.8945  -0.4951   0.2798  -0.9263   1.6826 
  0.1631   0.5195  -0.9038   0.0039  -0.9512  -0.8931  -0.6455   0.2339  -0.9282   1.5371 
  0.7607   0.4819  -0.8936   0.0864  -0.9385  -0.9067  -0.9995   0.1895  -0.9473   1.4004 
  1.1167   0.4814  -0.8853   0.1602  -0.9492  -0.8936  -1.4243   0.1475  -0.9419   1.2451 
  1.3706   0.4854  -0.8828   0.2012  -0.9512  -0.8848  -1.7554   0.1123  -0.9082   1.0669 
  3.1543   0.5151  -0.8706   0.2769  -0.8877  -0.9077  -1.9614   0.0889  -0.8555   0.8613 
  2.8491   0.5630  -0.8418   0.4189  -0.8433  -0.8877  -2.0825   0.0610  -0.7822   0.6519 
  1.9497   0.6060  -0.8179   0.6538  -0.8159  -0.8784   1.4121   0.0298  -0.7485   0.5425 
  1.8667   0.6528  -0.7798   0.9341  -0.7466  -0.8169   2.9321   0.0259  -0.6792   0.4912 
  1.6470   0.7119  -0.7271   1.2715  -0.7021  -0.7969   0.2070   0.0488  -0.5674   0.4243 
  1.3984   0.7710  -0.6470   1.8198  -0.6377  -0.8228   2.5537   0.0869  -0.4590   0.3159 
  1.1294   0.8408  -0.5752   1.8379  -0.5264  -0.9478  -0.1958   0.1455  -0.3691   0.2012 
  0.9277   0.9741  -0.5225   1.8184  -0.4673  -0.9341  -1.5010   0.2104  -0.3491   0.1309 
  0.7881   1.1079  -0.4600   1.6641  -0.3789  -0.8818  -2.5747   0.3022  -0.3555   0.0737 
  0.5557   1.1621  -0.3423   1.4951  -0.2920  -0.8740   0.2388   0.4517  -0.3428   0.0132 
  0.3872   0.0000  -0.2539   0.0000  -0.3521  -0.8496  -1.0400   0.6265  -0.3428  -0.0605 
  0.3555   0.0000  -0.2554   0.0000  -0.5381  -0.9146  -1.2363   0.7817  -0.3506  -0.0684 
  0.8970   0.0000  -0.3862   0.0000  -0.6753  -0.8965  -0.6177   1.0415  -0.3799  -0.0781 
  1.4434   0.0000  -0.4023   0.0000  -0.6221  -0.8413  -0.8560   1.6069  -0.4102  -0.1499 
 -0.8867   0.0000  -0.3535   0.0000  -0.5239  -0.7578  -1.0806   1.9502  -0.3770  -0.2490 
 -1.9155   0.0000  -0.2852   0.0000  -0.5498  -0.7134  -0.8672   1.8726  -0.3799  -0.2959 
  0.1606   0.0000  -0.3066   0.0000  -0.6650  -0.7417  -0.7466   1.8188  -0.5239  -0.3706 
  0.7612   0.0000  -0.6572   0.0000  -0.7412  -0.6396  -0.8354   1.5830  -0.6885  -0.2275 
  1.2056   0.0000  -0.8071   0.0000  -0.7153  -0.4775  -0.9175   1.4478  -0.7192  -0.0620 
  1.1909   0.0000  -0.7285   0.0000  -0.7656  -0.3921  -0.8486   1.4316  -0.6875  -0.0176 
  0.8188   0.0000  -0.8813   0.0000  -0.9067  -0.4023  -0.8594   1.3101  -0.7046   0.0757 
  1.0308   0.0000  -0.5146   0.0000  -0.7788  -0.4448  -0.9404   1.1865  -0.4351  -0.0386 
  0.9707   0.0000  -0.1147   0.0000  -0.5430  -0.3901  -0.8281   1.1099   0.3286  -0.0942 
  0.7500   0.0000  -0.1665   0.0000  -0.7188  -0.3066  -0.7827   1.0479   0.8882   0.0605 
  0.5229   0.0000  -0.1064   0.0000  -0.4385  -0.3633  -0.8696   0.9331   0.5283   0.2031 
  0.2603   0.0000  -0.3169   0.0000  -0.2710  -0.4712  -0.8779   0.7813   0.1182   0.2212 
  0.1777   0.0000   0.1279   0.0000   0.0571  -0.5317  -0.9082   0.6177   0.3042   0.2959 
  0.0781   0.0000   0.3706   0.0000   0.1523  -0.4570  -0.9839   0.4873   1.3438   0.4971 
  0.0195   0.0000  -0.7036   0.0000  -0.1650  -0.4277  -0.9995   0.4243   2.2944   0.6924 
  0.0923   0.0000  -0.2817   0.0000  -0.0391  -0.4956  -1.0449   0.4624   2.2700   0.7490 
  0.2192   0.0000   2.0771   0.0000   0.5146  -0.4688  -0.9814   0.5845   2.5176   0.8721 
  0.3486   0.0000   3.6133   0.0000   1.1172  -0.1729  -0.9839   0.7363   2.3101   0.9512 
  0.5239   0.0000   2.0625   0.0000   1.2251  -0.0825  -0.8740   0.9038   0.0000   0.8857 
  0.5732   0.0000   2.3960   0.0000   1.0806   0.0000  -0.8652   1.0278   0.0000   0.7344 
  0.4097   0.0000   1.8545   0.0000   1.3481   0.0000  -0.9331   1.1294   0.0000   0.5830 
  0.1978   0.0000   1.8560   0.0000   1.5259   0.0000  -0.9678   1.2173   0.0000   0.4727 
  0.1455   0.0000   1.7319   0.0000   1.4751   0.0000  -0.9761   1.2637   0.0000   0.3750 
  0.1445   0.0000   1.5142   0.0000   1.3809   0.0000  -0.9551   1.2739   0.0000   0.3311 
  0.0571   0.0000   1.2031   0.0000   1.3076   0.0000  -0.9058   1.3335   0.0000   0.3501 
  0.0205   0.0000   0.9619   0.0000   1.2534   0.0000  -0.9536   1.4150   0.0000   0.3975 
 -0.0303   0.0000   0.7451   0.0000   1.1729   0.0000  -1.0518   1.4346   0.0000   0.4653 
 -0.0278   0.0000   0.5879   0.0000   1.1108   0.0000  -1.0566   1.4199   0.0000   0.4897 
 -0.0215   0.0000   0.4712   0.0000   0.0000   0.0000  -0.9985   1.4053   0.0000   0.4897 
 -0.0952   0.0000   0.4214   0.0000   0.0000   0.0000  -0.9150   1.3589   0.0000   0.5317 
  0.1880   0.0000   0.4312   0.0000   0.0000   0.0000  -0.8374   1.3408   0.0000   0.5493 
  0.9756   0.0000   0.5298   0.0000   0.0000   0.0000  -0.8359   0.0000   0.0000   0.5234 
  1.1377   0.0000   0.6484   0.0000   0.0000   0.0000  -0.8223   0.0000   0.0000   0.5112 
  0.3965   0.0000   0.7729   0.0000   0.0000   0.0000  -0.8384   0.0000   0.0000   0.5020 
  0.3486   0.0000   0.9150   0.0000   0.0000   0.0000  -0.8599   0.0000   0.0000   0.4668 
  0.5889   0.0000   1.0649   0.0000   0.0000   0.0000  -0.9692   0.0000   0.0000   0.4087 
  0.7935   0.0000   1.2134   0.0000   0.0000   0.0000  -1.0581   0.0000   0.0000   0.3462 
  0.8418   0.0000   1.3198   0.0000   0.0000   0.0000  -1.0552   0.0000   0.0000   0.3076 
  0.8638   0.0000   1.3755   0.0000   0.0000   0.0000  -1.0884   0.0000   0.0000   0.2598 
  0.5952   0.0000   1.4502   0.0000   0.0000   0.0000  -1.1528   0.0000   0.0000   0.2212 
  0.4399   0.0000   1.5361   0.0000   0.0000   0.0000  -1.1255   0.0000   0.0000   0.2026 
  0.3027   0.0000   1.6011   0.0000   0.0000   0.0000  -0.9985   0.0000   0.0000   0.1997 
  0.2285   0.0000   1.6367   0.0000   0.0000   0.0000  -0.9951   0.0000   0.0000   0.2026 
  0.2134   0.0000   1.6147   0.0000   0.0000   0.0000  -0.9971   0.0000   0.0000   0.1978 
  0.2847   0.0000   1.4971   0.0000   0.0000   0.0000  -0.9712   0.0000   0.0000   0.2261 
  0.3198   0.0000   1.3457   0.0000   0.0000   0.0000  -0.8916   0.0000   0.0000   0.2520 
  0.0693   0.0000   1.2354   0.0000   0.0000   0.0000  -0.9106   0.0000   0.0000   0.2246 
 -0.0781   0.0000   1.1602   0.0000   0.0000   0.0000  -0.9082   0.0000   0.0000   0.2021 
  0.1338   0.0000   1.0972   0.0000   0.0000   0.0000  -0.8950   0.0000   0.0000   0.2104 
  0.1401   0.0000   1.0830   0.0000   0.0000   0.0000  -0.8931   0.0000   0.0000   0.2656 
  0.0303   0.0000   1.0474   0.0000   0.0000   0.0000  -0.8008   0.0000   0.0000   0.2759 
  0.0928   0.0000   1.0278   0.0000   0.0000   0.0000  -0.6792   0.0000   0.0000   0.2686 
  0.1470   0.0000   0.8975   0.0000   0.0000   0.0000  -0.5737   0.0000   0.0000   0.2930 
  0.1743   0.0000   0.7651   0.0000   0.0000   0.0000  -0.4355   0.0000   0.0000   0.3027 
  0.3833   0.0000   0.6221   0.0000   0.0000   0.0000  -0.3774   0.0000   0.0000   0.2397 
  0.2959   0.0000   0.5391   0.0000   0.0000   0.0000  -0.3374   0.0000   0.0000   0.1719 
  0.2119   0.0000   0.4971   0.0000   0.0000   0.0000  -0.3438   0.0000   0.0000   0.1094 
  0.1147   0.0000   0.4868   0.0000   0.0000   0.0000  -0.3696   0.0000   0.0000   0.1094 
  0.0952   0.0000   0.4048   0.0000   0.0000   0.0000  -0.3936   0.0000   0.0000   0.1694 
  0.2051   0.0000   0.3159   0.0000   0.0000   0.0000  -0.4067   0.0000   0.0000   0.1104 
  0.1118   0.0000   0.2847   0.0000   0.0000   0.0000  -0.3804   0.0000   0.0000   0.2217 
  0.1069   0.0000   0.2964   0.0000   0.0000   0.0000  -0.3682   0.0000   0.0000   0.1934 
  0.1953   0.0000   0.2905   0.0000   0.0000   0.0000  -0.3594   0.0000   0.0000   0.3232 
  0.0928   0.0000   0.2627   0.0000   0.0000   0.0000  -0.4409   0.0000   0.0000   0.0000 
  0.0557   0.0000   0.2363   0.0000   0.0000   0.0000  -0.6987   0.0000   0.0000   0.0000 
 -0.0063   0.0000   0.2100   0.0000   0.0000   0.0000  -0.8145   0.0000   0.0000   0.0000 
 -0.1636   0.0000   0.1758   0.0000   0.0000   0.0000  -0.9419   0.0000   0.0000   0.0000 
 -0.2139   0.0000   0.1836   0.0000   0.0000   0.0000  -0.8374   0.0000   0.0000   0.0000 
 -0.1538   0.0000   0.2148   0.0000   0.0000   0.0000  -0.5796   0.0000   0.0000   0.0000 
 -0.2881   0.0000   0.2017   0.0000   0.0000   0.0000  -0.6509   0.0000   0.0000   0.0000 
 -0.3252   0.0000   0.1899   0.0000   0.0000   0.0000  -0.0815   0.0000   0.0000   0.0000 
 -0.2803   0.0000   0.1621   0.0000   0.0000   0.0000   0.6924   0.0000   0.0000   0.0000 
 -0.3457   0.0000   0.1431   0.0000   0.0000   0.0000   1.0181   0.0000   0.0000   0.0000 
 -0.4004   0.0000   0.0991   0.0000   0.0000   0.0000   0.3755   0.0000   0.0000   0.0000 
 -0.3418   0.0000   0.0645   0.0000   0.0000   0.0000  -0.4663   0.0000   0.0000   0.0000 
 -0.3647   0.0000   0.0356   0.0000   0.0000   0.0000   0.0068   0.0000   0.0000   0.0000 
 -0.4619   0.0000   0.0024   0.0000   0.0000   0.0000   2.4414   0.0000   0.0000   0.0000 
 -0.3916   0.0000  -0.0488   0.0000   0.0000   0.0000   1.9907   0.0000   0.0000   0.0000 
 -0.4092   0.0000  -0.0884   0.0000   0.0000   0.0000   1.3179   0.0000   0.0000   0.0000 
 -0.4604   0.0000  -0.1279   0.0000   0.0000   0.0000   1.9458   0.0000   0.0000   0.0000 
 -0.4385   0.0000  -0.1187   0.0000   0.0000   0.0000   2.0918   0.0000   0.0000   0.0000 
 -0.4561   0.0000  -0.1079   0.0000   0.0000   0.0000   1.9775   0.0000   0.0000   0.0000 
 -0.4497   0.0000  -0.1372   0.0000   0.0000   0.0000   1.7354   0.0000   0.0000   0.0000 
 -0.4390   0.0000  -0.1753   0.0000   0.0000   0.0000   1.5225   0.0000   0.0000   0.0000 
 -0.4170   0.0000  -0.1958   0.0000   0.0000   0.0000   1.3398   0.0000   0.0000   0.0000 
 -0.3955   0.0000  -0.2285   0.0000   0.0000   0.0000   0.0000   0.0000   0.0000   0.0000 
 -0.4336   0.0000  -0.2476   0.0000   0.0000   0.0000   0.0000   0.0000   0.0000   0.0000 
 -0.4824   0.0000  -0.2603   0.0000   0.0000   0.0000   0.0000   0.0000   0.0000   0.0000 
 -0.6230   0.0000  -0.2808   0.0000   0.0000   0.0000   0.0000   0.0000   0.0000   0.0000 
 -0.9897   0.0000  -0.3247   0.0000   0.0000   0.0000   0.0000   0.0000   0.0000   0.0000 
 -1.5342   0.0000  -0.3418   0.0000   0.0000   0.0000   0.0000   0.0000   0.0000   0.0000 
 -1.3413   0.0000  -0.3291   0.0000   0.0000   0.0000   0.0000   0.0000   0.0000   0.0000 
 -1.2764   0.0000  -0.3242   0.0000   0.0000   0.0000   0.0000   0.0000   0.0000   0.0000 
 -2.3872   0.0000  -0.3208   0.0000   0.0000   0.0000   0.0000   0.0000   0.0000   0.0000 
 -1.9375   0.0000  -0.2671   0.0000   0.0000   0.0000   0.0000   0.0000   0.0000   0.0000 
  2.4375   0.0000  -0.2285   0.0000   0.0000   0.0000   0.0000   0.0000   0.0000   0.0000 
  1.1787   0.0000  -0.2256   0.0000   0.0000   0.0000   0.0000   0.0000   0.0000   0.0000 
  1.5151   0.0000  -0.2007   0.0000   0.0000   0.0000   0.0000   0.0000   0.0000   0.0000 
  2.9897   0.0000  -0.1001   0.0000   0.0000   0.0000   0.0000   0.0000   0.0000   0.0000 
  0.0244   0.0000   0.0635   0.0000   0.0000   0.0000   0.0000   0.0000   0.0000   0.0000 
 -2.3940   0.0000   0.1318   0.0000   0.0000   0.0000   0.0000   0.0000   0.0000   0.0000 
 -2.1191   0.0000   0.0454   0.0000   0.0000   0.0000   0.0000   0.0000   0.0000   0.0000 
 -1.8115   0.0000  -0.0415   0.0000   0.0000   0.0000   0.0000   0.0000   0.0000   0.0000 
 -0.3354   0.0000   0.0776   0.0000   0.0000   0.0000   0.0000   0.0000   0.0000   0.0000 
 -1.0718   0.0000   0.8174   0.0000   0.0000   0.0000   0.0000   0.0000   0.0000   0.0000 
 -1.5542   0.0000   1.4600   0.0000   0.0000   0.0000   0.0000   0.0000   0.0000   0.0000 
 -1.5889   0.0000   1.6235   0.0000   0.0000   0.0000   0.0000   0.0000   0.0000   0.0000 
 -1.1050   0.0000  -1.3618   0.0000   0.0000   0.0000   0.0000   0.0000   0.0000   0.0000 
 -0.9155   0.0000  -1.0864   0.0000   0.0000   0.0000   0.0000   0.0000   0.0000   0.0000 
 -1.1104   0.0000  -0.0776   0.0000   0.0000   0.0000   0.0000   0.0000   0.0000   0.0000 
 -0.9771   0.0000  -0.0044   0.0000   0.0000   0.0000   0.0000   0.0000   0.0000   0.0000 
 -0.8901   0.0000  -0.2407   0.0000   0.0000   0.0000   0.0000   0.0000   0.0000   0.0000 
 -0.7681   0.0000  -0.3740   0.0000   0.0000   0.0000   0.0000   0.0000   0.0000   0.0000 
 -0.7456   0.0000  -0.5752   0.0000   0.0000   0.0000   0.0000   0.0000   0.0000   0.0000 
 -0.7603   0.0000  -0.4380   0.0000   0.0000   0.0000   0.0000   0.0000   0.0000   0.0000 
 -0.7710   0.0000  -0.3809   0.0000   0.0000   0.0000   0.0000   0.0000   0.0000   0.0000 
 -0.8286   0.0000  -0.5249   0.0000   0.0000   0.0000   0.0000   0.0000   0.0000   0.0000 
 -0.9736   0.0000  -0.3535   0.0000   0.0000   0.0000   0.0000   0.0000   0.0000   0.0000 
 -0.9883   0.0000  -0.0083   0.0000   0.0000   0.0000   0.0000   0.0000   0.0000   0.0000 
 -0.9443   0.0000   0.3745   0.0000   0.0000   0.0000   0.0000   0.0000   0.0000   0.0000 
 -0.9180   0.0000   1.0303   0.0000   0.0000   0.0000   0.0000   0.0000   0.0000   0.0000 
 -0.9199   0.0000   2.8013   0.0000   0.0000   0.0000   0.0000   0.0000   0.0000   0.0000 
 -0.8989   0.0000   2.2754   0.0000   0.0000   0.0000   0.0000   0.0000   0.0000   0.0000 
 -0.8750   0.0000   2.1543   0.0000   0.0000   0.0000   0.0000   0.0000   0.0000   0.0000 
 -0.7886   0.0000   1.6265   0.0000   0.0000   0.0000   0.0000   0.0000   0.0000   0.0000 
 -0.7646   0.0000   1.5474   0.0000   0.0000   0.0000   0.0000   0.0000   0.0000   0.0000 
 -0.8413   0.0000   1.4966   0.0000   0.0000   0.0000   0.0000   0.0000   0.0000   0.0000 
 -0.8501   0.0000   1.4697   0.0000   0.0000   0.0000   0.0000   0.0000   0.0000   0.0000 
 -0.9019   0.0000   1.3745   0.0000   0.0000   0.0000   0.0000   0.0000   0.0000   0.0000 
 -0.9297   0.0000   1.3823   0.0000   0.0000   0.0000   0.0000   0.0000   0.0000   0.0000 
 -0.9014   0.0000   1.3008   0.0000   0.0000   0.0000   0.0000   0.0000   0.0000   0.0000 
 -0.8643   0.0000   1.3496   0.0000   0.0000   0.0000   0.0000   0.0000   0.0000   0.0000 
 -0.8774   0.0000   0.8042   0.0000   0.0000   0.0000   0.0000   0.0000   0.0000   0.0000 
 -0.8657   0.0000   1.4673   0.0000   0.0000   0.0000   0.0000   0.0000   0.0000   0.0000 
 -0.8506   0.0000   0.4492   0.0000   0.0000   0.0000   0.0000   0.0000   0.0000   0.0000 
 -0.8740   0.0000  -0.6387   0.0000   0.0000   0.0000   0.0000   0.0000   0.0000   0.0000 
 -0.8838   0.0000  -0.9395   0.0000   0.0000   0.0000   0.0000   0.0000   0.0000   0.0000 
 -0.9429   0.0000  -1.0273   0.0000   0.0000   0.0000   0.0000   0.0000   0.0000   0.0000 
 -0.9771   0.0000  -0.6060   0.0000   0.0000   0.0000   0.0000   0.0000   0.0000   0.0000 
 -0.9531   0.0000  -0.2119   0.0000   0.0000   0.0000   0.0000   0.0000   0.0000   0.0000 
 -0.9351   0.0000  -0.6455   0.0000   0.0000   0.0000   0.0000   0.0000   0.0000   0.0000 
 -0.8896   0.0000  -0.4380   0.0000   0.0000   0.0000   0.0000   0.0000   0.0000   0.0000 
 -0.8906   0.0000  -0.0610   0.0000   0.0000   0.0000   0.0000   0.0000   0.0000   0.0000 
 -0.9160   0.0000  -0.3179   0.0000   0.0000   0.0000   0.0000   0.0000   0.0000   0.0000 
 -0.8750   0.0000   0.0000   0.0000   0.0000   0.0000   0.0000   0.0000   0.0000   0.0000 
 -0.8853   0.0000   0.0000   0.0000   0.0000   0.0000   0.0000   0.0000   0.0000   0.0000 
 -0.8721   0.0000   0.0000   0.0000   0.0000   0.0000   0.0000   0.0000   0.0000   0.0000 
 -0.9331   0.0000   0.0000   0.0000   0.0000   0.0000   0.0000   0.0000   0.0000   0.0000 
 -0.9736   0.0000   0.0000   0.0000   0.0000   0.0000   0.0000   0.0000   0.0000   0.0000 
 -1.0293   0.0000   0.0000   0.0000   0.0000   0.0000   0.0000   0.0000   0.0000   0.0000 
 -1.0449   0.0000   0.0000   0.0000   0.0000   0.0000   0.0000   0.0000   0.0000   0.0000 
 -1.0327   0.0000   0.0000   0.0000   0.0000   0.0000   0.0000   0.0000   0.0000   0.0000 
 -1.0181   0.0000   0.0000   0.0000   0.0000   0.0000   0.0000   0.0000   0.0000   0.0000 
 -0.9575   0.0000   0.0000   0.0000   0.0000   0.0000   0.0000   0.0000   0.0000   0.0000 
 -0.9565   0.0000   0.0000   0.0000   0.0000   0.0000   0.0000   0.0000   0.0000   0.0000 
 -0.9375   0.0000   0.0000   0.0000   0.0000   0.0000   0.0000   0.0000   0.0000   0.0000 
 -0.9136   0.0000   0.0000   0.0000   0.0000   0.0000   0.0000   0.0000   0.0000   0.0000 
 -0.9233   0.0000   0.0000   0.0000   0.0000   0.0000   0.0000   0.0000   0.0000   0.0000 
 -0.9302   0.0000   0.0000   0.0000   0.0000   0.0000   0.0000   0.0000   0.0000   0.0000 
 -0.9121   0.0000   0.0000   0.0000   0.0000   0.0000   0.0000   0.0000   0.0000   0.0000 
 -0.8994   0.0000   0.0000   0.0000   0.0000   0.0000   0.0000   0.0000   0.0000   0.0000 
 -0.9209   0.0000   0.0000   0.0000   0.0000   0.0000   0.0000   0.0000   0.0000   0.0000 
 -0.9604   0.0000   0.0000   0.0000   0.0000   0.0000   0.0000   0.0000   0.0000   0.0000 
 -0.9961   0.0000   0.0000   0.0000   0.0000   0.0000   0.0000   0.0000   0.0000   0.0000 
 -1.0083   0.0000   0.0000   0.0000   0.0000   0.0000   0.0000   0.0000   0.0000   0.0000 
 -0.9985   0.0000   0.0000   0.0000   0.0000   0.0000   0.0000   0.0000   0.0000   0.0000 
 -0.9629   0.0000   0.0000   0.0000   0.0000   0.0000   0.0000   0.0000   0.0000   0.0000 
 -0.9429   0.0000   0.0000   0.0000   0.0000   0.0000   0.0000   0.0000   0.0000   0.0000 
 -0.9033   0.0000   0.0000   0.0000   0.0000   0.0000   0.0000   0.0000   0.0000   0.0000 
 -0.8735   0.0000   0.0000   0.0000   0.0000   0.0000   0.0000   0.0000   0.0000   0.0000 
 -0.8359   0.0000   0.0000   0.0000   0.0000   0.0000   0.0000   0.0000   0.0000   0.0000 
 -0.7798   0.0000   0.0000   0.0000   0.0000   0.0000   0.0000   0.0000   0.0000   0.0000 
 -0.6787   0.0000   0.0000   0.0000   0.0000   0.0000   0.0000   0.0000   0.0000   0.0000 
 -0.5776   0.0000   0.0000   0.0000   0.0000   0.0000   0.0000   0.0000   0.0000   0.0000 
 -0.4946   0.0000   0.0000   0.0000   0.0000   0.0000   0.0000   0.0000   0.0000   0.0000 
 -0.4893   0.0000   0.0000   0.0000   0.0000   0.0000   0.0000   0.0000   0.0000   0.0000 
 -0.5000   0.0000   0.0000   0.0000   0.0000   0.0000   0.0000   0.0000   0.0000   0.0000 
 -0.4536   0.0000   0.0000   0.0000   0.0000   0.0000   0.0000   0.0000   0.0000   0.0000 
 -0.3999   0.0000   0.0000   0.0000   0.0000   0.0000   0.0000   0.0000   0.0000   0.0000 
 -0.3589   0.0000   0.0000   0.0000   0.0000   0.0000   0.0000   0.0000   0.0000   0.0000 
 -0.4932   0.0000   0.0000   0.0000   0.0000   0.0000   0.0000   0.0000   0.0000   0.0000 
 -0.6138   0.0000   0.0000   0.0000   0.0000   0.0000   0.0000   0.0000   0.0000   0.0000 
 -0.5762   0.0000   0.0000   0.0000   0.0000   0.0000   0.0000   0.0000   0.0000   0.0000 
 -0.5444   0.0000   0.0000   0.0000   0.0000   0.0000   0.0000   0.0000   0.0000   0.0000 
 -0.4863   0.0000   0.0000   0.0000   0.0000   0.0000   0.0000   0.0000   0.0000   0.0000 
 -0.5815   0.0000   0.0000   0.0000   0.0000   0.0000   0.0000   0.0000   0.0000   0.0000 
 -0.8223   0.0000   0.0000   0.0000   0.0000   0.0000   0.0000   0.0000   0.0000   0.0000 
 -0.7275   0.0000   0.0000   0.0000   0.0000   0.0000   0.0000   0.0000   0.0000   0.0000 
 -0.7275   0.0000   0.0000   0.0000   0.0000   0.0000   0.0000   0.0000   0.0000   0.0000 
 -0.7446   0.0000   0.0000   0.0000   0.0000   0.0000   0.0000   0.0000   0.0000   0.0000 
 -0.3691   0.0000   0.0000   0.0000   0.0000   0.0000   0.0000   0.0000   0.0000   0.0000 
 -0.1870   0.0000   0.0000   0.0000   0.0000   0.0000   0.0000   0.0000   0.0000   0.0000 
 -0.0786   0.0000   0.0000   0.0000   0.0000   0.0000   0.0000   0.0000   0.0000   0.0000 
  0.2627   0.0000   0.0000   0.0000   0.0000   0.0000   0.0000   0.0000   0.0000   0.0000 
  0.1934   0.0000   0.0000   0.0000   0.0000   0.0000   0.0000   0.0000   0.0000   0.0000 
 -0.6006   0.0000   0.0000   0.0000   0.0000   0.0000   0.0000   0.0000   0.0000   0.0000 
 -1.1226   0.0000   0.0000   0.0000   0.0000   0.0000   0.0000   0.0000   0.0000   0.0000 
 -0.0596   0.0000   0.0000   0.0000   0.0000   0.0000   0.0000   0.0000   0.0000   0.0000 
  1.6411   0.0000   0.0000   0.0000   0.0000   0.0000   0.0000   0.0000   0.0000   0.0000 
  1.8188   0.0000   0.0000   0.0000   0.0000   0.0000   0.0000   0.0000   0.0000   0.0000 
  1.5605   0.0000   0.0000   0.0000   0.0000   0.0000   0.0000   0.0000   0.0000   0.0000 
  1.8770   0.0000   0.0000   0.0000   0.0000   0.0000   0.0000   0.0000   0.0000   0.0000 
  1.7466   0.0000   0.0000   0.0000   0.0000   0.0000   0.0000   0.0000   0.0000   0.0000 
  1.5239   0.0000   0.0000   0.0000   0.0000   0.0000   0.0000   0.0000   0.0000   0.0000 
  1.3794   0.0000   0.0000   0.0000   0.0000   0.0000   0.0000   0.0000   0.0000   0.0000 
  1.2217   0.0000   0.0000   0.0000   0.0000   0.0000   0.0000   0.0000   0.0000   0.0000 
  0.0000   0.0000   0.0000   0.0000   0.0000   0.0000   0.0000   0.0000   0.0000   0.0000 
  0.0000   0.0000   0.0000   0.0000   0.0000   0.0000   0.0000   0.0000   0.0000   0.0000 
  0.0000   0.0000   0.0000   0.0000   0.0000   0.0000   0.0000   0.0000   0.0000   0.0000 
  0.0000   0.0000   0.0000   0.0000   0.0000   0.0000   0.0000   0.0000   0.0000   0.0000 
  0.0000   0.0000   0.0000   0.0000   0.0000   0.0000   0.0000   0.0000   0.0000   0.0000 
  0.0000   0.0000   0.0000   0.0000   0.0000   0.0000   0.0000   0.0000   0.0000   0.0000 
  0.0000   0.0000   0.0000   0.0000   0.0000   0.0000   0.0000   0.0000   0.0000   0.0000 
  0.0000   0.0000   0.0000   0.0000   0.0000   0.0000   0.0000   0.0000   0.0000   0.0000 
  0.0000   0.0000   0.0000   0.0000   0.0000   0.0000   0.0000   0.0000   0.0000   0.0000 
  0.0000   0.0000   0.0000   0.0000   0.0000   0.0000   0.0000   0.0000   0.0000   0.0000 
  0.0000   0.0000   0.0000   0.0000   0.0000   0.0000   0.0000   0.0000   0.0000   0.0000 
  0.0000   0.0000   0.0000   0.0000   0.0000   0.0000   0.0000   0.0000   0.0000   0.0000 
  0.0000   0.0000   0.0000   0.0000   0.0000   0.0000   0.0000   0.0000   0.0000   0.0000 
  0.0000   0.0000   0.0000   0.0000   0.0000   0.0000   0.0000   0.0000   0.0000   0.0000 
  0.0000   0.0000   0.0000   0.0000   0.0000   0.0000   0.0000   0.0000   0.0000   0.0000 
  0.0000   0.0000   0.0000   0.0000   0.0000   0.0000   0.0000   0.0000   0.0000   0.0000 
  0.0000   0.0000   0.0000   0.0000   0.0000   0.0000   0.0000   0.0000   0.0000   0.0000 
  0.0000   0.0000   0.0000   0.0000   0.0000   0.0000   0.0000   0.0000   0.0000   0.0000 
  0.0000   0.0000   0.0000   0.0000   0.0000   0.0000   0.0000   0.0000   0.0000   0.0000 
  0.0000   0.0000   0.0000   0.0000   0.0000   0.0000   0.0000   0.0000   0.0000   0.0000 
  0.0000   0.0000   0.0000   0.0000   0.0000   0.0000   0.0000   0.0000   0.0000   0.0000 
  0.0000   0.0000   0.0000   0.0000   0.0000   0.0000   0.0000   0.0000   0.0000   0.0000 
  0.0000   0.0000   0.0000   0.0000   0.0000   0.0000   0.0000   0.0000   0.0000   0.0000 
  0.0000   0.0000   0.0000   0.0000   0.0000   0.0000   0.0000   0.0000   0.0000   0.0000 
  0.0000   0.0000   0.0000   0.0000   0.0000   0.0000   0.0000   0.0000   0.0000   0.0000 
  0.0000   0.0000   0.0000   0.0000   0.0000   0.0000   0.0000   0.0000   0.0000   0.0000 
  0.0000   0.0000   0.0000   0.0000   0.0000   0.0000   0.0000   0.0000   0.0000   0.0000 
  0.0000   0.0000   0.0000   0.0000   0.0000   0.0000   0.0000   0.0000   0.0000   0.0000 
  0.0000   0.0000   0.0000   0.0000   0.0000   0.0000   0.0000   0.0000   0.0000   0.0000 
  0.0000   0.0000   0.0000   0.0000   0.0000   0.0000   0.0000   0.0000   0.0000   0.0000 
  0.0000   0.0000   0.0000   0.0000   0.0000   0.0000   0.0000   0.0000   0.0000   0.0000 
  0.0000   0.0000   0.0000   0.0000   0.0000   0.0000   0.0000   0.0000   0.0000   0.0000 
  0.0000   0.0000   0.0000   0.0000   0.0000   0.0000   0.0000   0.0000   0.0000   0.0000 
  0.0000   0.0000   0.0000   0.0000   0.0000   0.0000   0.0000   0.0000   0.0000   0.0000 
  0.0000   0.0000   0.0000   0.0000   0.0000   0.0000   0.0000   0.0000   0.0000   0.0000 
  0.0000   0.0000   0.0000   0.0000   0.0000   0.0000   0.0000   0.0000   0.0000   0.0000 
  0.0000   0.0000   0.0000   0.0000   0.0000   0.0000   0.0000   0.0000   0.0000   0.0000 
  0.0000   0.0000   0.0000   0.0000   0.0000   0.0000   0.0000   0.0000   0.0000   0.0000 
  0.0000   0.0000   0.0000   0.0000   0.0000   0.0000   0.0000   0.0000   0.0000   0.0000 
  0.0000   0.0000   0.0000   0.0000   0.0000   0.0000   0.0000   0.0000   0.0000   0.0000 
  0.0000   0.0000   0.0000   0.0000   0.0000   0.0000   0.0000   0.0000   0.0000   0.0000 
  0.0000   0.0000   0.0000   0.0000   0.0000   0.0000   0.0000   0.0000   0.0000   0.0000 
  0.0000   0.0000   0.0000   0.0000   0.0000   0.0000   0.0000   0.0000   0.0000   0.0000 
  0.0000   0.0000   0.0000   0.0000   0.0000   0.0000   0.0000   0.0000   0.0000   0.0000 
  0.0000   0.0000   0.0000   0.0000   0.0000   0.0000   0.0000   0.0000   0.0000   0.0000 
  0.0000   0.0000   0.0000   0.0000   0.0000   0.0000   0.0000   0.0000   0.0000   0.0000 
  0.0000   0.0000   0.0000   0.0000   0.0000   0.0000   0.0000   0.0000   0.0000   0.0000 
  0.0000   0.0000   0.0000   0.0000   0.0000   0.0000   0.0000   0.0000   0.0000   0.0000 
  0.0000   0.0000   0.0000   0.0000   0.0000   0.0000   0.0000   0.0000   0.0000   0.0000 
  0.0000   0.0000   0.0000   0.0000   0.0000   0.0000   0.0000   0.0000   0.0000   0.0000 
  0.0000   0.0000   0.0000   0.0000   0.0000   0.0000   0.0000   0.0000   0.0000   0.0000 
  0.0000   0.0000   0.0000   0.0000   0.0000   0.0000   0.0000   0.0000   0.0000   0.0000 
  0.0000   0.0000   0.0000   0.0000   0.0000   0.0000   0.0000   0.0000   0.0000   0.0000 
  0.0000   0.0000   0.0000   0.0000   0.0000   0.0000   0.0000   0.0000   0.0000   0.0000 
  0.0000   0.0000   0.0000   0.0000   0.0000   0.0000   0.0000   0.0000   0.0000   0.0000 
  0.0000   0.0000   0.0000   0.0000   0.0000   0.0000   0.0000   0.0000   0.0000   0.0000 
  0.0000   0.0000   0.0000   0.0000   0.0000   0.0000   0.0000   0.0000   0.0000   0.0000 
  0.0000   0.0000   0.0000   0.0000   0.0000   0.0000   0.0000   0.0000   0.0000   0.0000 
  0.0000   0.0000   0.0000   0.0000   0.0000   0.0000   0.0000   0.0000   0.0000   0.0000 
  0.0000   0.0000   0.0000   0.0000   0.0000   0.0000   0.0000   0.0000   0.0000   0.0000 
  0.0000   0.0000   0.0000   0.0000   0.0000   0.0000   0.0000   0.0000   0.0000   0.0000 
  0.0000   0.0000   0.0000   0.0000   0.0000   0.0000   0.0000   0.0000   0.0000   0.0000 
  0.0000   0.0000   0.0000   0.0000   0.0000   0.0000   0.0000   0.0000   0.0000   0.0000 
  0.0000   0.0000   0.0000   0.0000   0.0000   0.0000   0.0000   0.0000   0.0000   0.0000 
  0.0000   0.0000   0.0000   0.0000   0.0000   0.0000   0.0000   0.0000   0.0000   0.0000 
  0.0000   0.0000   0.0000   0.0000   0.0000   0.0000   0.0000   0.0000   0.0000   0.0000 
  0.0000   0.0000   0.0000   0.0000   0.0000   0.0000   0.0000   0.0000   0.0000   0.0000 
  0.0000   0.0000   0.0000   0.0000   0.0000   0.0000   0.0000   0.0000   0.0000   0.0000 
  0.0000   0.0000   0.0000   0.0000   0.0000   0.0000   0.0000   0.0000   0.0000   0.0000 
  0.0000   0.0000   0.0000   0.0000   0.0000   0.0000   0.0000   0.0000   0.0000   0.0000 
  0.0000   0.0000   0.0000   0.0000   0.0000   0.0000   0.0000   0.0000   0.0000   0.0000 
  0.0000   0.0000   0.0000   0.0000   0.0000   0.0000   0.0000   0.0000   0.0000   0.0000 
  0.0000   0.0000   0.0000   0.0000   0.0000   0.0000   0.0000   0.0000   0.0000   0.0000 
  0.0000   0.0000   0.0000   0.0000   0.0000   0.0000   0.0000   0.0000   0.0000   0.0000 
  0.0000   0.0000   0.0000   0.0000   0.0000   0.0000   0.0000   0.0000   0.0000   0.0000 
  0.0000   0.0000   0.0000   0.0000   0.0000   0.0000   0.0000   0.0000   0.0000   0.0000 
  0.0000   0.0000   0.0000   0.0000   0.0000   0.0000   0.0000   0.0000   0.0000   0.0000 
  0.0000   0.0000   0.0000   0.0000   0.0000   0.0000   0.0000   0.0000   0.0000   0.0000 
  0.0000   0.0000   0.0000   0.0000   0.0000   0.0000   0.0000   0.0000   0.0000   0.0000 
  0.0000   0.0000   0.0000   0.0000   0.0000   0.0000   0.0000   0.0000   0.0000   0.0000 
  0.0000   0.0000   0.0000   0.0000   0.0000   0.0000   0.0000   0.0000   0.0000   0.0000 
  0.0000   0.0000   0.0000   0.0000   0.0000   0.0000   0.0000   0.0000   0.0000   0.0000 
  0.0000   0.0000   0.0000   0.0000   0.0000   0.0000   0.0000   0.0000   0.0000   0.0000 
  0.0000   0.0000   0.0000   0.0000   0.0000   0.0000   0.0000   0.0000   0.0000   0.0000 
  0.0000   0.0000   0.0000   0.0000   0.0000   0.0000   0.0000   0.0000   0.0000   0.0000 
  0.0000   0.0000   0.0000   0.0000   0.0000   0.0000   0.0000   0.0000   0.0000   0.0000 
  0.0000   0.0000   0.0000   0.0000   0.0000   0.0000   0.0000   0.0000   0.0000   0.0000 
  0.0000   0.0000   0.0000   0.0000   0.0000   0.0000   0.0000   0.0000   0.0000   0.0000 
  0.0000   0.0000   0.0000   0.0000   0.0000   0.0000   0.0000   0.0000   0.0000   0.0000 
  0.0000   0.0000   0.0000   0.0000   0.0000   0.0000   0.0000   0.0000   0.0000   0.0000 
  0.0000   0.0000   0.0000   0.0000   0.0000   0.0000   0.0000   0.0000   0.0000   0.0000 
  0.0000   0.0000   0.0000   0.0000   0.0000   0.0000   0.0000   0.0000   0.0000   0.0000 
  0.0000   0.0000   0.0000   0.0000   0.0000   0.0000   0.0000   0.0000   0.0000   0.0000 
  0.0000   0.0000   0.0000   0.0000   0.0000   0.0000   0.0000   0.0000   0.0000   0.0000 
  0.0000   0.0000   0.0000   0.0000   0.0000   0.0000   0.0000   0.0000   0.0000   0.0000 
  0.0000   0.0000   0.0000   0.0000   0.0000   0.0000   0.0000   0.0000   0.0000   0.0000 
  0.0000   0.0000   0.0000   0.0000   0.0000   0.0000   0.0000   0.0000   0.0000   0.0000 
  0.0000   0.0000   0.0000   0.0000   0.0000   0.0000   0.0000   0.0000   0.0000   0.0000 
  0.0000   0.0000   0.0000   0.0000   0.0000   0.0000   0.0000   0.0000   0.0000   0.0000 
  0.0000   0.0000   0.0000   0.0000   0.0000   0.0000   0.0000   0.0000   0.0000   0.0000 
  0.0000   0.0000   0.0000   0.0000   0.0000   0.0000   0.0000   0.0000   0.0000   0.0000 
  0.0000   0.0000   0.0000   0.0000   0.0000   0.0000   0.0000   0.0000   0.0000   0.0000 
  0.0000   0.0000   0.0000   0.0000   0.0000   0.0000   0.0000   0.0000   0.0000   0.0000 
  0.0000   0.0000   0.0000   0.0000   0.0000   0.0000   0.0000   0.0000   0.0000   0.0000 
  0.0000   0.0000   0.0000   0.0000   0.0000   0.0000   0.0000   0.0000   0.0000   0.0000 
  0.0000   0.0000   0.0000   0.0000   0.0000   0.0000   0.0000   0.0000   0.0000   0.0000 
  0.0000   0.0000   0.0000   0.0000   0.0000   0.0000   0.0000   0.0000   0.0000   0.0000 
  0.0000   0.0000   0.0000   0.0000   0.0000   0.0000   0.0000   0.0000   0.0000   0.0000 
  0.0000   0.0000   0.0000   0.0000   0.0000   0.0000   0.0000   0.0000   0.0000   0.0000 
  0.0000   0.0000   0.0000   0.0000   0.0000   0.0000   0.0000   0.0000   0.0000   0.0000 
  0.0000   0.0000   0.0000   0.0000   0.0000   0.0000   0.0000   0.0000   0.0000   0.0000 
  0.0000   0.0000   0.0000   0.0000   0.0000   0.0000   0.0000   0.0000   0.0000   0.0000 
  0.0000   0.0000   0.0000   0.0000   0.0000   0.0000   0.0000   0.0000   0.0000   0.0000 
  0.0000   0.0000   0.0000   0.0000   0.0000   0.0000   0.0000   0.0000   0.0000   0.0000 
  0.0000   0.0000   0.0000   0.0000   0.0000   0.0000   0.0000   0.0000   0.0000   0.0000 
  0.0000   0.0000   0.0000   0.0000   0.0000   0.0000   0.0000   0.0000   0.0000   0.0000 
  0.0000   0.0000   0.0000   0.0000   0.0000   0.0000   0.0000   0.0000   0.0000   0.0000 
  0.0000   0.0000   0.0000   0.0000   0.0000   0.0000   0.0000   0.0000   0.0000   0.0000 
  0.0000   0.0000   0.0000   0.0000   0.0000   0.0000   0.0000   0.0000   0.0000   0.0000 
  0.0000   0.0000   0.0000   0.0000   0.0000   0.0000   0.0000   0.0000   0.0000   0.0000 
  0.0000   0.0000   0.0000   0.0000   0.0000   0.0000   0.0000   0.0000   0.0000   0.0000 
  0.0000   0.0000   0.0000   0.0000   0.0000   0.0000   0.0000   0.0000   0.0000   0.0000 
  0.0000   0.0000   0.0000   0.0000   0.0000   0.0000   0.0000   0.0000   0.0000   0.0000 
  0.0000   0.0000   0.0000   0.0000   0.0000   0.0000   0.0000   0.0000   0.0000   0.0000 
  0.0000   0.0000   0.0000   0.0000   0.0000   0.0000   0.0000   0.0000   0.0000   0.0000 
  0.0000   0.0000   0.0000   0.0000   0.0000   0.0000   0.0000   0.0000   0.0000   0.0000 
  0.0000   0.0000   0.0000   0.0000   0.0000   0.0000   0.0000   0.0000   0.0000   0.0000 
  0.0000   0.0000   0.0000   0.0000   0.0000   0.0000   0.0000   0.0000   0.0000   0.0000 
  0.0000   0.0000   0.0000   0.0000   0.0000   0.0000   0.0000   0.0000   0.0000   0.0000 
  0.0000   0.0000   0.0000   0.0000   0.0000   0.0000   0.0000   0.0000   0.0000   0.0000 
  0.0000   0.0000   0.0000   0.0000   0.0000   0.0000   0.0000   0.0000   0.0000   0.0000 
  0.0000   0.0000   0.0000   0.0000   0.0000   0.0000   0.0000   0.0000   0.0000   0.0000 
  0.0000   0.0000   0.0000   0.0000   0.0000   0.0000   0.0000   0.0000   0.0000   0.0000 
  0.0000   0.0000   0.0000   0.0000   0.0000   0.0000   0.0000   0.0000   0.0000   0.0000 
  0.0000   0.0000   0.0000   0.0000   0.0000   0.0000   0.0000   0.0000   0.0000   0.0000 
  0.0000   0.0000   0.0000   0.0000   0.0000   0.0000   0.0000   0.0000   0.0000   0.0000 
  0.0000   0.0000   0.0000   0.0000   0.0000   0.0000   0.0000   0.0000   0.0000   0.0000 
  0.0000   0.0000   0.0000   0.0000   0.0000   0.0000   0.0000   0.0000   0.0000   0.0000 
  0.0000   0.0000   0.0000   0.0000   0.0000   0.0000   0.0000   0.0000   0.0000   0.0000 
  0.0000   0.0000   0.0000   0.0000   0.0000   0.0000   0.0000   0.0000   0.0000   0.0000 
  0.0000   0.0000   0.0000   0.0000   0.0000   0.0000   0.0000   0.0000   0.0000   0.0000 
  0.0000   0.0000   0.0000   0.0000   0.0000   0.0000   0.0000   0.0000   0.0000   0.0000 
  0.0000   0.0000   0.0000   0.0000   0.0000   0.0000   0.0000   0.0000   0.0000   0.0000 
  0.0000   0.0000   0.0000   0.0000   0.0000   0.0000   0.0000   0.0000   0.0000   0.0000 
  0.0000   0.0000   0.0000   0.0000   0.0000   0.0000   0.0000   0.0000   0.0000   0.0000 
  0.0000   0.0000   0.0000   0.0000   0.0000   0.0000   0.0000   0.0000   0.0000   0.0000 
  0.0000   0.0000   0.0000   0.0000   0.0000   0.0000   0.0000   0.0000   0.0000   0.0000 
  0.0000   0.0000   0.0000   0.0000   0.0000   0.0000   0.0000   0.0000   0.0000   0.0000 
  0.0000   0.0000   0.0000   0.0000   0.0000   0.0000   0.0000   0.0000   0.0000   0.0000 
  0.0000   0.0000   0.0000   0.0000   0.0000   0.0000   0.0000   0.0000   0.0000   0.0000 
  0.0000   0.0000   0.0000   0.0000   0.0000   0.0000   0.0000   0.0000   0.0000   0.0000 
  0.0000   0.0000   0.0000   0.0000   0.0000   0.0000   0.0000   0.0000   0.0000   0.0000 
  0.0000   0.0000   0.0000   0.0000   0.0000   0.0000   0.0000   0.0000   0.0000   0.0000 
  0.0000   0.0000   0.0000   0.0000   0.0000   0.0000   0.0000   0.0000   0.0000   0.0000 
  0.0000   0.0000   0.0000   0.0000   0.0000   0.0000   0.0000   0.0000   0.0000   0.0000 
  0.0000   0.0000   0.0000   0.0000   0.0000   0.0000   0.0000   0.0000   0.0000   0.0000 
  0.0000   0.0000   0.0000   0.0000   0.0000   0.0000   0.0000   0.0000   0.0000   0.0000 
  0.0000   0.0000   0.0000   0.0000   0.0000   0.0000   0.0000   0.0000   0.0000   0.0000 
  0.0000   0.0000   0.0000   0.0000   0.0000   0.0000   0.0000   0.0000   0.0000   0.0000 
  0.0000   0.0000   0.0000   0.0000   0.0000   0.0000   0.0000   0.0000   0.0000   0.0000 
  0.0000   0.0000   0.0000   0.0000   0.0000   0.0000   0.0000   0.0000   0.0000   0.0000 
  0.0000   0.0000   0.0000   0.0000   0.0000   0.0000   0.0000   0.0000   0.0000   0.0000 
  0.0000   0.0000   0.0000   0.0000   0.0000   0.0000   0.0000   0.0000   0.0000   0.0000 
  0.0000   0.0000   0.0000   0.0000   0.0000   0.0000   0.0000   0.0000   0.0000   0.0000 
  0.0000   0.0000   0.0000   0.0000   0.0000   0.0000   0.0000   0.0000   0.0000   0.0000 
  0.0000   0.0000   0.0000   0.0000   0.0000   0.0000   0.0000   0.0000   0.0000   0.0000 
  0.0000   0.0000   0.0000   0.0000   0.0000   0.0000   0.0000   0.0000   0.0000   0.0000 
  0.0000   0.0000   0.0000   0.0000   0.0000   0.0000   0.0000   0.0000   0.0000   0.0000 
  0.0000   0.0000   0.0000   0.0000   0.0000   0.0000   0.0000   0.0000   0.0000   0.0000 
  0.0000   0.0000   0.0000   0.0000   0.0000   0.0000   0.0000   0.0000   0.0000   0.0000 
  0.0000   0.0000   0.0000   0.0000   0.0000   0.0000   0.0000   0.0000   0.0000   0.0000 
  0.0000   0.0000   0.0000   0.0000   0.0000   0.0000   0.0000   0.0000   0.0000   0.0000 
  0.0000   0.0000   0.0000   0.0000   0.0000   0.0000   0.0000   0.0000   0.0000   0.0000 
  0.0000   0.0000   0.0000   0.0000   0.0000   0.0000   0.0000   0.0000   0.0000   0.0000 
  0.0000   0.0000   0.0000   0.0000   0.0000   0.0000   0.0000   0.0000   0.0000   0.0000 
  0.0000   0.0000   0.0000   0.0000   0.0000   0.0000   0.0000   0.0000   0.0000   0.0000 
  0.0000   0.0000   0.0000   0.0000   0.0000   0.0000   0.0000   0.0000   0.0000   0.0000 
  0.0000   0.0000   0.0000   0.0000   0.0000   0.0000   0.0000   0.0000   0.0000   0.0000 
  0.0000   0.0000   0.0000   0.0000   0.0000   0.0000   0.0000   0.0000   0.0000   0.0000 
  0.0000   0.0000   0.0000   0.0000   0.0000   0.0000   0.0000   0.0000   0.0000   0.0000 
  0.0000   0.0000   0.0000   0.0000   0.0000   0.0000   0.0000   0.0000   0.0000   0.0000 
  0.0000   0.0000   0.0000   0.0000   0.0000   0.0000   0.0000   0.0000   0.0000   0.0000 
  0.0000   0.0000   0.0000   0.0000   0.0000   0.0000   0.0000   0.0000   0.0000   0.0000 
  0.0000   0.0000   0.0000   0.0000   0.0000   0.0000   0.0000   0.0000   0.0000   0.0000 
  0.0000   0.0000   0.0000   0.0000   0.0000   0.0000   0.0000   0.0000   0.0000   0.0000 
  0.0000   0.0000   0.0000   0.0000   0.0000   0.0000   0.0000   0.0000   0.0000   0.0000 
  0.0000   0.0000   0.0000   0.0000   0.0000   0.0000   0.0000   0.0000   0.0000   0.0000 
  0.0000   0.0000   0.0000   0.0000   0.0000   0.0000   0.0000   0.0000   0.0000   0.0000 
  0.0000   0.0000   0.0000   0.0000   0.0000   0.0000   0.0000   0.0000   0.0000   0.0000 
  0.0000   0.0000   0.0000   0.0000   0.0000   0.0000   0.0000   0.0000   0.0000   0.0000 
  0.0000   0.0000   0.0000   0.0000   0.0000   0.0000   0.0000   0.0000   0.0000   0.0000 
  0.0000   0.0000   0.0000   0.0000   0.0000   0.0000   0.0000   0.0000   0.0000   0.0000 
  0.0000   0.0000   0.0000   0.0000   0.0000   0.0000   0.0000   0.0000   0.0000   0.0000 
  0.0000   0.0000   0.0000   0.0000   0.0000   0.0000   0.0000   0.0000   0.0000   0.0000 
  0.0000   0.0000   0.0000   0.0000   0.0000   0.0000   0.0000   0.0000   0.0000   0.0000 
  0.0000   0.0000   0.0000   0.0000   0.0000   0.0000   0.0000   0.0000   0.0000   0.0000 
  0.0000   0.0000   0.0000   0.0000   0.0000   0.0000   0.0000   0.0000   0.0000   0.0000 
  0.0000   0.0000   0.0000   0.0000   0.0000   0.0000   0.0000   0.0000   0.0000   0.0000 
  0.0000   0.0000   0.0000   0.0000   0.0000   0.0000   0.0000   0.0000   0.0000   0.0000 
  0.0000   0.0000   0.0000   0.0000   0.0000   0.0000   0.0000   0.0000   0.0000   0.0000 
  0.0000   0.0000   0.0000   0.0000   0.0000   0.0000   0.0000   0.0000   0.0000   0.0000 
  0.0000   0.0000   0.0000   0.0000   0.0000   0.0000   0.0000   0.0000   0.0000   0.0000 
  0.0000   0.0000   0.0000   0.0000   0.0000   0.0000   0.0000   0.0000   0.0000   0.0000 
  0.0000   0.0000   0.0000   0.0000   0.0000   0.0000   0.0000   0.0000   0.0000   0.0000 
  0.0000   0.0000   0.0000   0.0000   0.0000   0.0000   0.0000   0.0000   0.0000   0.0000 
  0.0000   0.0000   0.0000   0.0000   0.0000   0.0000   0.0000   0.0000   0.0000   0.0000 
  0.0000   0.0000   0.0000   0.0000   0.0000   0.0000   0.0000   0.0000   0.0000   0.0000 
  0.0000   0.0000   0.0000   0.0000   0.0000   0.0000   0.0000   0.0000   0.0000   0.0000 
  0.0000   0.0000   0.0000   0.0000   0.0000   0.0000   0.0000   0.0000   0.0000   0.0000 
  0.0000   0.0000   0.0000   0.0000   0.0000   0.0000   0.0000   0.0000   0.0000   0.0000 
  0.0000   0.0000   0.0000   0.0000   0.0000   0.0000   0.0000   0.0000   0.0000   0.0000 
  0.0000   0.0000   0.0000   0.0000   0.0000   0.0000   0.0000   0.0000   0.0000   0.0000 
  0.0000   0.0000   0.0000   0.0000   0.0000   0.0000   0.0000   0.0000   0.0000   0.0000 
  0.0000   0.0000   0.0000   0.0000   0.0000   0.0000   0.0000   0.0000   0.0000   0.0000 
  0.0000   0.0000   0.0000   0.0000   0.0000   0.0000   0.0000   0.0000   0.0000   0.0000 
  0.0000   0.0000   0.0000   0.0000   0.0000   0.0000   0.0000   0.0000   0.0000   0.0000 
  0.0000   0.0000   0.0000   0.0000   0.0000   0.0000   0.0000   0.0000   0.0000   0.0000 
  0.0000   0.0000   0.0000   0.0000   0.0000   0.0000   0.0000   0.0000   0.0000   0.0000 
  0.0000   0.0000   0.0000   0.0000   0.0000   0.0000   0.0000   0.0000   0.0000   0.0000 
  0.0000   0.0000   0.0000   0.0000   0.0000   0.0000   0.0000   0.0000   0.0000   0.0000 
  0.0000   0.0000   0.0000   0.0000   0.0000   0.0000   0.0000   0.0000   0.0000   0.0000 
  0.0000   0.0000   0.0000   0.0000   0.0000   0.0000   0.0000   0.0000   0.0000   0.0000 
  0.0000   0.0000   0.0000   0.0000   0.0000   0.0000   0.0000   0.0000   0.0000   0.0000 
  0.0000   0.0000   0.0000   0.0000   0.0000   0.0000   0.0000   0.0000   0.0000   0.0000 
  0.0000   0.0000   0.0000   0.0000   0.0000   0.0000   0.0000   0.0000   0.0000   0.0000 
  0.0000   0.0000   0.0000   0.0000   0.0000   0.0000   0.0000   0.0000   0.0000   0.0000 
  0.0000   0.0000   0.0000   0.0000   0.0000   0.0000   0.0000   0.0000   0.0000   0.0000 
  0.0000   0.0000   0.0000   0.0000   0.0000   0.0000   0.0000   0.0000   0.0000   0.0000 
  0.0000   0.0000   0.0000   0.0000   0.0000   0.0000   0.0000   0.0000   0.0000   0.0000 
  0.0000   0.0000   0.0000   0.0000   0.0000   0.0000   0.0000   0.0000   0.0000   0.0000 
  0.0000   0.0000   0.0000   0.0000   0.0000   0.0000   0.0000   0.0000   0.0000   0.0000 
  0.0000   0.0000   0.0000   0.0000   0.0000   0.0000   0.0000   0.0000   0.0000   0.0000 
  0.0000   0.0000   0.0000   0.0000   0.0000   0.0000   0.0000   0.0000   0.0000   0.0000 
  0.0000   0.0000   0.0000   0.0000   0.0000   0.0000   0.0000   0.0000   0.0000   0.0000 
  0.0000   0.0000   0.0000   0.0000   0.0000   0.0000   0.0000   0.0000   0.0000   0.0000 
  0.0000   0.0000   0.0000   0.0000   0.0000   0.0000   0.0000   0.0000   0.0000   0.0000 
  0.0000   0.0000   0.0000   0.0000   0.0000   0.0000   0.0000   0.0000   0.0000   0.0000 
  0.0000   0.0000   0.0000   0.0000   0.0000   0.0000   0.0000   0.0000   0.0000   0.0000 
  0.0000   0.0000   0.0000   0.0000   0.0000   0.0000   0.0000   0.0000   0.0000   0.0000 
  0.0000   0.0000   0.0000   0.0000   0.0000   0.0000   0.0000   0.0000   0.0000   0.0000 
  0.0000   0.0000   0.0000   0.0000   0.0000   0.0000   0.0000   0.0000   0.0000   0.0000 
  0.0000   0.0000   0.0000   0.0000   0.0000   0.0000   0.0000   0.0000   0.0000   0.0000 
  0.0000   0.0000   0.0000   0.0000   0.0000   0.0000   0.0000   0.0000   0.0000   0.0000 
  0.0000   0.0000   0.0000   0.0000   0.0000   0.0000   0.0000   0.0000   0.0000   0.0000 
  0.0000   0.0000   0.0000   0.0000   0.0000   0.0000   0.0000   0.0000   0.0000   0.0000 
  0.0000   0.0000   0.0000   0.0000   0.0000   0.0000   0.0000   0.0000   0.0000   0.0000 
  0.0000   0.0000   0.0000   0.0000   0.0000   0.0000   0.0000   0.0000   0.0000   0.0000 
  0.0000   0.0000   0.0000   0.0000   0.0000   0.0000   0.0000   0.0000   0.0000   0.0000 
  0.0000   0.0000   0.0000   0.0000   0.0000   0.0000   0.0000   0.0000   0.0000   0.0000 
  0.0000   0.0000   0.0000   0.0000   0.0000   0.0000   0.0000   0.0000   0.0000   0.0000 
  0.0000   0.0000   0.0000   0.0000   0.0000   0.0000   0.0000   0.0000   0.0000   0.0000 
  0.0000   0.0000   0.0000   0.0000   0.0000   0.0000   0.0000   0.0000   0.0000   0.0000 
  0.0000   0.0000   0.0000   0.0000   0.0000   0.0000   0.0000   0.0000   0.0000   0.0000 
  0.0000   0.0000   0.0000   0.0000   0.0000   0.0000   0.0000   0.0000   0.0000   0.0000 
  0.0000   0.0000   0.0000   0.0000   0.0000   0.0000   0.0000   0.0000   0.0000   0.0000 
  0.0000   0.0000   0.0000   0.0000   0.0000   0.0000   0.0000   0.0000   0.0000   0.0000 
  0.0000   0.0000   0.0000   0.0000   0.0000   0.0000   0.0000   0.0000   0.0000   0.0000 
  0.0000   0.0000   0.0000   0.0000   0.0000   0.0000   0.0000   0.0000   0.0000   0.0000 
  0.0000   0.0000   0.0000   0.0000   0.0000   0.0000   0.0000   0.0000   0.0000   0.0000 
  0.0000   0.0000   0.0000   0.0000   0.0000   0.0000   0.0000   0.0000   0.0000   0.0000 
  0.0000   0.0000   0.0000   0.0000   0.0000   0.0000   0.0000   0.0000   0.0000   0.0000 
  0.0000   0.0000   0.0000   0.0000   0.0000   0.0000   0.0000   0.0000   0.0000   0.0000 
  0.0000   0.0000   0.0000   0.0000   0.0000   0.0000   0.0000   0.0000   0.0000   0.0000 
  0.0000   0.0000   0.0000   0.0000   0.0000   0.0000   0.0000   0.0000   0.0000   0.0000 
  0.0000   0.0000   0.0000   0.0000   0.0000   0.0000   0.0000   0.0000   0.0000   0.0000 
  0.0000   0.0000   0.0000   0.0000   0.0000   0.0000   0.0000   0.0000   0.0000   0.0000 
  0.0000   0.0000   0.0000   0.0000   0.0000   0.0000   0.0000   0.0000   0.0000   0.0000 
  0.0000   0.0000   0.0000   0.0000   0.0000   0.0000   0.0000   0.0000   0.0000   0.0000 
  0.0000   0.0000   0.0000   0.0000   0.0000   0.0000   0.0000   0.0000   0.0000   0.0000 
  0.0000   0.0000   0.0000   0.0000   0.0000   0.0000   0.0000   0.0000   0.0000   0.0000 
  0.0000   0.0000   0.0000   0.0000   0.0000   0.0000   0.0000   0.0000   0.0000   0.0000 
  0.0000   0.0000   0.0000   0.0000   0.0000   0.0000   0.0000   0.0000   0.0000   0.0000 
  0.0000   0.0000   0.0000   0.0000   0.0000   0.0000   0.0000   0.0000   0.0000   0.0000 
  0.0000   0.0000   0.0000   0.0000   0.0000   0.0000   0.0000   0.0000   0.0000   0.0000 
  0.0000   0.0000   0.0000   0.0000   0.0000   0.0000   0.0000   0.0000   0.0000   0.0000 
  0.0000   0.0000   0.0000   0.0000   0.0000   0.0000   0.0000   0.0000   0.0000   0.0000 
  0.0000   0.0000   0.0000   0.0000   0.0000   0.0000   0.0000   0.0000   0.0000   0.0000 
  0.0000   0.0000   0.0000   0.0000   0.0000   0.0000   0.0000   0.0000   0.0000   0.0000 
  0.0000   0.0000   0.0000   0.0000   0.0000   0.0000   0.0000   0.0000   0.0000   0.0000 
  0.0000   0.0000   0.0000   0.0000   0.0000   0.0000   0.0000   0.0000   0.0000   0.0000 
  0.0000   0.0000   0.0000   0.0000   0.0000   0.0000   0.0000   0.0000   0.0000   0.0000 
  0.0000   0.0000   0.0000   0.0000   0.0000   0.0000   0.0000   0.0000   0.0000   0.0000 
  0.0000   0.0000   0.0000   0.0000   0.0000   0.0000   0.0000   0.0000   0.0000   0.0000 
  0.0000   0.0000   0.0000   0.0000   0.0000   0.0000   0.0000   0.0000   0.0000   0.0000 
  0.0000   0.0000   0.0000   0.0000   0.0000   0.0000   0.0000   0.0000   0.0000   0.0000 
  0.0000   0.0000   0.0000   0.0000   0.0000   0.0000   0.0000   0.0000   0.0000   0.0000 
  0.0000   0.0000   0.0000   0.0000   0.0000   0.0000   0.0000   0.0000   0.0000   0.0000 
  0.0000   0.0000   0.0000   0.0000   0.0000   0.0000   0.0000   0.0000   0.0000   0.0000 
  0.0000   0.0000   0.0000   0.0000   0.0000   0.0000   0.0000   0.0000   0.0000   0.0000 
  0.0000   0.0000   0.0000   0.0000   0.0000   0.0000   0.0000   0.0000   0.0000   0.0000 
  0.0000   0.0000   0.0000   0.0000   0.0000   0.0000   0.0000   0.0000   0.0000   0.0000 
  0.0000   0.0000   0.0000   0.0000   0.0000   0.0000   0.0000   0.0000   0.0000   0.0000 
  0.0000   0.0000   0.0000   0.0000   0.0000   0.0000   0.0000   0.0000   0.0000   0.0000 
  0.0000   0.0000   0.0000   0.0000   0.0000   0.0000   0.0000   0.0000   0.0000   0.0000 
  0.0000   0.0000   0.0000   0.0000   0.0000   0.0000   0.0000   0.0000   0.0000   0.0000 
  0.0000   0.0000   0.0000   0.0000   0.0000   0.0000   0.0000   0.0000   0.0000   0.0000 
  0.0000   0.0000   0.0000   0.0000   0.0000   0.0000   0.0000   0.0000   0.0000   0.0000 
  0.0000   0.0000   0.0000   0.0000   0.0000   0.0000   0.0000   0.0000   0.0000   0.0000 
  0.0000   0.0000   0.0000   0.0000   0.0000   0.0000   0.0000   0.0000   0.0000   0.0000 
  0.0000   0.0000   0.0000   0.0000   0.0000   0.0000   0.0000   0.0000   0.0000   0.0000 
  0.0000   0.0000   0.0000   0.0000   0.0000   0.0000   0.0000   0.0000   0.0000   0.0000 
  0.0000   0.0000   0.0000   0.0000   0.0000   0.0000   0.0000   0.0000   0.0000   0.0000 
  0.0000   0.0000   0.0000   0.0000   0.0000   0.0000   0.0000   0.0000   0.0000   0.0000 
  0.0000   0.0000   0.0000   0.0000   0.0000   0.0000   0.0000   0.0000   0.0000   0.0000 
  0.0000   0.0000   0.0000   0.0000   0.0000   0.0000   0.0000   0.0000   0.0000   0.0000 
  0.0000   0.0000   0.0000   0.0000   0.0000   0.0000   0.0000   0.0000   0.0000   0.0000 
  0.0000   0.0000   0.0000   0.0000   0.0000   0.0000   0.0000   0.0000   0.0000   0.0000 
  0.0000   0.0000   0.0000   0.0000   0.0000   0.0000   0.0000   0.0000   0.0000   0.0000 
  0.0000   0.0000   0.0000   0.0000   0.0000   0.0000   0.0000   0.0000   0.0000   0.0000 
  0.0000   0.0000   0.0000   0.0000   0.0000   0.0000   0.0000   0.0000   0.0000   0.0000 
  0.0000   0.0000   0.0000   0.0000   0.0000   0.0000   0.0000   0.0000   0.0000   0.0000 
  0.0000   0.0000   0.0000   0.0000   0.0000   0.0000   0.0000   0.0000   0.0000   0.0000 
  0.0000   0.0000   0.0000   0.0000   0.0000   0.0000   0.0000   0.0000   0.0000   0.0000 
  0.0000   0.0000   0.0000   0.0000   0.0000   0.0000   0.0000   0.0000   0.0000   0.0000 
  0.0000   0.0000   0.0000   0.0000   0.0000   0.0000   0.0000   0.0000   0.0000   0.0000 
  0.0000   0.0000   0.0000   0.0000   0.0000   0.0000   0.0000   0.0000   0.0000   0.0000 
  0.0000   0.0000   0.0000   0.0000   0.0000   0.0000   0.0000   0.0000   0.0000   0.0000 
  0.0000   0.0000   0.0000   0.0000   0.0000   0.0000   0.0000   0.0000   0.0000   0.0000 
  0.0000   0.0000   0.0000   0.0000   0.0000   0.0000   0.0000   0.0000   0.0000   0.0000 
  0.0000   0.0000   0.0000   0.0000   0.0000   0.0000   0.0000   0.0000   0.0000   0.0000 
  0.0000   0.0000   0.0000   0.0000   0.0000   0.0000   0.0000   0.0000   0.0000   0.0000 
  0.0000   0.0000   0.0000   0.0000   0.0000   0.0000   0.0000   0.0000   0.0000   0.0000 
  0.0000   0.0000   0.0000   0.0000   0.0000   0.0000   0.0000   0.0000   0.0000   0.0000 
  0.0000   0.0000   0.0000   0.0000   0.0000   0.0000   0.0000   0.0000   0.0000   0.0000 
  0.0000   0.0000   0.0000   0.0000   0.0000   0.0000   0.0000   0.0000   0.0000   0.0000 
  0.0000   0.0000   0.0000   0.0000   0.0000   0.0000   0.0000   0.0000   0.0000   0.0000 
  0.0000   0.0000   0.0000   0.0000   0.0000   0.0000   0.0000   0.0000   0.0000   0.0000 
  0.0000   0.0000   0.0000   0.0000   0.0000   0.0000   0.0000   0.0000   0.0000   0.0000 
  0.0000   0.0000   0.0000   0.0000   0.0000   0.0000   0.0000   0.0000   0.0000   0.0000 
  0.0000   0.0000   0.0000   0.0000   0.0000   0.0000   0.0000   0.0000   0.0000   0.0000 
  0.0000   0.0000   0.0000   0.0000   0.0000   0.0000   0.0000   0.0000   0.0000   0.0000 
  0.0000   0.0000   0.0000   0.0000   0.0000   0.0000   0.0000   0.0000   0.0000   0.0000 
  0.0000   0.0000   0.0000   0.0000   0.0000   0.0000   0.0000   0.0000   0.0000   0.0000 
  0.0000   0.0000   0.0000   0.0000   0.0000   0.0000   0.0000   0.0000   0.0000   0.0000 
  0.0000   0.0000   0.0000   0.0000   0.0000   0.0000   0.0000   0.0000   0.0000   0.0000 
  0.0000   0.0000   0.0000   0.0000   0.0000   0.0000   0.0000   0.0000   0.0000   0.0000 
  0.0000   0.0000   0.0000   0.0000   0.0000   0.0000   0.0000   0.0000   0.0000   0.0000 
  0.0000   0.0000   0.0000   0.0000   0.0000   0.0000   0.0000   0.0000   0.0000   0.0000 
  0.0000   0.0000   0.0000   0.0000   0.0000   0.0000   0.0000   0.0000   0.0000   0.0000 
  0.0000   0.0000   0.0000   0.0000   0.0000   0.0000   0.0000   0.0000   0.0000   0.0000 
  0.0000   0.0000   0.0000   0.0000   0.0000   0.0000   0.0000   0.0000   0.0000   0.0000 
  0.0000   0.0000   0.0000   0.0000   0.0000   0.0000   0.0000   0.0000   0.0000   0.0000 
  0.0000   0.0000   0.0000   0.0000   0.0000   0.0000   0.0000   0.0000   0.0000   0.0000 
  0.0000   0.0000   0.0000   0.0000   0.0000   0.0000   0.0000   0.0000   0.0000   0.0000 
  0.0000   0.0000   0.0000   0.0000   0.0000   0.0000   0.0000   0.0000   0.0000   0.0000 
  0.0000   0.0000   0.0000   0.0000   0.0000   0.0000   0.0000   0.0000   0.0000   0.0000 
  0.0000   0.0000   0.0000   0.0000   0.0000   0.0000   0.0000   0.0000   0.0000   0.0000 
  0.0000   0.0000   0.0000   0.0000   0.0000   0.0000   0.0000   0.0000   0.0000   0.0000 
  0.0000   0.0000   0.0000   0.0000   0.0000   0.0000   0.0000   0.0000   0.0000   0.0000 
  0.0000   0.0000   0.0000   0.0000   0.0000   0.0000   0.0000   0.0000   0.0000   0.0000 
  0.0000   0.0000   0.0000   0.0000   0.0000   0.0000   0.0000   0.0000   0.0000   0.0000 
  0.0000   0.0000   0.0000   0.0000   0.0000   0.0000   0.0000   0.0000   0.0000   0.0000 
  0.0000   0.0000   0.0000   0.0000   0.0000   0.0000   0.0000   0.0000   0.0000   0.0000 
  0.0000   0.0000   0.0000   0.0000   0.0000   0.0000   0.0000   0.0000   0.0000   0.0000 
  0.0000   0.0000   0.0000   0.0000   0.0000   0.0000   0.0000   0.0000   0.0000   0.0000 
  0.0000   0.0000   0.0000   0.0000   0.0000   0.0000   0.0000   0.0000   0.0000   0.0000 
  0.0000   0.0000   0.0000   0.0000   0.0000   0.0000   0.0000   0.0000   0.0000   0.0000 
  0.0000   0.0000   0.0000   0.0000   0.0000   0.0000   0.0000   0.0000   0.0000   0.0000 
  0.0000   0.0000   0.0000   0.0000   0.0000   0.0000   0.0000   0.0000   0.0000   0.0000 
  0.0000   0.0000   0.0000   0.0000   0.0000   0.0000   0.0000   0.0000   0.0000   0.0000 
  0.0000   0.0000   0.0000   0.0000   0.0000   0.0000   0.0000   0.0000   0.0000   0.0000 
  0.0000   0.0000   0.0000   0.0000   0.0000   0.0000   0.0000   0.0000   0.0000   0.0000 
  0.0000   0.0000   0.0000   0.0000   0.0000   0.0000   0.0000   0.0000   0.0000   0.0000 
  0.0000   0.0000   0.0000   0.0000   0.0000   0.0000   0.0000   0.0000   0.0000   0.0000 
  0.0000   0.0000   0.0000   0.0000   0.0000   0.0000   0.0000   0.0000   0.0000   0.0000 
  0.0000   0.0000   0.0000   0.0000   0.0000   0.0000   0.0000   0.0000   0.0000   0.0000 
  0.0000   0.0000   0.0000   0.0000   0.0000   0.0000   0.0000   0.0000   0.0000   0.0000 
  0.0000   0.0000   0.0000   0.0000   0.0000   0.0000   0.0000   0.0000   0.0000   0.0000 
  0.0000   0.0000   0.0000   0.0000   0.0000   0.0000   0.0000   0.0000   0.0000   0.0000 
  0.0000   0.0000   0.0000   0.0000   0.0000   0.0000   0.0000   0.0000   0.0000   0.0000 
  0.0000   0.0000   0.0000   0.0000   0.0000   0.0000   0.0000   0.0000   0.0000   0.0000 
  0.0000   0.0000   0.0000   0.0000   0.0000   0.0000   0.0000   0.0000   0.0000   0.0000 
  0.0000   0.0000   0.0000   0.0000   0.0000   0.0000   0.0000   0.0000   0.0000   0.0000 
  0.0000   0.0000   0.0000   0.0000   0.0000   0.0000   0.0000   0.0000   0.0000   0.0000 
  0.0000   0.0000   0.0000   0.0000   0.0000   0.0000   0.0000   0.0000   0.0000   0.0000 
  0.0000   0.0000   0.0000   0.0000   0.0000   0.0000   0.0000   0.0000   0.0000   0.0000 
  0.0000   0.0000   0.0000   0.0000   0.0000   0.0000   0.0000   0.0000   0.0000   0.0000 
  0.0000   0.0000   0.0000   0.0000   0.0000   0.0000   0.0000   0.0000   0.0000   0.0000 
  0.0000   0.0000   0.0000   0.0000   0.0000   0.0000   0.0000   0.0000   0.0000   0.0000 
  0.0000   0.0000   0.0000   0.0000   0.0000   0.0000   0.0000   0.0000   0.0000   0.0000 
  0.0000   0.0000   0.0000   0.0000   0.0000   0.0000   0.0000   0.0000   0.0000   0.0000 
  0.0000   0.0000   0.0000   0.0000   0.0000   0.0000   0.0000   0.0000   0.0000   0.0000 
  0.0000   0.0000   0.0000   0.0000   0.0000   0.0000   0.0000   0.0000   0.0000   0.0000 
  0.0000   0.0000   0.0000   0.0000   0.0000   0.0000   0.0000   0.0000   0.0000   0.0000 
  0.0000   0.0000   0.0000   0.0000   0.0000   0.0000   0.0000   0.0000   0.0000   0.0000 
  0.0000   0.0000   0.0000   0.0000   0.0000   0.0000   0.0000   0.0000   0.0000   0.0000 
  0.0000   0.0000   0.0000   0.0000   0.0000   0.0000   0.0000   0.0000   0.0000   0.0000 
  0.0000   0.0000   0.0000   0.0000   0.0000   0.0000   0.0000   0.0000   0.0000   0.0000 
  0.0000   0.0000   0.0000   0.0000   0.0000   0.0000   0.0000   0.0000   0.0000   0.0000 
  0.0000   0.0000   0.0000   0.0000   0.0000   0.0000   0.0000   0.0000   0.0000   0.0000 
  0.0000   0.0000   0.0000   0.0000   0.0000   0.0000   0.0000   0.0000   0.0000   0.0000 
  0.0000   0.0000   0.0000   0.0000   0.0000   0.0000   0.0000   0.0000   0.0000   0.0000 
  0.0000   0.0000   0.0000   0.0000   0.0000   0.0000   0.0000   0.0000   0.0000   0.0000 
  0.0000   0.0000   0.0000   0.0000   0.0000   0.0000   0.0000   0.0000   0.0000   0.0000 
  0.0000   0.0000   0.0000   0.0000   0.0000   0.0000   0.0000   0.0000   0.0000   0.0000 
  0.0000   0.0000   0.0000   0.0000   0.0000   0.0000   0.0000   0.0000   0.0000   0.0000 
  0.0000   0.0000   0.0000   0.0000   0.0000   0.0000   0.0000   0.0000   0.0000   0.0000 
  0.0000   0.0000   0.0000   0.0000   0.0000   0.0000   0.0000   0.0000   0.0000   0.0000 
  0.0000   0.0000   0.0000   0.0000   0.0000   0.0000   0.0000   0.0000   0.0000   0.0000 
  0.0000   0.0000   0.0000   0.0000   0.0000   0.0000   0.0000   0.0000   0.0000   0.0000 
  0.0000   0.0000   0.0000   0.0000   0.0000   0.0000   0.0000   0.0000   0.0000   0.0000 
  0.0000   0.0000   0.0000   0.0000   0.0000   0.0000   0.0000   0.0000   0.0000   0.0000 
