z-axis gyroscope data

  5.7500 119.4375  16.6250  47.6875  92.0625  69.9375 236.1875 109.3125 146.5625  53.5000 
 16.4375 113.5625   5.6875  47.4375 100.9375  58.0000 -113.0625 111.9375 134.8750  57.5000 
 -2.6250  90.6250  14.9375  68.3125 109.8125  56.2500 -230.8125 108.5625 123.5625  56.2500 
 -7.0000  78.5000  16.1875  73.3125 110.5000  55.0625 -112.7500 104.8125 137.1250  60.5000 
 -7.8125  85.1250  -2.7500  69.9375 102.1875  46.5000  53.8750 118.3750 156.4375  70.1250 
  2.1250  55.6875 -11.0625  71.5625  95.2500  72.0625  88.0000 116.4375 154.2500  69.4375 
  7.3750  49.3125  -1.0000  85.6250 102.8750  96.0625  -8.6875 111.3750 152.8125  74.2500 
  8.8750  53.9375  17.1875  95.2500  81.9375  92.8125 213.4375 111.3125 154.6875  64.1250 
  3.8750  51.4375  25.5000  93.3750  73.5000  68.8750 130.1875  97.3750 149.6875  64.1250 
 -6.5625  72.8750  10.2500  87.5625  61.1875  59.5625 -83.6250  82.7500 154.0625  84.5000 
  3.1250  79.2500  -2.7500  81.1875  66.3750  76.8750 -83.8125  79.8750 160.7500  59.5000 
  6.0625  93.7500  16.1875  76.6250  66.3750  73.3125 -27.0625  92.8125 156.4375  42.1250 
-14.0625  91.3750  25.0000  81.1875  66.6250  59.8750  87.8125  94.6875 141.8125  50.1875 
 -7.1250  95.0000   1.3750  95.0625  63.0000  43.1875  81.7500  92.3125 139.3125  77.8125 
 -7.4375  98.3750  13.5625 109.5000  71.0625  51.9375  66.3750  87.5625 145.7500  66.0000 
-13.2500 122.1875   0.5625 112.8125  76.7500  55.1875 -60.6875  89.7500 133.3125  60.0625 
-43.3750 128.8750  -5.5000 117.7500  76.3125  53.8125 -10.7500 106.8750 118.5000  65.1875 
-86.2500 140.9375  43.6875 117.4375  95.7500  55.4375  38.6250 120.5625 111.1875  78.9375 
-103.8125 142.9375  85.8750 118.8125 116.1875  67.9375  -8.6875 115.0000 102.1250  99.0625 
-79.6250 153.2500 122.3750 122.8125 114.8750  68.8125 -80.1875 114.5625  81.2500 107.5625 
-75.5625 155.3750  83.4375 127.5625 115.3750  69.0625 -210.5625 132.0000  63.1875 110.8125 
-86.3125 159.8750  72.5000 138.2500 136.4375  76.1875 -295.2500 138.8125  40.3750  93.1250 
-75.7500 156.5000  71.6250 143.2500 137.7500  82.3750 -476.1250 133.3125  26.5625  94.6875 
-55.8125 161.6250  67.7500 140.9375 133.3750  91.4375 -271.8125 132.8750  13.0625  99.0000 
-17.4375 161.6250 100.7500 145.5625 133.8750 100.1875 309.6250 130.6250   0.1875 109.0625 
 21.3750 160.4375 110.5000 152.2500 143.4375 106.8750 350.1875 140.6250 -10.7500 118.4375 
 -8.1875 155.4375 101.5000 145.5625 151.6250 114.2500 111.5625 149.4375 -18.9375 130.4375 
-63.0625 149.6875  95.1875 138.5625 160.0000 108.5000 -118.1250 141.0625 -19.3750 125.0625 
-55.5625 142.0000 120.6250 134.2500 157.3750 105.4375 -201.5625 145.8125 -30.2500 134.8125 
-45.8125 136.1875 123.1250 129.8750 161.8750 112.8750 -188.3125 161.1875 -39.3125 129.3750 
-36.1875 127.4375 123.1250 114.8125 169.2500 134.0000 -142.1875 164.5000 -46.2500 137.3750 
 70.4375 123.3125 116.3125 100.4375 154.6250 135.6250 -38.3750 161.3125 -40.6250 144.7500 
 -9.1250 108.0000 134.8125  83.9375 146.4375 128.5000  44.1250 161.5000   3.5625 148.6875 
 10.3750  95.9375 144.8125  64.6250 150.8750 132.8125 212.7500 167.8750  63.4375 149.6250 
 14.6875  87.3750 140.4375  47.3750 141.7500 144.0000 105.7500 164.1875  45.1250 156.5000 
 42.2500  68.6875 139.6250  35.8750 125.5000 139.8125 -114.4375 162.3750 -64.5625 163.0625 
 15.3750  48.8125 135.4375  13.4375 119.0000 135.7500 -197.3750 159.3750  21.6875 169.0000 
 13.6250  32.0000 152.6250 -10.0625 113.6250 143.5625 -69.3750 150.0000 -57.5625 164.0625 
  3.5000  15.3750 166.0625 -18.7500 104.6875 153.9375 107.9375 141.8750 -430.6250 159.3750 
 10.3125   8.5625 156.7500 -19.6250  80.6250 151.4375 142.2500 131.1250 769.7500 156.3750 
 44.6875  -4.6250 148.6875 -26.4375  63.2500 152.6875  46.3750 118.8750 815.6875 153.2500 
101.8125 -10.6875 157.5000 -39.8750  56.1250 154.3750 -13.9375 102.0625  93.7500 144.3125 
154.7500 -22.8750 153.3750 -46.9375  39.0625 157.1250  -2.6250  85.5625 -58.7500 130.4375 
 95.0625 -27.3125 158.6250 -48.9375  14.1250 148.8750  14.7500  71.0000 449.0625 119.5625 
 28.4375 -37.1875 140.8125 -49.6875  -7.8750 145.4375  11.0625  55.1250 370.5625 116.3750 
 -5.1250 -36.5625 131.9375  -2.6250 -14.8750 139.8750   9.5000  33.2500 -90.5000  99.6875 
  4.1875 -33.8125 156.2500  24.1875 -20.1875 127.7500  -1.5625   7.5625 -196.2500  82.0000 
 21.8750 -27.7500 172.1875  67.3750 -28.3750 114.7500  -2.5000  -3.1875 -30.0625  70.3750 
 28.0625  11.6875 169.6875  69.1250 -34.1875 101.6250   9.0000 -18.5625  76.6875  54.6250 
  1.6875 119.6250 163.0000 196.4375 -37.3750  93.4375   9.5000 -11.3125  18.8750  29.1875 
-24.8750  92.2500 170.1250 112.5625 -51.1875  80.6875  11.6250 -30.2500 -34.2500  17.6875 
-33.5625  73.6875 166.8125  48.4375 -42.8125  62.7500  -9.8750 -37.7500  -8.4375   2.0625 
-13.7500 285.2500 164.0000 351.1875  -7.0000  45.3750 -18.7500 -40.8125  -7.5000 -16.8125 
-18.2500 -727.9375 156.2500 409.9375  23.0000  33.6250  -2.0000 -41.7500 -19.2500 -27.7500 
-43.4375 -882.0000 155.2500 238.9375   1.3125  15.3125  32.8125 -49.0625 -16.0000 -33.1250 
-23.2500 149.2500 139.7500 -199.9375 -30.1250  -1.7500  14.0625   7.5625 -15.6250 -43.9375 
-74.5000 395.5625 132.4375 -557.6250 252.3750 -16.8125 -28.8750  67.5000 -22.9375 -60.3125 
-30.6875 349.4375 125.0000 -312.2500 -316.7500  -0.1875 -14.1875  97.5625 -17.2500 -67.3125 
-35.6875  55.5000 106.5625  37.5625 532.0625 -13.8125 -15.3125 161.8750 -11.8750 -54.6875 
-25.0625 115.6250  87.6250 227.3125 832.1875 -21.0625  -4.5000 311.9375  -7.5000 -52.1875 
  7.5625 148.8125  81.1875  79.6250 386.0000 -44.9375  -8.1875 -490.6875  -6.0000   2.6250 
-20.1875  88.0000  68.2500 -179.6875 -261.3750 -42.1875 -19.0625 -513.3750  16.6875  60.6875 
-40.3125  17.8125  50.3125 -262.5625 -447.9375 -18.9375 -18.1875  76.9375  43.9375  65.8750 
-33.4375 -22.1250  35.8125 -223.2500 125.3750  28.5625  -8.6250 244.8125  53.3750  70.2500 
-37.9375 -61.6250  13.1250 -174.1250 214.6875  37.6875  15.5000 430.4375  47.5000 300.6875 
-34.4375 -122.3125  -0.3750 -170.5000 -13.6875  -5.3125  35.1250 -34.5625  29.1875 -846.7500 
-22.5625 -159.3750  -4.8125 -180.8750 -38.4375 205.3125  38.1250 -171.3125   3.9375 -559.3750 
 -5.1250 -191.4375 -15.3750 -181.4375  59.6875 -38.5625  73.5625 -220.7500  -9.5000 111.7500 
 17.3750 -226.5625 -22.6250 -174.8125  83.4375 390.7500  44.0625 -178.0000 -17.2500 479.8125 
-41.8750 -307.1250 -25.3750 -183.0000  67.4375 751.7500  10.7500 -99.0000  -7.3750 201.9375 
-104.9375 -408.5000 -30.8750 -181.6250  66.6875 544.5625  54.0000 -66.0000  17.3125 -165.8750 
-178.2500 -505.1250 -43.3125 -137.8750  39.0625 235.3125  24.2500 -83.8125  40.0000 -99.8125 
-208.8750 -462.8125 -40.0000 -63.5000  12.6875 -326.9375  27.6250 -145.2500  57.9375  88.7500 
-272.5000 -385.7500 -20.8750  44.3750   2.6875 -388.3125  75.0000 -265.6875  62.6875 144.9375 
-287.3125 -369.6250  23.8125  39.6250   4.6250  71.0625 162.5625 -404.8750  48.3750  28.6250 
112.6875 -288.4375  77.3750 -141.8125  23.0625 231.6875 182.3125 -538.4375  22.4375 -81.0000 
414.0000 -197.8125  93.3750 -287.1875  16.0000  90.3750 138.4375 -537.5625 -11.4375 -63.9375 
296.1250 -123.4375 339.0625 -349.7500   4.2500 -64.1875 108.2500 -419.3125 -22.7500  -4.0625 
  1.6250 -173.5625 354.5625 -302.6250   6.0625 -42.3750 104.2500 -243.0000  -9.5000  39.0625 
-172.6250 -256.2500 1222.3750 -214.1875   3.3750  31.7500 123.2500 -219.3750  11.8125   3.9375 
-138.0000 -276.5000 845.0000 -134.5000  11.1250  60.8125 129.0625 -156.7500  13.0625 -49.3750 
 -0.8750 -236.1250 166.4375 -98.1875  17.2500  32.7500 125.0625 -230.0625  -3.2500 -69.4375 
 70.3125 -214.9375   8.6875 -77.0000  22.7500   5.3750 110.5000 -255.3125 -30.7500 -53.8750 
 52.6875 -210.0625 -367.2500 -56.7500  28.6250  -1.4375 121.2500 -258.3750 -38.5625 -33.0000 
 -0.5625 -193.5625 -499.5000 -25.3125  33.8750  -1.3750 129.4375 -237.2500 -23.6250 -27.5000 
  4.0625 -170.5625 -198.1250  -0.1250  43.5000   4.8125 146.5625 -164.6875 -28.5625 -33.1250 
 -5.1875 -127.1875 101.2500  -1.4375  39.6875  -9.4375 143.3750 -84.1250 -40.0000 -57.8750 
155.0625 -72.3750 226.5000 -24.1875  37.6875 -15.1250 126.2500 -19.7500 -46.8750 -78.3750 
-131.1875 -26.0625 149.4375 -20.3750  27.4375  -4.7500 138.0000 -13.1875 -40.2500 -120.5625 
-91.8750  -8.6250  11.3125  21.0625   8.2500   9.5625 136.8125 -30.4375 -20.0625 -162.0625 
-33.8125 -19.0000 -32.0625  75.5625  -5.0625  14.0625 113.3125 -23.8750 -15.0000 -178.1875 
 46.9375  -4.2500  18.9375 114.3750  15.1250  13.3125 110.9375 -21.1875 -14.1875 -95.6250 
 48.1250  43.9375  69.3125 130.8750  54.6875  19.0625 130.3125 -40.8125 -11.4375   5.8750 
 23.1875  82.3125  56.1250 139.5000  76.5000  27.6875 128.2500 -65.5000  -9.2500  19.3750 
-57.9375 104.1875 -10.9375 148.6875  70.8125  34.2500 138.8125 -65.0000  -2.4375 -87.1875 
-64.8125 144.9375 -43.3125 155.6875  35.9375  53.0000 159.2500 -41.8750  -2.0000 -202.2500 
 40.8125 124.5625 -20.8750 152.5000  -5.0625  91.3125 158.1875  -9.3125  -7.8125 -250.5625 
 67.4375  56.0000 -10.5625 134.8750 -15.4375 102.5000 156.0625  33.8125  -7.9375 -245.0000 
  6.8750  -3.0000 -34.5000  98.3125   2.0625  66.2500 158.6875  74.3750  -5.3125 -237.7500 
-40.1250 -26.8750 -46.8750  53.1250   4.2500  21.0000 157.1875  82.0000  -0.3750 -226.0000 
-174.1875 -20.1875 -20.5000  12.5625 -14.8750  11.3750 160.1875  66.5000  -4.0625 -180.6250 
-201.8750  -0.0625  18.5625 -29.8125 -38.3750   5.6250 166.2500  52.3750  -7.0000 -153.4375 
-298.5000  25.0000  31.2500 -57.7500 -48.7500 -19.0000 172.6250  47.5000   4.7500 -163.8125 
-461.5625  36.0000  38.6250 -56.0000 -49.3125 -28.0625 172.3125  52.1875  13.8750 -181.3750 
121.1875  46.5625  44.2500 -38.5000 -41.6875 -14.8750 166.9375  61.1875  12.8125 -171.6875 
599.1250  61.2500  35.7500 -26.0000 -34.2500   2.8125 174.2500  70.2500   0.9375 -133.3125 
394.3125  63.5000  18.4375 -26.8125 -25.0625   0.9375 163.9375  61.5625  -1.5000 -88.3750 
 28.3125  47.2500  -6.5625 -28.6875 -26.0625   4.3125 152.7500  37.2500  10.3125 -40.7500 
-163.6250  27.0625 -36.3750 -15.7500 -22.5000  16.0000 151.1250  13.6250  14.5625   8.3125 
-112.8125  17.8125 -47.1875   0.0625 -31.3750  12.6875 140.3750  -4.5625  11.3750  54.1875 
 -5.2500  12.8125 -29.6875  15.0625 -34.5000  -8.0625 132.2500 -16.6875   8.6875  85.3750 
 80.8125  17.0000  -9.6875  17.1875 -27.6875 -12.5000 117.9375 -28.3750  13.0000 110.0625 
 71.3125  24.7500   1.5000  14.3125  -9.8750 -10.3750 102.7500 -27.3750  11.4375 131.7500 
132.6875  23.8125   8.6875   9.8750  -5.2500  -9.7500  85.4375 -18.5625   8.1875 151.4375 
-73.9375  20.0000   0.0000   3.1875 -10.0625 -13.1875  65.0625  -5.2500   8.2500 169.5000 
 59.3125  18.8750 -28.6875  -8.3125  -2.6250 -15.6875  42.8125   8.6250  10.5000 176.4375 
-131.7500  11.6250 -46.5000 -20.3125  14.0000 -18.0000  24.9375  21.1250   8.4375 157.1875 
-46.9375   5.7500 -48.2500 -25.2500  14.2500 -19.0000   5.8125  21.7500   5.6250 121.1875 
 37.5625  10.7500 -38.8750 -30.2500   2.3750 -14.1250   3.0625   9.6875  -0.2500  86.3125 
 54.4375  15.3125 -27.6875 -38.8125 -10.4375 -12.0000 -11.5625  -0.2500   0.6250  40.4375 
 62.8750   8.3125 -31.4375 -47.6250 -15.3125 -12.5000 -26.0000  -3.1875   5.2500 -14.7500 
 30.5000  -9.8750 -30.5625 -55.9375 -15.5625 -13.1875 -35.5625  -8.3750  15.0625 -63.5000 
-24.1250 -28.5625 -16.8125 -71.3125 -12.6875  -5.8125 -46.5625  -5.9375   4.1875 -108.1875 
 51.2500 -40.5625 -11.7500 -73.8750  -5.6250   5.8750 -47.2500  -4.0625 -15.6875 -113.0000 
 49.5000 -46.3125 -11.8125 -84.3750  -0.6250   7.7500 -50.5000  -9.5000 -21.3125 -89.3125 
-53.1875 -47.6250 -14.2500 -98.1875  -6.3750   6.7500 -33.3750 -20.8750 -12.6250 -58.7500 
-81.5000 -46.0625 -12.6875 -108.1875   0.2500   6.1875 -32.6875 -33.1875  -9.0625 -25.1875 
-177.3750 -47.3750  -4.6875 -116.8125  13.7500  10.8750  25.0000 -42.9375  -6.8125  -5.0000 
-249.6250 -55.8125   0.8750 -129.0625  18.8125   5.6875  29.1250 -46.2500 -12.0000   0.5625 
-497.7500 -65.9375   4.5625 -145.1250  16.8750   0.6875   0.6250 -47.3750 -15.5000  12.6250 
-358.4375 -73.6875   0.7500 -153.4375  11.5625  -8.7500 -56.8125 -52.3750 -28.5000  26.4375 
409.5625 -79.8125 -10.9375 -152.5625   3.1875  -6.1250 250.3125 -62.8750 -41.2500  29.6875 
447.6875 -84.2500 -34.8750 -143.8750 -16.7500  -3.5625 -337.5000 -75.8750 -52.9375  28.1875 
106.8750 -83.0625 -68.3750 -129.5625 -46.9375  -4.0625 399.0625 -90.4375 -67.1875  12.8750 
-175.9375 -80.2500 -110.8125 -102.3750 -84.5000  -4.8125 969.0625 -105.7500 -74.3125  -4.2500 
-311.2500 -80.4375 -151.1875 -76.9375 -116.6250  -4.7500 642.8750 -119.8750 -74.1875 -11.3125 
-284.0625 -79.0000 -173.0000 -61.1875 -123.8125 -16.0000 337.9375 -124.4375 -63.6250 -11.5000 
-151.8750 -81.6250 -181.6250 -52.0625 -112.8125 -30.0000 -263.1250 -119.4375 -52.4375  -9.5000 
 10.1875   0.0000 -173.3125   0.0000 -77.2500 -32.4375 125.8125 -106.8125 -57.5000 -11.5625 
 50.1875   0.0000 -143.0000   0.0000 -32.2500 -24.0625 200.1875 -92.1875 -69.4375 -22.0000 
 92.8750   0.0000 -101.8750   0.0000 -10.1875 -17.1875  51.3750 -95.3750 -71.8125 -41.1875 
196.5625   0.0000 -68.4375   0.0000 -13.0000 -18.2500 -74.6875 -118.1250 -72.5000 -65.1250 
 62.1875   0.0000 -60.2500   0.0000 -44.1250 -35.0625 -20.0625 -139.6250 -90.0000 -92.5000 
-159.3750   0.0000 -68.6875   0.0000 -70.8750 -57.9375  21.1250 -158.9375 -106.8750 -115.5000 
-50.4375   0.0000 -71.6875   0.0000 -82.5000 -63.6250  25.1875 -168.7500 -110.7500 -149.1875 
 68.8750   0.0000 -83.2500   0.0000 -84.5000 -61.6250  -1.8750 -127.9375 -118.5000 -200.1250 
145.8125   0.0000 -110.1250   0.0000 -112.8125 -59.9375 -14.9375 -97.9375 -165.2500 -208.0000 
 64.5000   0.0000 -165.4375   0.0000 -140.8125 -53.0625   5.7500 -77.2500 -244.9375 -184.5000 
-42.3125   0.0000 -214.5000   0.0000 -181.5625 -42.1875  24.2500  -8.3125 -341.6875 -64.5000 
-75.4375   0.0000 -295.6250   0.0000 -233.0625 -25.8750   8.2500  25.0000 -418.9375  19.5000 
-38.0000   0.0000 -423.5625   0.0000 -295.3125 -25.5000 -27.2500  20.3750 -421.9375 -39.8125 
  4.7500   0.0000 -486.6875   0.0000 -324.8750 -38.6250 -37.7500  -3.0625 -337.5625 -96.6250 
  0.1250   0.0000 -470.2500   0.0000 -332.6250 -34.8750 -46.8750 -11.0000 -185.3125 -70.5000 
-42.0000   0.0000 -428.9375   0.0000 -318.2500 -42.8125 -36.3125 -31.3125 -89.5625 -21.3125 
-62.8750   0.0000 -382.3125   0.0000 -285.3125 -63.6875 -42.5625 -66.3125 -115.0625 -11.0625 
-48.4375   0.0000 -304.3750   0.0000 -228.6875 -115.9375 -45.3125 -78.2500 -136.1250 -14.4375 
  8.0625   0.0000 -264.1250   0.0000 -196.4375 -149.6875 -27.5000 -49.0000 -83.3125  -8.1250 
 55.2500   0.0000 -272.0000   0.0000 -198.5625 -177.6875   4.0000  -1.6875 -78.9375  -7.1250 
 54.2500   0.0000 -214.1875   0.0000 -153.6250 -216.9375  16.1875  37.6875 -113.7500 -23.0625 
 -9.6875   0.0000  35.1250   0.0000 -39.3750 -256.6250  -8.5625  55.8750 -107.1875 -24.0000 
-40.1875   0.0000 137.6875   0.0000  71.8750 -263.3750 -21.1875  58.6250   0.0000  -6.4375 
-33.2500   0.0000  65.1875   0.0000  66.5000   0.0000 -21.0625  58.5625   0.0000  -2.9375 
  0.8125   0.0000 -22.3125   0.0000 -54.6250   0.0000 -13.5625  61.9375   0.0000 -19.1250 
 10.2500   0.0000 -103.3125   0.0000 -138.4375   0.0000  10.2500  66.5000   0.0000 -26.6250 
 -7.8125   0.0000 -137.8125   0.0000 -138.8125   0.0000  37.1250  69.9375   0.0000 -19.3125 
-18.9375   0.0000 -116.3750   0.0000 -99.3125   0.0000  39.0000  70.8125   0.0000  -3.3125 
-15.2500   0.0000 -126.8750   0.0000 -67.3750   0.0000  19.1875  77.2500   0.0000   1.8125 
 18.8125   0.0000 -163.1875   0.0000 -59.6875   0.0000  11.4375  83.3125   0.0000  -0.1250 
 20.8125   0.0000 -180.3125   0.0000 -70.5625   0.0000   3.8125  80.4375   0.0000  -7.0000 
 41.4375   0.0000 -172.0000   0.0000 -87.0625   0.0000   2.3750  71.1875   0.0000  -2.6250 
 54.1250   0.0000 -138.5625   0.0000   0.0000   0.0000 -25.8750  57.6250   0.0000   4.8125 
 74.1875   0.0000 -84.9375   0.0000   0.0000   0.0000 -57.0000  45.6250   0.0000   7.3125 
 78.9375   0.0000 -22.1250   0.0000   0.0000   0.0000 -65.1875  38.9375   0.0000   1.6875 
 91.7500   0.0000  36.5625   0.0000   0.0000   0.0000 -52.5625   0.0000   0.0000  -4.4375 
 70.1875   0.0000  66.1250   0.0000   0.0000   0.0000 -32.8750   0.0000   0.0000  -7.5625 
102.1875   0.0000  69.5625   0.0000   0.0000   0.0000 -36.1250   0.0000   0.0000  -7.1250 
 15.4375   0.0000  70.9375   0.0000   0.0000   0.0000 -44.0000   0.0000   0.0000  -5.9375 
 49.3125   0.0000  84.2500   0.0000   0.0000   0.0000 -49.9375   0.0000   0.0000  -6.6875 
117.6250   0.0000 102.8750   0.0000   0.0000   0.0000 -49.9375   0.0000   0.0000 -10.1250 
128.5625   0.0000 116.8125   0.0000   0.0000   0.0000 -38.3750   0.0000   0.0000 -13.2500 
113.3750   0.0000 118.7500   0.0000   0.0000   0.0000 -25.6250   0.0000   0.0000 -10.6875 
 69.3125   0.0000 109.2500   0.0000   0.0000   0.0000 -13.1875   0.0000   0.0000  -5.6250 
 78.0000   0.0000  96.3125   0.0000   0.0000   0.0000  -3.0625   0.0000   0.0000   4.9375 
108.8125   0.0000  83.5000   0.0000   0.0000   0.0000 -10.3750   0.0000   0.0000  14.6875 
123.0625   0.0000  66.9375   0.0000   0.0000   0.0000 -25.8750   0.0000   0.0000  11.6250 
112.1250   0.0000  42.1250   0.0000   0.0000   0.0000 -12.5625   0.0000   0.0000   4.4375 
 89.1875   0.0000   9.9375   0.0000   0.0000   0.0000  10.1250   0.0000   0.0000   7.8125 
 87.0000   0.0000 -17.0625   0.0000   0.0000   0.0000  12.6875   0.0000   0.0000  25.3750 
 98.6875   0.0000 -25.5000   0.0000   0.0000   0.0000  -1.4375   0.0000   0.0000  34.8125 
 99.1250   0.0000 -13.3125   0.0000   0.0000   0.0000 -11.9375   0.0000   0.0000  31.9375 
 92.9375   0.0000   5.3750   0.0000   0.0000   0.0000  -4.5625   0.0000   0.0000  23.5625 
 86.8125   0.0000  13.2500   0.0000   0.0000   0.0000  -8.3125   0.0000   0.0000  19.0625 
 92.3125   0.0000  10.1875   0.0000   0.0000   0.0000 -22.2500   0.0000   0.0000  18.3750 
101.3125   0.0000  -2.6250   0.0000   0.0000   0.0000 -41.5000   0.0000   0.0000  19.5625 
106.8125   0.0000  -3.3750   0.0000   0.0000   0.0000 -57.4375   0.0000   0.0000  28.3125 
110.5625   0.0000   8.1875   0.0000   0.0000   0.0000 -78.1250   0.0000   0.0000  39.1250 
102.4375   0.0000  30.6875   0.0000   0.0000   0.0000 -104.4375   0.0000   0.0000  39.5000 
110.0625   0.0000  42.6250   0.0000   0.0000   0.0000 -115.8125   0.0000   0.0000  36.0000 
104.3750   0.0000  32.3750   0.0000   0.0000   0.0000 -98.9375   0.0000   0.0000  16.1250 
 96.2500   0.0000  10.2500   0.0000   0.0000   0.0000 -67.6250   0.0000   0.0000   6.8125 
105.2500   0.0000  -6.6875   0.0000   0.0000   0.0000 -44.6250   0.0000   0.0000  -4.4375 
130.7500   0.0000 -15.6250   0.0000   0.0000   0.0000 -37.1875   0.0000   0.0000  53.6250 
127.8125   0.0000 -24.5000   0.0000   0.0000   0.0000 -46.6875   0.0000   0.0000  70.8750 
126.1875   0.0000 -27.1250   0.0000   0.0000   0.0000 -50.3125   0.0000   0.0000  34.3750 
143.0625   0.0000 -18.3750   0.0000   0.0000   0.0000 -50.1250   0.0000   0.0000  13.5625 
142.0625   0.0000 -10.1250   0.0000   0.0000   0.0000 -59.9375   0.0000   0.0000   0.0000 
144.5000   0.0000 -10.9375   0.0000   0.0000   0.0000 -85.7500   0.0000   0.0000   0.0000 
140.9375   0.0000 -16.0625   0.0000   0.0000   0.0000 -131.1875   0.0000   0.0000   0.0000 
151.7500   0.0000 -16.8125   0.0000   0.0000   0.0000 -190.4375   0.0000   0.0000   0.0000 
165.6875   0.0000 -16.2500   0.0000   0.0000   0.0000 -255.2500   0.0000   0.0000   0.0000 
171.5000   0.0000 -11.1250   0.0000   0.0000   0.0000 -345.8125   0.0000   0.0000   0.0000 
158.5625   0.0000  -5.2500   0.0000   0.0000   0.0000 -426.8125   0.0000   0.0000   0.0000 
148.2500   0.0000  -6.8125   0.0000   0.0000   0.0000 -454.5625   0.0000   0.0000   0.0000 
157.3125   0.0000 -11.1875   0.0000   0.0000   0.0000 -403.5625   0.0000   0.0000   0.0000 
146.7500   0.0000  -4.2500   0.0000   0.0000   0.0000 -303.2500   0.0000   0.0000   0.0000 
132.8125   0.0000   2.6875   0.0000   0.0000   0.0000 -134.1875   0.0000   0.0000   0.0000 
118.8750   0.0000   9.1250   0.0000   0.0000   0.0000 -112.3125   0.0000   0.0000   0.0000 
111.3125   0.0000  12.5000   0.0000   0.0000   0.0000 -255.4375   0.0000   0.0000   0.0000 
106.5625   0.0000  10.4375   0.0000   0.0000   0.0000 -206.5000   0.0000   0.0000   0.0000 
 90.5000   0.0000   9.3125   0.0000   0.0000   0.0000 -33.1875   0.0000   0.0000   0.0000 
 74.5625   0.0000  16.6250   0.0000   0.0000   0.0000  48.5625   0.0000   0.0000   0.0000 
 66.3125   0.0000  31.7500   0.0000   0.0000   0.0000 -35.9375   0.0000   0.0000   0.0000 
 45.1250   0.0000  37.6875   0.0000   0.0000   0.0000 -209.9375   0.0000   0.0000   0.0000 
 20.8125   0.0000  41.1875   0.0000   0.0000   0.0000 -257.2500   0.0000   0.0000   0.0000 
  5.0000   0.0000  41.5000   0.0000   0.0000   0.0000 -238.6250   0.0000   0.0000   0.0000 
 -1.2500   0.0000  44.2500   0.0000   0.0000   0.0000 -188.3750   0.0000   0.0000   0.0000 
 -7.7500   0.0000  46.1875   0.0000   0.0000   0.0000 -100.3125   0.0000   0.0000   0.0000 
-24.8125   0.0000  42.5625   0.0000   0.0000   0.0000   0.0000   0.0000   0.0000   0.0000 
-42.0000   0.0000  49.3125   0.0000   0.0000   0.0000   0.0000   0.0000   0.0000   0.0000 
-49.1250   0.0000  57.1250   0.0000   0.0000   0.0000   0.0000   0.0000   0.0000   0.0000 
-39.0625   0.0000  48.1250   0.0000   0.0000   0.0000   0.0000   0.0000   0.0000   0.0000 
-25.5625   0.0000  39.5000   0.0000   0.0000   0.0000   0.0000   0.0000   0.0000   0.0000 
-14.0625   0.0000  44.7500   0.0000   0.0000   0.0000   0.0000   0.0000   0.0000   0.0000 
  0.1250   0.0000  49.3125   0.0000   0.0000   0.0000   0.0000   0.0000   0.0000   0.0000 
 12.5625   0.0000  43.3125   0.0000   0.0000   0.0000   0.0000   0.0000   0.0000   0.0000 
 23.4375   0.0000  39.5000   0.0000   0.0000   0.0000   0.0000   0.0000   0.0000   0.0000 
 82.1875   0.0000  40.4375   0.0000   0.0000   0.0000   0.0000   0.0000   0.0000   0.0000 
107.7500   0.0000  34.1250   0.0000   0.0000   0.0000   0.0000   0.0000   0.0000   0.0000 
281.6250   0.0000  17.9375   0.0000   0.0000   0.0000   0.0000   0.0000   0.0000   0.0000 
-174.5000   0.0000  -2.5625   0.0000   0.0000   0.0000   0.0000   0.0000   0.0000   0.0000 
212.3750   0.0000 -13.6250   0.0000   0.0000   0.0000   0.0000   0.0000   0.0000   0.0000 
245.6875   0.0000 -24.5625   0.0000   0.0000   0.0000   0.0000   0.0000   0.0000   0.0000 
123.4375   0.0000 -27.5000   0.0000   0.0000   0.0000   0.0000   0.0000   0.0000   0.0000 
 42.6250   0.0000 -30.1875   0.0000   0.0000   0.0000   0.0000   0.0000   0.0000   0.0000 
-394.0000   0.0000 -57.2500   0.0000   0.0000   0.0000   0.0000   0.0000   0.0000   0.0000 
-221.7500   0.0000 -63.9375   0.0000   0.0000   0.0000   0.0000   0.0000   0.0000   0.0000 
149.0000   0.0000 -33.6875   0.0000   0.0000   0.0000   0.0000   0.0000   0.0000   0.0000 
306.8750   0.0000  18.5000   0.0000   0.0000   0.0000   0.0000   0.0000   0.0000   0.0000 
117.1875   0.0000 250.6875   0.0000   0.0000   0.0000   0.0000   0.0000   0.0000   0.0000 
-100.1250   0.0000 -102.4375   0.0000   0.0000   0.0000   0.0000   0.0000   0.0000   0.0000 
-60.8750   0.0000 -52.7500   0.0000   0.0000   0.0000   0.0000   0.0000   0.0000   0.0000 
 34.7500   0.0000 -170.7500   0.0000   0.0000   0.0000   0.0000   0.0000   0.0000   0.0000 
 50.1250   0.0000 -77.5625   0.0000   0.0000   0.0000   0.0000   0.0000   0.0000   0.0000 
 28.5000   0.0000 -52.2500   0.0000   0.0000   0.0000   0.0000   0.0000   0.0000   0.0000 
 27.3125   0.0000 -77.3750   0.0000   0.0000   0.0000   0.0000   0.0000   0.0000   0.0000 
 44.2500   0.0000 -112.6250   0.0000   0.0000   0.0000   0.0000   0.0000   0.0000   0.0000 
 26.5625   0.0000 -133.6250   0.0000   0.0000   0.0000   0.0000   0.0000   0.0000   0.0000 
 10.5625   0.0000 -84.6875   0.0000   0.0000   0.0000   0.0000   0.0000   0.0000   0.0000 
 14.3750   0.0000 -39.6250   0.0000   0.0000   0.0000   0.0000   0.0000   0.0000   0.0000 
 14.8750   0.0000 -17.5625   0.0000   0.0000   0.0000   0.0000   0.0000   0.0000   0.0000 
 11.3125   0.0000 -40.0625   0.0000   0.0000   0.0000   0.0000   0.0000   0.0000   0.0000 
 13.5000   0.0000 -119.7500   0.0000   0.0000   0.0000   0.0000   0.0000   0.0000   0.0000 
 19.5000   0.0000 -190.5000   0.0000   0.0000   0.0000   0.0000   0.0000   0.0000   0.0000 
 25.1250   0.0000 -246.5000   0.0000   0.0000   0.0000   0.0000   0.0000   0.0000   0.0000 
 34.8750   0.0000 -330.5625   0.0000   0.0000   0.0000   0.0000   0.0000   0.0000   0.0000 
 42.0000   0.0000 -257.9375   0.0000   0.0000   0.0000   0.0000   0.0000   0.0000   0.0000 
 31.6875   0.0000 152.8125   0.0000   0.0000   0.0000   0.0000   0.0000   0.0000   0.0000 
 29.1875   0.0000 269.6250   0.0000   0.0000   0.0000   0.0000   0.0000   0.0000   0.0000 
 24.0000   0.0000 168.6250   0.0000   0.0000   0.0000   0.0000   0.0000   0.0000   0.0000 
 22.3750   0.0000  21.2500   0.0000   0.0000   0.0000   0.0000   0.0000   0.0000   0.0000 
 25.1250   0.0000 -71.1875   0.0000   0.0000   0.0000   0.0000   0.0000   0.0000   0.0000 
 31.2500   0.0000 -62.2500   0.0000   0.0000   0.0000   0.0000   0.0000   0.0000   0.0000 
 34.5000   0.0000 -22.0625   0.0000   0.0000   0.0000   0.0000   0.0000   0.0000   0.0000 
 45.5625   0.0000 -76.1875   0.0000   0.0000   0.0000   0.0000   0.0000   0.0000   0.0000 
 58.4375   0.0000  31.3750   0.0000   0.0000   0.0000   0.0000   0.0000   0.0000   0.0000 
 57.9375   0.0000 121.5625   0.0000   0.0000   0.0000   0.0000   0.0000   0.0000   0.0000 
 31.8750   0.0000  30.9375   0.0000   0.0000   0.0000   0.0000   0.0000   0.0000   0.0000 
 -6.7500   0.0000  -5.8125   0.0000   0.0000   0.0000   0.0000   0.0000   0.0000   0.0000 
-28.1875   0.0000 -132.8750   0.0000   0.0000   0.0000   0.0000   0.0000   0.0000   0.0000 
-27.5000   0.0000 -76.8750   0.0000   0.0000   0.0000   0.0000   0.0000   0.0000   0.0000 
-19.3750   0.0000  14.6875   0.0000   0.0000   0.0000   0.0000   0.0000   0.0000   0.0000 
-19.4375   0.0000  95.1875   0.0000   0.0000   0.0000   0.0000   0.0000   0.0000   0.0000 
-20.6875   0.0000 102.3750   0.0000   0.0000   0.0000   0.0000   0.0000   0.0000   0.0000 
-13.5000   0.0000  73.7500   0.0000   0.0000   0.0000   0.0000   0.0000   0.0000   0.0000 
 -6.0625   0.0000  73.3750   0.0000   0.0000   0.0000   0.0000   0.0000   0.0000   0.0000 
 -6.6250   0.0000  25.6250   0.0000   0.0000   0.0000   0.0000   0.0000   0.0000   0.0000 
-17.0625   0.0000   0.0000   0.0000   0.0000   0.0000   0.0000   0.0000   0.0000   0.0000 
-28.1875   0.0000   0.0000   0.0000   0.0000   0.0000   0.0000   0.0000   0.0000   0.0000 
-25.5000   0.0000   0.0000   0.0000   0.0000   0.0000   0.0000   0.0000   0.0000   0.0000 
-19.6250   0.0000   0.0000   0.0000   0.0000   0.0000   0.0000   0.0000   0.0000   0.0000 
-17.8750   0.0000   0.0000   0.0000   0.0000   0.0000   0.0000   0.0000   0.0000   0.0000 
-19.8750   0.0000   0.0000   0.0000   0.0000   0.0000   0.0000   0.0000   0.0000   0.0000 
-20.6250   0.0000   0.0000   0.0000   0.0000   0.0000   0.0000   0.0000   0.0000   0.0000 
-15.3750   0.0000   0.0000   0.0000   0.0000   0.0000   0.0000   0.0000   0.0000   0.0000 
 -5.3750   0.0000   0.0000   0.0000   0.0000   0.0000   0.0000   0.0000   0.0000   0.0000 
  9.4375   0.0000   0.0000   0.0000   0.0000   0.0000   0.0000   0.0000   0.0000   0.0000 
  6.8125   0.0000   0.0000   0.0000   0.0000   0.0000   0.0000   0.0000   0.0000   0.0000 
  1.3125   0.0000   0.0000   0.0000   0.0000   0.0000   0.0000   0.0000   0.0000   0.0000 
  4.7500   0.0000   0.0000   0.0000   0.0000   0.0000   0.0000   0.0000   0.0000   0.0000 
 12.0625   0.0000   0.0000   0.0000   0.0000   0.0000   0.0000   0.0000   0.0000   0.0000 
 15.2500   0.0000   0.0000   0.0000   0.0000   0.0000   0.0000   0.0000   0.0000   0.0000 
  4.3750   0.0000   0.0000   0.0000   0.0000   0.0000   0.0000   0.0000   0.0000   0.0000 
 -7.2500   0.0000   0.0000   0.0000   0.0000   0.0000   0.0000   0.0000   0.0000   0.0000 
 -7.5000   0.0000   0.0000   0.0000   0.0000   0.0000   0.0000   0.0000   0.0000   0.0000 
 -4.7500   0.0000   0.0000   0.0000   0.0000   0.0000   0.0000   0.0000   0.0000   0.0000 
  0.6875   0.0000   0.0000   0.0000   0.0000   0.0000   0.0000   0.0000   0.0000   0.0000 
  4.2500   0.0000   0.0000   0.0000   0.0000   0.0000   0.0000   0.0000   0.0000   0.0000 
  1.9375   0.0000   0.0000   0.0000   0.0000   0.0000   0.0000   0.0000   0.0000   0.0000 
 -1.3125   0.0000   0.0000   0.0000   0.0000   0.0000   0.0000   0.0000   0.0000   0.0000 
 -0.5000   0.0000   0.0000   0.0000   0.0000   0.0000   0.0000   0.0000   0.0000   0.0000 
  2.4375   0.0000   0.0000   0.0000   0.0000   0.0000   0.0000   0.0000   0.0000   0.0000 
  4.8125   0.0000   0.0000   0.0000   0.0000   0.0000   0.0000   0.0000   0.0000   0.0000 
 -2.1250   0.0000   0.0000   0.0000   0.0000   0.0000   0.0000   0.0000   0.0000   0.0000 
-15.3750   0.0000   0.0000   0.0000   0.0000   0.0000   0.0000   0.0000   0.0000   0.0000 
-35.6250   0.0000   0.0000   0.0000   0.0000   0.0000   0.0000   0.0000   0.0000   0.0000 
-54.2500   0.0000   0.0000   0.0000   0.0000   0.0000   0.0000   0.0000   0.0000   0.0000 
-70.7500   0.0000   0.0000   0.0000   0.0000   0.0000   0.0000   0.0000   0.0000   0.0000 
-82.3750   0.0000   0.0000   0.0000   0.0000   0.0000   0.0000   0.0000   0.0000   0.0000 
-77.8125   0.0000   0.0000   0.0000   0.0000   0.0000   0.0000   0.0000   0.0000   0.0000 
-77.2500   0.0000   0.0000   0.0000   0.0000   0.0000   0.0000   0.0000   0.0000   0.0000 
-76.1250   0.0000   0.0000   0.0000   0.0000   0.0000   0.0000   0.0000   0.0000   0.0000 
-71.6875   0.0000   0.0000   0.0000   0.0000   0.0000   0.0000   0.0000   0.0000   0.0000 
-53.3750   0.0000   0.0000   0.0000   0.0000   0.0000   0.0000   0.0000   0.0000   0.0000 
-36.1250   0.0000   0.0000   0.0000   0.0000   0.0000   0.0000   0.0000   0.0000   0.0000 
-37.5000   0.0000   0.0000   0.0000   0.0000   0.0000   0.0000   0.0000   0.0000   0.0000 
-62.6875   0.0000   0.0000   0.0000   0.0000   0.0000   0.0000   0.0000   0.0000   0.0000 
-86.0000   0.0000   0.0000   0.0000   0.0000   0.0000   0.0000   0.0000   0.0000   0.0000 
-108.4375   0.0000   0.0000   0.0000   0.0000   0.0000   0.0000   0.0000   0.0000   0.0000 
-144.6875   0.0000   0.0000   0.0000   0.0000   0.0000   0.0000   0.0000   0.0000   0.0000 
-229.9375   0.0000   0.0000   0.0000   0.0000   0.0000   0.0000   0.0000   0.0000   0.0000 
-359.6875   0.0000   0.0000   0.0000   0.0000   0.0000   0.0000   0.0000   0.0000   0.0000 
-429.6875   0.0000   0.0000   0.0000   0.0000   0.0000   0.0000   0.0000   0.0000   0.0000 
-439.3125   0.0000   0.0000   0.0000   0.0000   0.0000   0.0000   0.0000   0.0000   0.0000 
-427.6875   0.0000   0.0000   0.0000   0.0000   0.0000   0.0000   0.0000   0.0000   0.0000 
-429.1875   0.0000   0.0000   0.0000   0.0000   0.0000   0.0000   0.0000   0.0000   0.0000 
-389.5625   0.0000   0.0000   0.0000   0.0000   0.0000   0.0000   0.0000   0.0000   0.0000 
-280.6875   0.0000   0.0000   0.0000   0.0000   0.0000   0.0000   0.0000   0.0000   0.0000 
-173.3750   0.0000   0.0000   0.0000   0.0000   0.0000   0.0000   0.0000   0.0000   0.0000 
-88.1250   0.0000   0.0000   0.0000   0.0000   0.0000   0.0000   0.0000   0.0000   0.0000 
-258.8750   0.0000   0.0000   0.0000   0.0000   0.0000   0.0000   0.0000   0.0000   0.0000 
-225.1250   0.0000   0.0000   0.0000   0.0000   0.0000   0.0000   0.0000   0.0000   0.0000 
-16.3750   0.0000   0.0000   0.0000   0.0000   0.0000   0.0000   0.0000   0.0000   0.0000 
204.6875   0.0000   0.0000   0.0000   0.0000   0.0000   0.0000   0.0000   0.0000   0.0000 
200.8750   0.0000   0.0000   0.0000   0.0000   0.0000   0.0000   0.0000   0.0000   0.0000 
  7.4375   0.0000   0.0000   0.0000   0.0000   0.0000   0.0000   0.0000   0.0000   0.0000 
-154.2500   0.0000   0.0000   0.0000   0.0000   0.0000   0.0000   0.0000   0.0000   0.0000 
-190.9375   0.0000   0.0000   0.0000   0.0000   0.0000   0.0000   0.0000   0.0000   0.0000 
-119.0000   0.0000   0.0000   0.0000   0.0000   0.0000   0.0000   0.0000   0.0000   0.0000 
  0.0000   0.0000   0.0000   0.0000   0.0000   0.0000   0.0000   0.0000   0.0000   0.0000 
  0.0000   0.0000   0.0000   0.0000   0.0000   0.0000   0.0000   0.0000   0.0000   0.0000 
  0.0000   0.0000   0.0000   0.0000   0.0000   0.0000   0.0000   0.0000   0.0000   0.0000 
  0.0000   0.0000   0.0000   0.0000   0.0000   0.0000   0.0000   0.0000   0.0000   0.0000 
  0.0000   0.0000   0.0000   0.0000   0.0000   0.0000   0.0000   0.0000   0.0000   0.0000 
  0.0000   0.0000   0.0000   0.0000   0.0000   0.0000   0.0000   0.0000   0.0000   0.0000 
  0.0000   0.0000   0.0000   0.0000   0.0000   0.0000   0.0000   0.0000   0.0000   0.0000 
  0.0000   0.0000   0.0000   0.0000   0.0000   0.0000   0.0000   0.0000   0.0000   0.0000 
  0.0000   0.0000   0.0000   0.0000   0.0000   0.0000   0.0000   0.0000   0.0000   0.0000 
  0.0000   0.0000   0.0000   0.0000   0.0000   0.0000   0.0000   0.0000   0.0000   0.0000 
  0.0000   0.0000   0.0000   0.0000   0.0000   0.0000   0.0000   0.0000   0.0000   0.0000 
  0.0000   0.0000   0.0000   0.0000   0.0000   0.0000   0.0000   0.0000   0.0000   0.0000 
  0.0000   0.0000   0.0000   0.0000   0.0000   0.0000   0.0000   0.0000   0.0000   0.0000 
  0.0000   0.0000   0.0000   0.0000   0.0000   0.0000   0.0000   0.0000   0.0000   0.0000 
  0.0000   0.0000   0.0000   0.0000   0.0000   0.0000   0.0000   0.0000   0.0000   0.0000 
  0.0000   0.0000   0.0000   0.0000   0.0000   0.0000   0.0000   0.0000   0.0000   0.0000 
  0.0000   0.0000   0.0000   0.0000   0.0000   0.0000   0.0000   0.0000   0.0000   0.0000 
  0.0000   0.0000   0.0000   0.0000   0.0000   0.0000   0.0000   0.0000   0.0000   0.0000 
  0.0000   0.0000   0.0000   0.0000   0.0000   0.0000   0.0000   0.0000   0.0000   0.0000 
  0.0000   0.0000   0.0000   0.0000   0.0000   0.0000   0.0000   0.0000   0.0000   0.0000 
  0.0000   0.0000   0.0000   0.0000   0.0000   0.0000   0.0000   0.0000   0.0000   0.0000 
  0.0000   0.0000   0.0000   0.0000   0.0000   0.0000   0.0000   0.0000   0.0000   0.0000 
  0.0000   0.0000   0.0000   0.0000   0.0000   0.0000   0.0000   0.0000   0.0000   0.0000 
  0.0000   0.0000   0.0000   0.0000   0.0000   0.0000   0.0000   0.0000   0.0000   0.0000 
  0.0000   0.0000   0.0000   0.0000   0.0000   0.0000   0.0000   0.0000   0.0000   0.0000 
  0.0000   0.0000   0.0000   0.0000   0.0000   0.0000   0.0000   0.0000   0.0000   0.0000 
  0.0000   0.0000   0.0000   0.0000   0.0000   0.0000   0.0000   0.0000   0.0000   0.0000 
  0.0000   0.0000   0.0000   0.0000   0.0000   0.0000   0.0000   0.0000   0.0000   0.0000 
  0.0000   0.0000   0.0000   0.0000   0.0000   0.0000   0.0000   0.0000   0.0000   0.0000 
  0.0000   0.0000   0.0000   0.0000   0.0000   0.0000   0.0000   0.0000   0.0000   0.0000 
  0.0000   0.0000   0.0000   0.0000   0.0000   0.0000   0.0000   0.0000   0.0000   0.0000 
  0.0000   0.0000   0.0000   0.0000   0.0000   0.0000   0.0000   0.0000   0.0000   0.0000 
  0.0000   0.0000   0.0000   0.0000   0.0000   0.0000   0.0000   0.0000   0.0000   0.0000 
  0.0000   0.0000   0.0000   0.0000   0.0000   0.0000   0.0000   0.0000   0.0000   0.0000 
  0.0000   0.0000   0.0000   0.0000   0.0000   0.0000   0.0000   0.0000   0.0000   0.0000 
  0.0000   0.0000   0.0000   0.0000   0.0000   0.0000   0.0000   0.0000   0.0000   0.0000 
  0.0000   0.0000   0.0000   0.0000   0.0000   0.0000   0.0000   0.0000   0.0000   0.0000 
  0.0000   0.0000   0.0000   0.0000   0.0000   0.0000   0.0000   0.0000   0.0000   0.0000 
  0.0000   0.0000   0.0000   0.0000   0.0000   0.0000   0.0000   0.0000   0.0000   0.0000 
  0.0000   0.0000   0.0000   0.0000   0.0000   0.0000   0.0000   0.0000   0.0000   0.0000 
  0.0000   0.0000   0.0000   0.0000   0.0000   0.0000   0.0000   0.0000   0.0000   0.0000 
  0.0000   0.0000   0.0000   0.0000   0.0000   0.0000   0.0000   0.0000   0.0000   0.0000 
  0.0000   0.0000   0.0000   0.0000   0.0000   0.0000   0.0000   0.0000   0.0000   0.0000 
  0.0000   0.0000   0.0000   0.0000   0.0000   0.0000   0.0000   0.0000   0.0000   0.0000 
  0.0000   0.0000   0.0000   0.0000   0.0000   0.0000   0.0000   0.0000   0.0000   0.0000 
  0.0000   0.0000   0.0000   0.0000   0.0000   0.0000   0.0000   0.0000   0.0000   0.0000 
  0.0000   0.0000   0.0000   0.0000   0.0000   0.0000   0.0000   0.0000   0.0000   0.0000 
  0.0000   0.0000   0.0000   0.0000   0.0000   0.0000   0.0000   0.0000   0.0000   0.0000 
  0.0000   0.0000   0.0000   0.0000   0.0000   0.0000   0.0000   0.0000   0.0000   0.0000 
  0.0000   0.0000   0.0000   0.0000   0.0000   0.0000   0.0000   0.0000   0.0000   0.0000 
  0.0000   0.0000   0.0000   0.0000   0.0000   0.0000   0.0000   0.0000   0.0000   0.0000 
  0.0000   0.0000   0.0000   0.0000   0.0000   0.0000   0.0000   0.0000   0.0000   0.0000 
  0.0000   0.0000   0.0000   0.0000   0.0000   0.0000   0.0000   0.0000   0.0000   0.0000 
  0.0000   0.0000   0.0000   0.0000   0.0000   0.0000   0.0000   0.0000   0.0000   0.0000 
  0.0000   0.0000   0.0000   0.0000   0.0000   0.0000   0.0000   0.0000   0.0000   0.0000 
  0.0000   0.0000   0.0000   0.0000   0.0000   0.0000   0.0000   0.0000   0.0000   0.0000 
  0.0000   0.0000   0.0000   0.0000   0.0000   0.0000   0.0000   0.0000   0.0000   0.0000 
  0.0000   0.0000   0.0000   0.0000   0.0000   0.0000   0.0000   0.0000   0.0000   0.0000 
  0.0000   0.0000   0.0000   0.0000   0.0000   0.0000   0.0000   0.0000   0.0000   0.0000 
  0.0000   0.0000   0.0000   0.0000   0.0000   0.0000   0.0000   0.0000   0.0000   0.0000 
  0.0000   0.0000   0.0000   0.0000   0.0000   0.0000   0.0000   0.0000   0.0000   0.0000 
  0.0000   0.0000   0.0000   0.0000   0.0000   0.0000   0.0000   0.0000   0.0000   0.0000 
  0.0000   0.0000   0.0000   0.0000   0.0000   0.0000   0.0000   0.0000   0.0000   0.0000 
  0.0000   0.0000   0.0000   0.0000   0.0000   0.0000   0.0000   0.0000   0.0000   0.0000 
  0.0000   0.0000   0.0000   0.0000   0.0000   0.0000   0.0000   0.0000   0.0000   0.0000 
  0.0000   0.0000   0.0000   0.0000   0.0000   0.0000   0.0000   0.0000   0.0000   0.0000 
  0.0000   0.0000   0.0000   0.0000   0.0000   0.0000   0.0000   0.0000   0.0000   0.0000 
  0.0000   0.0000   0.0000   0.0000   0.0000   0.0000   0.0000   0.0000   0.0000   0.0000 
  0.0000   0.0000   0.0000   0.0000   0.0000   0.0000   0.0000   0.0000   0.0000   0.0000 
  0.0000   0.0000   0.0000   0.0000   0.0000   0.0000   0.0000   0.0000   0.0000   0.0000 
  0.0000   0.0000   0.0000   0.0000   0.0000   0.0000   0.0000   0.0000   0.0000   0.0000 
  0.0000   0.0000   0.0000   0.0000   0.0000   0.0000   0.0000   0.0000   0.0000   0.0000 
  0.0000   0.0000   0.0000   0.0000   0.0000   0.0000   0.0000   0.0000   0.0000   0.0000 
  0.0000   0.0000   0.0000   0.0000   0.0000   0.0000   0.0000   0.0000   0.0000   0.0000 
  0.0000   0.0000   0.0000   0.0000   0.0000   0.0000   0.0000   0.0000   0.0000   0.0000 
  0.0000   0.0000   0.0000   0.0000   0.0000   0.0000   0.0000   0.0000   0.0000   0.0000 
  0.0000   0.0000   0.0000   0.0000   0.0000   0.0000   0.0000   0.0000   0.0000   0.0000 
  0.0000   0.0000   0.0000   0.0000   0.0000   0.0000   0.0000   0.0000   0.0000   0.0000 
  0.0000   0.0000   0.0000   0.0000   0.0000   0.0000   0.0000   0.0000   0.0000   0.0000 
  0.0000   0.0000   0.0000   0.0000   0.0000   0.0000   0.0000   0.0000   0.0000   0.0000 
  0.0000   0.0000   0.0000   0.0000   0.0000   0.0000   0.0000   0.0000   0.0000   0.0000 
  0.0000   0.0000   0.0000   0.0000   0.0000   0.0000   0.0000   0.0000   0.0000   0.0000 
  0.0000   0.0000   0.0000   0.0000   0.0000   0.0000   0.0000   0.0000   0.0000   0.0000 
  0.0000   0.0000   0.0000   0.0000   0.0000   0.0000   0.0000   0.0000   0.0000   0.0000 
  0.0000   0.0000   0.0000   0.0000   0.0000   0.0000   0.0000   0.0000   0.0000   0.0000 
  0.0000   0.0000   0.0000   0.0000   0.0000   0.0000   0.0000   0.0000   0.0000   0.0000 
  0.0000   0.0000   0.0000   0.0000   0.0000   0.0000   0.0000   0.0000   0.0000   0.0000 
  0.0000   0.0000   0.0000   0.0000   0.0000   0.0000   0.0000   0.0000   0.0000   0.0000 
  0.0000   0.0000   0.0000   0.0000   0.0000   0.0000   0.0000   0.0000   0.0000   0.0000 
  0.0000   0.0000   0.0000   0.0000   0.0000   0.0000   0.0000   0.0000   0.0000   0.0000 
  0.0000   0.0000   0.0000   0.0000   0.0000   0.0000   0.0000   0.0000   0.0000   0.0000 
  0.0000   0.0000   0.0000   0.0000   0.0000   0.0000   0.0000   0.0000   0.0000   0.0000 
  0.0000   0.0000   0.0000   0.0000   0.0000   0.0000   0.0000   0.0000   0.0000   0.0000 
  0.0000   0.0000   0.0000   0.0000   0.0000   0.0000   0.0000   0.0000   0.0000   0.0000 
  0.0000   0.0000   0.0000   0.0000   0.0000   0.0000   0.0000   0.0000   0.0000   0.0000 
  0.0000   0.0000   0.0000   0.0000   0.0000   0.0000   0.0000   0.0000   0.0000   0.0000 
  0.0000   0.0000   0.0000   0.0000   0.0000   0.0000   0.0000   0.0000   0.0000   0.0000 
  0.0000   0.0000   0.0000   0.0000   0.0000   0.0000   0.0000   0.0000   0.0000   0.0000 
  0.0000   0.0000   0.0000   0.0000   0.0000   0.0000   0.0000   0.0000   0.0000   0.0000 
  0.0000   0.0000   0.0000   0.0000   0.0000   0.0000   0.0000   0.0000   0.0000   0.0000 
  0.0000   0.0000   0.0000   0.0000   0.0000   0.0000   0.0000   0.0000   0.0000   0.0000 
  0.0000   0.0000   0.0000   0.0000   0.0000   0.0000   0.0000   0.0000   0.0000   0.0000 
  0.0000   0.0000   0.0000   0.0000   0.0000   0.0000   0.0000   0.0000   0.0000   0.0000 
  0.0000   0.0000   0.0000   0.0000   0.0000   0.0000   0.0000   0.0000   0.0000   0.0000 
  0.0000   0.0000   0.0000   0.0000   0.0000   0.0000   0.0000   0.0000   0.0000   0.0000 
  0.0000   0.0000   0.0000   0.0000   0.0000   0.0000   0.0000   0.0000   0.0000   0.0000 
  0.0000   0.0000   0.0000   0.0000   0.0000   0.0000   0.0000   0.0000   0.0000   0.0000 
  0.0000   0.0000   0.0000   0.0000   0.0000   0.0000   0.0000   0.0000   0.0000   0.0000 
  0.0000   0.0000   0.0000   0.0000   0.0000   0.0000   0.0000   0.0000   0.0000   0.0000 
  0.0000   0.0000   0.0000   0.0000   0.0000   0.0000   0.0000   0.0000   0.0000   0.0000 
  0.0000   0.0000   0.0000   0.0000   0.0000   0.0000   0.0000   0.0000   0.0000   0.0000 
  0.0000   0.0000   0.0000   0.0000   0.0000   0.0000   0.0000   0.0000   0.0000   0.0000 
  0.0000   0.0000   0.0000   0.0000   0.0000   0.0000   0.0000   0.0000   0.0000   0.0000 
  0.0000   0.0000   0.0000   0.0000   0.0000   0.0000   0.0000   0.0000   0.0000   0.0000 
  0.0000   0.0000   0.0000   0.0000   0.0000   0.0000   0.0000   0.0000   0.0000   0.0000 
  0.0000   0.0000   0.0000   0.0000   0.0000   0.0000   0.0000   0.0000   0.0000   0.0000 
  0.0000   0.0000   0.0000   0.0000   0.0000   0.0000   0.0000   0.0000   0.0000   0.0000 
  0.0000   0.0000   0.0000   0.0000   0.0000   0.0000   0.0000   0.0000   0.0000   0.0000 
  0.0000   0.0000   0.0000   0.0000   0.0000   0.0000   0.0000   0.0000   0.0000   0.0000 
  0.0000   0.0000   0.0000   0.0000   0.0000   0.0000   0.0000   0.0000   0.0000   0.0000 
  0.0000   0.0000   0.0000   0.0000   0.0000   0.0000   0.0000   0.0000   0.0000   0.0000 
  0.0000   0.0000   0.0000   0.0000   0.0000   0.0000   0.0000   0.0000   0.0000   0.0000 
  0.0000   0.0000   0.0000   0.0000   0.0000   0.0000   0.0000   0.0000   0.0000   0.0000 
  0.0000   0.0000   0.0000   0.0000   0.0000   0.0000   0.0000   0.0000   0.0000   0.0000 
  0.0000   0.0000   0.0000   0.0000   0.0000   0.0000   0.0000   0.0000   0.0000   0.0000 
  0.0000   0.0000   0.0000   0.0000   0.0000   0.0000   0.0000   0.0000   0.0000   0.0000 
  0.0000   0.0000   0.0000   0.0000   0.0000   0.0000   0.0000   0.0000   0.0000   0.0000 
  0.0000   0.0000   0.0000   0.0000   0.0000   0.0000   0.0000   0.0000   0.0000   0.0000 
  0.0000   0.0000   0.0000   0.0000   0.0000   0.0000   0.0000   0.0000   0.0000   0.0000 
  0.0000   0.0000   0.0000   0.0000   0.0000   0.0000   0.0000   0.0000   0.0000   0.0000 
  0.0000   0.0000   0.0000   0.0000   0.0000   0.0000   0.0000   0.0000   0.0000   0.0000 
  0.0000   0.0000   0.0000   0.0000   0.0000   0.0000   0.0000   0.0000   0.0000   0.0000 
  0.0000   0.0000   0.0000   0.0000   0.0000   0.0000   0.0000   0.0000   0.0000   0.0000 
  0.0000   0.0000   0.0000   0.0000   0.0000   0.0000   0.0000   0.0000   0.0000   0.0000 
  0.0000   0.0000   0.0000   0.0000   0.0000   0.0000   0.0000   0.0000   0.0000   0.0000 
  0.0000   0.0000   0.0000   0.0000   0.0000   0.0000   0.0000   0.0000   0.0000   0.0000 
  0.0000   0.0000   0.0000   0.0000   0.0000   0.0000   0.0000   0.0000   0.0000   0.0000 
  0.0000   0.0000   0.0000   0.0000   0.0000   0.0000   0.0000   0.0000   0.0000   0.0000 
  0.0000   0.0000   0.0000   0.0000   0.0000   0.0000   0.0000   0.0000   0.0000   0.0000 
  0.0000   0.0000   0.0000   0.0000   0.0000   0.0000   0.0000   0.0000   0.0000   0.0000 
  0.0000   0.0000   0.0000   0.0000   0.0000   0.0000   0.0000   0.0000   0.0000   0.0000 
  0.0000   0.0000   0.0000   0.0000   0.0000   0.0000   0.0000   0.0000   0.0000   0.0000 
  0.0000   0.0000   0.0000   0.0000   0.0000   0.0000   0.0000   0.0000   0.0000   0.0000 
  0.0000   0.0000   0.0000   0.0000   0.0000   0.0000   0.0000   0.0000   0.0000   0.0000 
  0.0000   0.0000   0.0000   0.0000   0.0000   0.0000   0.0000   0.0000   0.0000   0.0000 
  0.0000   0.0000   0.0000   0.0000   0.0000   0.0000   0.0000   0.0000   0.0000   0.0000 
  0.0000   0.0000   0.0000   0.0000   0.0000   0.0000   0.0000   0.0000   0.0000   0.0000 
  0.0000   0.0000   0.0000   0.0000   0.0000   0.0000   0.0000   0.0000   0.0000   0.0000 
  0.0000   0.0000   0.0000   0.0000   0.0000   0.0000   0.0000   0.0000   0.0000   0.0000 
  0.0000   0.0000   0.0000   0.0000   0.0000   0.0000   0.0000   0.0000   0.0000   0.0000 
  0.0000   0.0000   0.0000   0.0000   0.0000   0.0000   0.0000   0.0000   0.0000   0.0000 
  0.0000   0.0000   0.0000   0.0000   0.0000   0.0000   0.0000   0.0000   0.0000   0.0000 
  0.0000   0.0000   0.0000   0.0000   0.0000   0.0000   0.0000   0.0000   0.0000   0.0000 
  0.0000   0.0000   0.0000   0.0000   0.0000   0.0000   0.0000   0.0000   0.0000   0.0000 
  0.0000   0.0000   0.0000   0.0000   0.0000   0.0000   0.0000   0.0000   0.0000   0.0000 
  0.0000   0.0000   0.0000   0.0000   0.0000   0.0000   0.0000   0.0000   0.0000   0.0000 
  0.0000   0.0000   0.0000   0.0000   0.0000   0.0000   0.0000   0.0000   0.0000   0.0000 
  0.0000   0.0000   0.0000   0.0000   0.0000   0.0000   0.0000   0.0000   0.0000   0.0000 
  0.0000   0.0000   0.0000   0.0000   0.0000   0.0000   0.0000   0.0000   0.0000   0.0000 
  0.0000   0.0000   0.0000   0.0000   0.0000   0.0000   0.0000   0.0000   0.0000   0.0000 
  0.0000   0.0000   0.0000   0.0000   0.0000   0.0000   0.0000   0.0000   0.0000   0.0000 
  0.0000   0.0000   0.0000   0.0000   0.0000   0.0000   0.0000   0.0000   0.0000   0.0000 
  0.0000   0.0000   0.0000   0.0000   0.0000   0.0000   0.0000   0.0000   0.0000   0.0000 
  0.0000   0.0000   0.0000   0.0000   0.0000   0.0000   0.0000   0.0000   0.0000   0.0000 
  0.0000   0.0000   0.0000   0.0000   0.0000   0.0000   0.0000   0.0000   0.0000   0.0000 
  0.0000   0.0000   0.0000   0.0000   0.0000   0.0000   0.0000   0.0000   0.0000   0.0000 
  0.0000   0.0000   0.0000   0.0000   0.0000   0.0000   0.0000   0.0000   0.0000   0.0000 
  0.0000   0.0000   0.0000   0.0000   0.0000   0.0000   0.0000   0.0000   0.0000   0.0000 
  0.0000   0.0000   0.0000   0.0000   0.0000   0.0000   0.0000   0.0000   0.0000   0.0000 
  0.0000   0.0000   0.0000   0.0000   0.0000   0.0000   0.0000   0.0000   0.0000   0.0000 
  0.0000   0.0000   0.0000   0.0000   0.0000   0.0000   0.0000   0.0000   0.0000   0.0000 
  0.0000   0.0000   0.0000   0.0000   0.0000   0.0000   0.0000   0.0000   0.0000   0.0000 
  0.0000   0.0000   0.0000   0.0000   0.0000   0.0000   0.0000   0.0000   0.0000   0.0000 
  0.0000   0.0000   0.0000   0.0000   0.0000   0.0000   0.0000   0.0000   0.0000   0.0000 
  0.0000   0.0000   0.0000   0.0000   0.0000   0.0000   0.0000   0.0000   0.0000   0.0000 
  0.0000   0.0000   0.0000   0.0000   0.0000   0.0000   0.0000   0.0000   0.0000   0.0000 
  0.0000   0.0000   0.0000   0.0000   0.0000   0.0000   0.0000   0.0000   0.0000   0.0000 
  0.0000   0.0000   0.0000   0.0000   0.0000   0.0000   0.0000   0.0000   0.0000   0.0000 
  0.0000   0.0000   0.0000   0.0000   0.0000   0.0000   0.0000   0.0000   0.0000   0.0000 
  0.0000   0.0000   0.0000   0.0000   0.0000   0.0000   0.0000   0.0000   0.0000   0.0000 
  0.0000   0.0000   0.0000   0.0000   0.0000   0.0000   0.0000   0.0000   0.0000   0.0000 
  0.0000   0.0000   0.0000   0.0000   0.0000   0.0000   0.0000   0.0000   0.0000   0.0000 
  0.0000   0.0000   0.0000   0.0000   0.0000   0.0000   0.0000   0.0000   0.0000   0.0000 
  0.0000   0.0000   0.0000   0.0000   0.0000   0.0000   0.0000   0.0000   0.0000   0.0000 
  0.0000   0.0000   0.0000   0.0000   0.0000   0.0000   0.0000   0.0000   0.0000   0.0000 
  0.0000   0.0000   0.0000   0.0000   0.0000   0.0000   0.0000   0.0000   0.0000   0.0000 
  0.0000   0.0000   0.0000   0.0000   0.0000   0.0000   0.0000   0.0000   0.0000   0.0000 
  0.0000   0.0000   0.0000   0.0000   0.0000   0.0000   0.0000   0.0000   0.0000   0.0000 
  0.0000   0.0000   0.0000   0.0000   0.0000   0.0000   0.0000   0.0000   0.0000   0.0000 
  0.0000   0.0000   0.0000   0.0000   0.0000   0.0000   0.0000   0.0000   0.0000   0.0000 
  0.0000   0.0000   0.0000   0.0000   0.0000   0.0000   0.0000   0.0000   0.0000   0.0000 
  0.0000   0.0000   0.0000   0.0000   0.0000   0.0000   0.0000   0.0000   0.0000   0.0000 
  0.0000   0.0000   0.0000   0.0000   0.0000   0.0000   0.0000   0.0000   0.0000   0.0000 
  0.0000   0.0000   0.0000   0.0000   0.0000   0.0000   0.0000   0.0000   0.0000   0.0000 
  0.0000   0.0000   0.0000   0.0000   0.0000   0.0000   0.0000   0.0000   0.0000   0.0000 
  0.0000   0.0000   0.0000   0.0000   0.0000   0.0000   0.0000   0.0000   0.0000   0.0000 
  0.0000   0.0000   0.0000   0.0000   0.0000   0.0000   0.0000   0.0000   0.0000   0.0000 
  0.0000   0.0000   0.0000   0.0000   0.0000   0.0000   0.0000   0.0000   0.0000   0.0000 
  0.0000   0.0000   0.0000   0.0000   0.0000   0.0000   0.0000   0.0000   0.0000   0.0000 
  0.0000   0.0000   0.0000   0.0000   0.0000   0.0000   0.0000   0.0000   0.0000   0.0000 
  0.0000   0.0000   0.0000   0.0000   0.0000   0.0000   0.0000   0.0000   0.0000   0.0000 
  0.0000   0.0000   0.0000   0.0000   0.0000   0.0000   0.0000   0.0000   0.0000   0.0000 
  0.0000   0.0000   0.0000   0.0000   0.0000   0.0000   0.0000   0.0000   0.0000   0.0000 
  0.0000   0.0000   0.0000   0.0000   0.0000   0.0000   0.0000   0.0000   0.0000   0.0000 
  0.0000   0.0000   0.0000   0.0000   0.0000   0.0000   0.0000   0.0000   0.0000   0.0000 
  0.0000   0.0000   0.0000   0.0000   0.0000   0.0000   0.0000   0.0000   0.0000   0.0000 
  0.0000   0.0000   0.0000   0.0000   0.0000   0.0000   0.0000   0.0000   0.0000   0.0000 
  0.0000   0.0000   0.0000   0.0000   0.0000   0.0000   0.0000   0.0000   0.0000   0.0000 
  0.0000   0.0000   0.0000   0.0000   0.0000   0.0000   0.0000   0.0000   0.0000   0.0000 
  0.0000   0.0000   0.0000   0.0000   0.0000   0.0000   0.0000   0.0000   0.0000   0.0000 
  0.0000   0.0000   0.0000   0.0000   0.0000   0.0000   0.0000   0.0000   0.0000   0.0000 
  0.0000   0.0000   0.0000   0.0000   0.0000   0.0000   0.0000   0.0000   0.0000   0.0000 
  0.0000   0.0000   0.0000   0.0000   0.0000   0.0000   0.0000   0.0000   0.0000   0.0000 
  0.0000   0.0000   0.0000   0.0000   0.0000   0.0000   0.0000   0.0000   0.0000   0.0000 
  0.0000   0.0000   0.0000   0.0000   0.0000   0.0000   0.0000   0.0000   0.0000   0.0000 
  0.0000   0.0000   0.0000   0.0000   0.0000   0.0000   0.0000   0.0000   0.0000   0.0000 
  0.0000   0.0000   0.0000   0.0000   0.0000   0.0000   0.0000   0.0000   0.0000   0.0000 
  0.0000   0.0000   0.0000   0.0000   0.0000   0.0000   0.0000   0.0000   0.0000   0.0000 
  0.0000   0.0000   0.0000   0.0000   0.0000   0.0000   0.0000   0.0000   0.0000   0.0000 
  0.0000   0.0000   0.0000   0.0000   0.0000   0.0000   0.0000   0.0000   0.0000   0.0000 
  0.0000   0.0000   0.0000   0.0000   0.0000   0.0000   0.0000   0.0000   0.0000   0.0000 
  0.0000   0.0000   0.0000   0.0000   0.0000   0.0000   0.0000   0.0000   0.0000   0.0000 
  0.0000   0.0000   0.0000   0.0000   0.0000   0.0000   0.0000   0.0000   0.0000   0.0000 
  0.0000   0.0000   0.0000   0.0000   0.0000   0.0000   0.0000   0.0000   0.0000   0.0000 
  0.0000   0.0000   0.0000   0.0000   0.0000   0.0000   0.0000   0.0000   0.0000   0.0000 
  0.0000   0.0000   0.0000   0.0000   0.0000   0.0000   0.0000   0.0000   0.0000   0.0000 
  0.0000   0.0000   0.0000   0.0000   0.0000   0.0000   0.0000   0.0000   0.0000   0.0000 
  0.0000   0.0000   0.0000   0.0000   0.0000   0.0000   0.0000   0.0000   0.0000   0.0000 
  0.0000   0.0000   0.0000   0.0000   0.0000   0.0000   0.0000   0.0000   0.0000   0.0000 
  0.0000   0.0000   0.0000   0.0000   0.0000   0.0000   0.0000   0.0000   0.0000   0.0000 
  0.0000   0.0000   0.0000   0.0000   0.0000   0.0000   0.0000   0.0000   0.0000   0.0000 
  0.0000   0.0000   0.0000   0.0000   0.0000   0.0000   0.0000   0.0000   0.0000   0.0000 
  0.0000   0.0000   0.0000   0.0000   0.0000   0.0000   0.0000   0.0000   0.0000   0.0000 
  0.0000   0.0000   0.0000   0.0000   0.0000   0.0000   0.0000   0.0000   0.0000   0.0000 
  0.0000   0.0000   0.0000   0.0000   0.0000   0.0000   0.0000   0.0000   0.0000   0.0000 
  0.0000   0.0000   0.0000   0.0000   0.0000   0.0000   0.0000   0.0000   0.0000   0.0000 
  0.0000   0.0000   0.0000   0.0000   0.0000   0.0000   0.0000   0.0000   0.0000   0.0000 
  0.0000   0.0000   0.0000   0.0000   0.0000   0.0000   0.0000   0.0000   0.0000   0.0000 
  0.0000   0.0000   0.0000   0.0000   0.0000   0.0000   0.0000   0.0000   0.0000   0.0000 
  0.0000   0.0000   0.0000   0.0000   0.0000   0.0000   0.0000   0.0000   0.0000   0.0000 
  0.0000   0.0000   0.0000   0.0000   0.0000   0.0000   0.0000   0.0000   0.0000   0.0000 
  0.0000   0.0000   0.0000   0.0000   0.0000   0.0000   0.0000   0.0000   0.0000   0.0000 
  0.0000   0.0000   0.0000   0.0000   0.0000   0.0000   0.0000   0.0000   0.0000   0.0000 
  0.0000   0.0000   0.0000   0.0000   0.0000   0.0000   0.0000   0.0000   0.0000   0.0000 
  0.0000   0.0000   0.0000   0.0000   0.0000   0.0000   0.0000   0.0000   0.0000   0.0000 
  0.0000   0.0000   0.0000   0.0000   0.0000   0.0000   0.0000   0.0000   0.0000   0.0000 
  0.0000   0.0000   0.0000   0.0000   0.0000   0.0000   0.0000   0.0000   0.0000   0.0000 
  0.0000   0.0000   0.0000   0.0000   0.0000   0.0000   0.0000   0.0000   0.0000   0.0000 
  0.0000   0.0000   0.0000   0.0000   0.0000   0.0000   0.0000   0.0000   0.0000   0.0000 
  0.0000   0.0000   0.0000   0.0000   0.0000   0.0000   0.0000   0.0000   0.0000   0.0000 
  0.0000   0.0000   0.0000   0.0000   0.0000   0.0000   0.0000   0.0000   0.0000   0.0000 
  0.0000   0.0000   0.0000   0.0000   0.0000   0.0000   0.0000   0.0000   0.0000   0.0000 
  0.0000   0.0000   0.0000   0.0000   0.0000   0.0000   0.0000   0.0000   0.0000   0.0000 
  0.0000   0.0000   0.0000   0.0000   0.0000   0.0000   0.0000   0.0000   0.0000   0.0000 
  0.0000   0.0000   0.0000   0.0000   0.0000   0.0000   0.0000   0.0000   0.0000   0.0000 
  0.0000   0.0000   0.0000   0.0000   0.0000   0.0000   0.0000   0.0000   0.0000   0.0000 
  0.0000   0.0000   0.0000   0.0000   0.0000   0.0000   0.0000   0.0000   0.0000   0.0000 
  0.0000   0.0000   0.0000   0.0000   0.0000   0.0000   0.0000   0.0000   0.0000   0.0000 
  0.0000   0.0000   0.0000   0.0000   0.0000   0.0000   0.0000   0.0000   0.0000   0.0000 
  0.0000   0.0000   0.0000   0.0000   0.0000   0.0000   0.0000   0.0000   0.0000   0.0000 
  0.0000   0.0000   0.0000   0.0000   0.0000   0.0000   0.0000   0.0000   0.0000   0.0000 
  0.0000   0.0000   0.0000   0.0000   0.0000   0.0000   0.0000   0.0000   0.0000   0.0000 
  0.0000   0.0000   0.0000   0.0000   0.0000   0.0000   0.0000   0.0000   0.0000   0.0000 
  0.0000   0.0000   0.0000   0.0000   0.0000   0.0000   0.0000   0.0000   0.0000   0.0000 
  0.0000   0.0000   0.0000   0.0000   0.0000   0.0000   0.0000   0.0000   0.0000   0.0000 
  0.0000   0.0000   0.0000   0.0000   0.0000   0.0000   0.0000   0.0000   0.0000   0.0000 
  0.0000   0.0000   0.0000   0.0000   0.0000   0.0000   0.0000   0.0000   0.0000   0.0000 
  0.0000   0.0000   0.0000   0.0000   0.0000   0.0000   0.0000   0.0000   0.0000   0.0000 
  0.0000   0.0000   0.0000   0.0000   0.0000   0.0000   0.0000   0.0000   0.0000   0.0000 
  0.0000   0.0000   0.0000   0.0000   0.0000   0.0000   0.0000   0.0000   0.0000   0.0000 
  0.0000   0.0000   0.0000   0.0000   0.0000   0.0000   0.0000   0.0000   0.0000   0.0000 
  0.0000   0.0000   0.0000   0.0000   0.0000   0.0000   0.0000   0.0000   0.0000   0.0000 
  0.0000   0.0000   0.0000   0.0000   0.0000   0.0000   0.0000   0.0000   0.0000   0.0000 
  0.0000   0.0000   0.0000   0.0000   0.0000   0.0000   0.0000   0.0000   0.0000   0.0000 
  0.0000   0.0000   0.0000   0.0000   0.0000   0.0000   0.0000   0.0000   0.0000   0.0000 
  0.0000   0.0000   0.0000   0.0000   0.0000   0.0000   0.0000   0.0000   0.0000   0.0000 
  0.0000   0.0000   0.0000   0.0000   0.0000   0.0000   0.0000   0.0000   0.0000   0.0000 
  0.0000   0.0000   0.0000   0.0000   0.0000   0.0000   0.0000   0.0000   0.0000   0.0000 
  0.0000   0.0000   0.0000   0.0000   0.0000   0.0000   0.0000   0.0000   0.0000   0.0000 
  0.0000   0.0000   0.0000   0.0000   0.0000   0.0000   0.0000   0.0000   0.0000   0.0000 
  0.0000   0.0000   0.0000   0.0000   0.0000   0.0000   0.0000   0.0000   0.0000   0.0000 
  0.0000   0.0000   0.0000   0.0000   0.0000   0.0000   0.0000   0.0000   0.0000   0.0000 
  0.0000   0.0000   0.0000   0.0000   0.0000   0.0000   0.0000   0.0000   0.0000   0.0000 
  0.0000   0.0000   0.0000   0.0000   0.0000   0.0000   0.0000   0.0000   0.0000   0.0000 
  0.0000   0.0000   0.0000   0.0000   0.0000   0.0000   0.0000   0.0000   0.0000   0.0000 
  0.0000   0.0000   0.0000   0.0000   0.0000   0.0000   0.0000   0.0000   0.0000   0.0000 
  0.0000   0.0000   0.0000   0.0000   0.0000   0.0000   0.0000   0.0000   0.0000   0.0000 
  0.0000   0.0000   0.0000   0.0000   0.0000   0.0000   0.0000   0.0000   0.0000   0.0000 
  0.0000   0.0000   0.0000   0.0000   0.0000   0.0000   0.0000   0.0000   0.0000   0.0000 
  0.0000   0.0000   0.0000   0.0000   0.0000   0.0000   0.0000   0.0000   0.0000   0.0000 
  0.0000   0.0000   0.0000   0.0000   0.0000   0.0000   0.0000   0.0000   0.0000   0.0000 
  0.0000   0.0000   0.0000   0.0000   0.0000   0.0000   0.0000   0.0000   0.0000   0.0000 
  0.0000   0.0000   0.0000   0.0000   0.0000   0.0000   0.0000   0.0000   0.0000   0.0000 
  0.0000   0.0000   0.0000   0.0000   0.0000   0.0000   0.0000   0.0000   0.0000   0.0000 
  0.0000   0.0000   0.0000   0.0000   0.0000   0.0000   0.0000   0.0000   0.0000   0.0000 
  0.0000   0.0000   0.0000   0.0000   0.0000   0.0000   0.0000   0.0000   0.0000   0.0000 
  0.0000   0.0000   0.0000   0.0000   0.0000   0.0000   0.0000   0.0000   0.0000   0.0000 
  0.0000   0.0000   0.0000   0.0000   0.0000   0.0000   0.0000   0.0000   0.0000   0.0000 
  0.0000   0.0000   0.0000   0.0000   0.0000   0.0000   0.0000   0.0000   0.0000   0.0000 
  0.0000   0.0000   0.0000   0.0000   0.0000   0.0000   0.0000   0.0000   0.0000   0.0000 
  0.0000   0.0000   0.0000   0.0000   0.0000   0.0000   0.0000   0.0000   0.0000   0.0000 
  0.0000   0.0000   0.0000   0.0000   0.0000   0.0000   0.0000   0.0000   0.0000   0.0000 
  0.0000   0.0000   0.0000   0.0000   0.0000   0.0000   0.0000   0.0000   0.0000   0.0000 
  0.0000   0.0000   0.0000   0.0000   0.0000   0.0000   0.0000   0.0000   0.0000   0.0000 
  0.0000   0.0000   0.0000   0.0000   0.0000   0.0000   0.0000   0.0000   0.0000   0.0000 
  0.0000   0.0000   0.0000   0.0000   0.0000   0.0000   0.0000   0.0000   0.0000   0.0000 
  0.0000   0.0000   0.0000   0.0000   0.0000   0.0000   0.0000   0.0000   0.0000   0.0000 
  0.0000   0.0000   0.0000   0.0000   0.0000   0.0000   0.0000   0.0000   0.0000   0.0000 
  0.0000   0.0000   0.0000   0.0000   0.0000   0.0000   0.0000   0.0000   0.0000   0.0000 
  0.0000   0.0000   0.0000   0.0000   0.0000   0.0000   0.0000   0.0000   0.0000   0.0000 
  0.0000   0.0000   0.0000   0.0000   0.0000   0.0000   0.0000   0.0000   0.0000   0.0000 
  0.0000   0.0000   0.0000   0.0000   0.0000   0.0000   0.0000   0.0000   0.0000   0.0000 
  0.0000   0.0000   0.0000   0.0000   0.0000   0.0000   0.0000   0.0000   0.0000   0.0000 
  0.0000   0.0000   0.0000   0.0000   0.0000   0.0000   0.0000   0.0000   0.0000   0.0000 
  0.0000   0.0000   0.0000   0.0000   0.0000   0.0000   0.0000   0.0000   0.0000   0.0000 
  0.0000   0.0000   0.0000   0.0000   0.0000   0.0000   0.0000   0.0000   0.0000   0.0000 
  0.0000   0.0000   0.0000   0.0000   0.0000   0.0000   0.0000   0.0000   0.0000   0.0000 
  0.0000   0.0000   0.0000   0.0000   0.0000   0.0000   0.0000   0.0000   0.0000   0.0000 
  0.0000   0.0000   0.0000   0.0000   0.0000   0.0000   0.0000   0.0000   0.0000   0.0000 
  0.0000   0.0000   0.0000   0.0000   0.0000   0.0000   0.0000   0.0000   0.0000   0.0000 
  0.0000   0.0000   0.0000   0.0000   0.0000   0.0000   0.0000   0.0000   0.0000   0.0000 
  0.0000   0.0000   0.0000   0.0000   0.0000   0.0000   0.0000   0.0000   0.0000   0.0000 
  0.0000   0.0000   0.0000   0.0000   0.0000   0.0000   0.0000   0.0000   0.0000   0.0000 
  0.0000   0.0000   0.0000   0.0000   0.0000   0.0000   0.0000   0.0000   0.0000   0.0000 
  0.0000   0.0000   0.0000   0.0000   0.0000   0.0000   0.0000   0.0000   0.0000   0.0000 
  0.0000   0.0000   0.0000   0.0000   0.0000   0.0000   0.0000   0.0000   0.0000   0.0000 
  0.0000   0.0000   0.0000   0.0000   0.0000   0.0000   0.0000   0.0000   0.0000   0.0000 
  0.0000   0.0000   0.0000   0.0000   0.0000   0.0000   0.0000   0.0000   0.0000   0.0000 
  0.0000   0.0000   0.0000   0.0000   0.0000   0.0000   0.0000   0.0000   0.0000   0.0000 
  0.0000   0.0000   0.0000   0.0000   0.0000   0.0000   0.0000   0.0000   0.0000   0.0000 
  0.0000   0.0000   0.0000   0.0000   0.0000   0.0000   0.0000   0.0000   0.0000   0.0000 
  0.0000   0.0000   0.0000   0.0000   0.0000   0.0000   0.0000   0.0000   0.0000   0.0000 
  0.0000   0.0000   0.0000   0.0000   0.0000   0.0000   0.0000   0.0000   0.0000   0.0000 
  0.0000   0.0000   0.0000   0.0000   0.0000   0.0000   0.0000   0.0000   0.0000   0.0000 
  0.0000   0.0000   0.0000   0.0000   0.0000   0.0000   0.0000   0.0000   0.0000   0.0000 
  0.0000   0.0000   0.0000   0.0000   0.0000   0.0000   0.0000   0.0000   0.0000   0.0000 
  0.0000   0.0000   0.0000   0.0000   0.0000   0.0000   0.0000   0.0000   0.0000   0.0000 
  0.0000   0.0000   0.0000   0.0000   0.0000   0.0000   0.0000   0.0000   0.0000   0.0000 
  0.0000   0.0000   0.0000   0.0000   0.0000   0.0000   0.0000   0.0000   0.0000   0.0000 
  0.0000   0.0000   0.0000   0.0000   0.0000   0.0000   0.0000   0.0000   0.0000   0.0000 
  0.0000   0.0000   0.0000   0.0000   0.0000   0.0000   0.0000   0.0000   0.0000   0.0000 
  0.0000   0.0000   0.0000   0.0000   0.0000   0.0000   0.0000   0.0000   0.0000   0.0000 
  0.0000   0.0000   0.0000   0.0000   0.0000   0.0000   0.0000   0.0000   0.0000   0.0000 
  0.0000   0.0000   0.0000   0.0000   0.0000   0.0000   0.0000   0.0000   0.0000   0.0000 
  0.0000   0.0000   0.0000   0.0000   0.0000   0.0000   0.0000   0.0000   0.0000   0.0000 
  0.0000   0.0000   0.0000   0.0000   0.0000   0.0000   0.0000   0.0000   0.0000   0.0000 
  0.0000   0.0000   0.0000   0.0000   0.0000   0.0000   0.0000   0.0000   0.0000   0.0000 
  0.0000   0.0000   0.0000   0.0000   0.0000   0.0000   0.0000   0.0000   0.0000   0.0000 
  0.0000   0.0000   0.0000   0.0000   0.0000   0.0000   0.0000   0.0000   0.0000   0.0000 
  0.0000   0.0000   0.0000   0.0000   0.0000   0.0000   0.0000   0.0000   0.0000   0.0000 
  0.0000   0.0000   0.0000   0.0000   0.0000   0.0000   0.0000   0.0000   0.0000   0.0000 
  0.0000   0.0000   0.0000   0.0000   0.0000   0.0000   0.0000   0.0000   0.0000   0.0000 
  0.0000   0.0000   0.0000   0.0000   0.0000   0.0000   0.0000   0.0000   0.0000   0.0000 
  0.0000   0.0000   0.0000   0.0000   0.0000   0.0000   0.0000   0.0000   0.0000   0.0000 
  0.0000   0.0000   0.0000   0.0000   0.0000   0.0000   0.0000   0.0000   0.0000   0.0000 
  0.0000   0.0000   0.0000   0.0000   0.0000   0.0000   0.0000   0.0000   0.0000   0.0000 
  0.0000   0.0000   0.0000   0.0000   0.0000   0.0000   0.0000   0.0000   0.0000   0.0000 
  0.0000   0.0000   0.0000   0.0000   0.0000   0.0000   0.0000   0.0000   0.0000   0.0000 
  0.0000   0.0000   0.0000   0.0000   0.0000   0.0000   0.0000   0.0000   0.0000   0.0000 
  0.0000   0.0000   0.0000   0.0000   0.0000   0.0000   0.0000   0.0000   0.0000   0.0000 
  0.0000   0.0000   0.0000   0.0000   0.0000   0.0000   0.0000   0.0000   0.0000   0.0000 
  0.0000   0.0000   0.0000   0.0000   0.0000   0.0000   0.0000   0.0000   0.0000   0.0000 
  0.0000   0.0000   0.0000   0.0000   0.0000   0.0000   0.0000   0.0000   0.0000   0.0000 
  0.0000   0.0000   0.0000   0.0000   0.0000   0.0000   0.0000   0.0000   0.0000   0.0000 
  0.0000   0.0000   0.0000   0.0000   0.0000   0.0000   0.0000   0.0000   0.0000   0.0000 
  0.0000   0.0000   0.0000   0.0000   0.0000   0.0000   0.0000   0.0000   0.0000   0.0000 
  0.0000   0.0000   0.0000   0.0000   0.0000   0.0000   0.0000   0.0000   0.0000   0.0000 
  0.0000   0.0000   0.0000   0.0000   0.0000   0.0000   0.0000   0.0000   0.0000   0.0000 
  0.0000   0.0000   0.0000   0.0000   0.0000   0.0000   0.0000   0.0000   0.0000   0.0000 
  0.0000   0.0000   0.0000   0.0000   0.0000   0.0000   0.0000   0.0000   0.0000   0.0000 
  0.0000   0.0000   0.0000   0.0000   0.0000   0.0000   0.0000   0.0000   0.0000   0.0000 
  0.0000   0.0000   0.0000   0.0000   0.0000   0.0000   0.0000   0.0000   0.0000   0.0000 
  0.0000   0.0000   0.0000   0.0000   0.0000   0.0000   0.0000   0.0000   0.0000   0.0000 
  0.0000   0.0000   0.0000   0.0000   0.0000   0.0000   0.0000   0.0000   0.0000   0.0000 
  0.0000   0.0000   0.0000   0.0000   0.0000   0.0000   0.0000   0.0000   0.0000   0.0000 
  0.0000   0.0000   0.0000   0.0000   0.0000   0.0000   0.0000   0.0000   0.0000   0.0000 
  0.0000   0.0000   0.0000   0.0000   0.0000   0.0000   0.0000   0.0000   0.0000   0.0000 
  0.0000   0.0000   0.0000   0.0000   0.0000   0.0000   0.0000   0.0000   0.0000   0.0000 
  0.0000   0.0000   0.0000   0.0000   0.0000   0.0000   0.0000   0.0000   0.0000   0.0000 
  0.0000   0.0000   0.0000   0.0000   0.0000   0.0000   0.0000   0.0000   0.0000   0.0000 
  0.0000   0.0000   0.0000   0.0000   0.0000   0.0000   0.0000   0.0000   0.0000   0.0000 
  0.0000   0.0000   0.0000   0.0000   0.0000   0.0000   0.0000   0.0000   0.0000   0.0000 
  0.0000   0.0000   0.0000   0.0000   0.0000   0.0000   0.0000   0.0000   0.0000   0.0000 
  0.0000   0.0000   0.0000   0.0000   0.0000   0.0000   0.0000   0.0000   0.0000   0.0000 
  0.0000   0.0000   0.0000   0.0000   0.0000   0.0000   0.0000   0.0000   0.0000   0.0000 
  0.0000   0.0000   0.0000   0.0000   0.0000   0.0000   0.0000   0.0000   0.0000   0.0000 
  0.0000   0.0000   0.0000   0.0000   0.0000   0.0000   0.0000   0.0000   0.0000   0.0000 
  0.0000   0.0000   0.0000   0.0000   0.0000   0.0000   0.0000   0.0000   0.0000   0.0000 
  0.0000   0.0000   0.0000   0.0000   0.0000   0.0000   0.0000   0.0000   0.0000   0.0000 
  0.0000   0.0000   0.0000   0.0000   0.0000   0.0000   0.0000   0.0000   0.0000   0.0000 
  0.0000   0.0000   0.0000   0.0000   0.0000   0.0000   0.0000   0.0000   0.0000   0.0000 
  0.0000   0.0000   0.0000   0.0000   0.0000   0.0000   0.0000   0.0000   0.0000   0.0000 
  0.0000   0.0000   0.0000   0.0000   0.0000   0.0000   0.0000   0.0000   0.0000   0.0000 
  0.0000   0.0000   0.0000   0.0000   0.0000   0.0000   0.0000   0.0000   0.0000   0.0000 
  0.0000   0.0000   0.0000   0.0000   0.0000   0.0000   0.0000   0.0000   0.0000   0.0000 
  0.0000   0.0000   0.0000   0.0000   0.0000   0.0000   0.0000   0.0000   0.0000   0.0000 
  0.0000   0.0000   0.0000   0.0000   0.0000   0.0000   0.0000   0.0000   0.0000   0.0000 
  0.0000   0.0000   0.0000   0.0000   0.0000   0.0000   0.0000   0.0000   0.0000   0.0000 
  0.0000   0.0000   0.0000   0.0000   0.0000   0.0000   0.0000   0.0000   0.0000   0.0000 
  0.0000   0.0000   0.0000   0.0000   0.0000   0.0000   0.0000   0.0000   0.0000   0.0000 
  0.0000   0.0000   0.0000   0.0000   0.0000   0.0000   0.0000   0.0000   0.0000   0.0000 
  0.0000   0.0000   0.0000   0.0000   0.0000   0.0000   0.0000   0.0000   0.0000   0.0000 
