IMU Time data

 20.9110  31.3710  40.0510  46.5510  52.3510  59.6710  66.0910  74.4910  80.6310  87.0110 
 20.9310  31.3910  40.0710  46.5710  52.3710  59.6910  66.1110  74.5110  80.6510  87.0310 
 20.9510  31.4110  40.0910  46.5910  52.3910  59.7110  66.1310  74.5310  80.6710  87.0510 
 20.9710  31.4310  40.1110  46.6110  52.4110  59.7310  66.1510  74.5510  80.6910  87.0710 
 20.9910  31.4510  40.1310  46.6310  52.4310  59.7510  66.1710  74.5710  80.7110  87.0910 
 21.0110  31.4710  40.1510  46.6510  52.4510  59.7710  66.1910  74.5910  80.7310  87.1110 
 21.0310  31.4910  40.1710  46.6710  52.4710  59.7910  66.2110  74.6110  80.7510  87.1310 
 21.0510  31.5110  40.1910  46.6910  52.4910  59.8110  66.2310  74.6310  80.7710  87.1510 
 21.0710  31.5310  40.2110  46.7110  52.5110  59.8310  66.2510  74.6510  80.7910  87.1710 
 21.0910  31.5510  40.2310  46.7310  52.5310  59.8510  66.2710  74.6710  80.8110  87.1910 
 21.1110  31.5710  40.2510  46.7510  52.5510  59.8710  66.2910  74.6910  80.8310  87.2110 
 21.1310  31.5910  40.2710  46.7710  52.5710  59.8910  66.3110  74.7110  80.8510  87.2310 
 21.1510  31.6110  40.2910  46.7910  52.5910  59.9110  66.3310  74.7310  80.8710  87.2510 
 21.1710  31.6310  40.3110  46.8110  52.6110  59.9310  66.3510  74.7510  80.8910  87.2710 
 21.1910  31.6510  40.3310  46.8310  52.6310  59.9510  66.3710  74.7710  80.9110  87.2910 
 21.2110  31.6710  40.3510  46.8510  52.6510  59.9710  66.3910  74.7910  80.9310  87.3110 
 21.2310  31.6910  40.3710  46.8710  52.6710  59.9910  66.4110  74.8110  80.9510  87.3310 
 21.2510  31.7110  40.3910  46.8910  52.6910  60.0110  66.4310  74.8310  80.9710  87.3510 
 21.2710  31.7310  40.4110  46.9110  52.7110  60.0310  66.4510  74.8510  80.9910  87.3710 
 21.2910  31.7510  40.4310  46.9310  52.7310  60.0510  66.4710  74.8710  81.0110  87.3910 
 21.3110  31.7710  40.4510  46.9510  52.7510  60.0710  66.4910  74.8910  81.0310  87.4110 
 21.3310  31.7910  40.4710  46.9710  52.7710  60.0910  66.5110  74.9110  81.0510  87.4310 
 21.3510  31.8110  40.4910  46.9910  52.7910  60.1110  66.5310  74.9310  81.0710  87.4510 
 21.3710  31.8310  40.5110  47.0110  52.8110  60.1310  66.5510  74.9510  81.0910  87.4710 
 21.3910  31.8510  40.5310  47.0310  52.8310  60.1510  66.5710  74.9710  81.1110  87.4910 
 21.4110  31.8710  40.5510  47.0510  52.8510  60.1710  66.5910  74.9910  81.1310  87.5110 
 21.4310  31.8910  40.5710  47.0710  52.8710  60.1910  66.6110  75.0110  81.1510  87.5310 
 21.4510  31.9110  40.5910  47.0910  52.8910  60.2110  66.6310  75.0310  81.1710  87.5510 
 21.4710  31.9310  40.6110  47.1110  52.9110  60.2310  66.6510  75.0510  81.1910  87.5710 
 21.4910  31.9510  40.6310  47.1310  52.9310  60.2510  66.6710  75.0710  81.2110  87.5910 
 21.5110  31.9710  40.6510  47.1510  52.9510  60.2710  66.6910  75.0910  81.2310  87.6110 
 21.5310  31.9910  40.6710  47.1710  52.9710  60.2910  66.7110  75.1110  81.2510  87.6310 
 21.5510  32.0110  40.6910  47.1910  52.9910  60.3110  66.7310  75.1310  81.2710  87.6510 
 21.5710  32.0310  40.7110  47.2110  53.0110  60.3310  66.7510  75.1510  81.2910  87.6710 
 21.5910  32.0510  40.7310  47.2310  53.0310  60.3510  66.7710  75.1710  81.3110  87.6910 
 21.6110  32.0710  40.7510  47.2510  53.0510  60.3710  66.7910  75.1910  81.3310  87.7110 
 21.6310  32.0910  40.7710  47.2710  53.0710  60.3910  66.8110  75.2110  81.3510  87.7310 
 21.6510  32.1110  40.7910  47.2910  53.0910  60.4110  66.8310  75.2310  81.3710  87.7510 
 21.6710  32.1310  40.8110  47.3110  53.1110  60.4310  66.8510  75.2510  81.3910  87.7710 
 21.6910  32.1510  40.8310  47.3310  53.1310  60.4510  66.8710  75.2710  81.4110  87.7910 
 21.7110  32.1710  40.8510  47.3510  53.1510  60.4710  66.8910  75.2910  81.4310  87.8110 
 21.7310  32.1910  40.8710  47.3710  53.1710  60.4910  66.9110  75.3110  81.4510  87.8310 
 21.7510  32.2110  40.8910  47.3910  53.1910  60.5110  66.9310  75.3310  81.4710  87.8510 
 21.7710  32.2310  40.9110  47.4110  53.2110  60.5310  66.9510  75.3510  81.4910  87.8710 
 21.7910  32.2510  40.9310  47.4310  53.2310  60.5510  66.9710  75.3710  81.5110  87.8910 
 21.8110  32.2710  40.9510  47.4510  53.2510  60.5710  66.9910  75.3910  81.5310  87.9110 
 21.8310  32.2910  40.9710  47.4710  53.2710  60.5910  67.0110  75.4110  81.5510  87.9310 
 21.8510  32.3110  40.9910  47.4910  53.2910  60.6110  67.0310  75.4310  81.5710  87.9510 
 21.8710  32.3310  41.0110  47.5110  53.3110  60.6310  67.0510  75.4510  81.5910  87.9710 
 21.8910  32.3510  41.0310  47.5310  53.3310  60.6510  67.0710  75.4710  81.6110  87.9910 
 21.9110  32.3710  41.0510  47.5510  53.3510  60.6710  67.0910  75.4910  81.6310  88.0110 
 21.9310  32.3910  41.0710  47.5710  53.3710  60.6910  67.1110  75.5110  81.6510  88.0310 
 21.9510  32.4110  41.0910  47.5910  53.3910  60.7110  67.1310  75.5310  81.6710  88.0510 
 21.9710  32.4310  41.1110  47.6110  53.4110  60.7310  67.1510  75.5510  81.6910  88.0710 
 21.9910  32.4510  41.1310  47.6310  53.4310  60.7510  67.1710  75.5710  81.7110  88.0910 
 22.0110  32.4710  41.1510  47.6510  53.4510  60.7710  67.1910  75.5910  81.7310  88.1110 
 22.0310  32.4910  41.1710  47.6710  53.4710  60.7910  67.2110  75.6110  81.7510  88.1310 
 22.0510  32.5110  41.1910  47.6910  53.4910  60.8110  67.2310  75.6310  81.7710  88.1510 
 22.0710  32.5310  41.2110  47.7110  53.5110  60.8310  67.2510  75.6510  81.7910  88.1710 
 22.0910  32.5510  41.2310  47.7310  53.5310  60.8510  67.2710  75.6710  81.8110  88.1910 
 22.1110  32.5710  41.2510  47.7510  53.5510  60.8710  67.2910  75.6910  81.8310  88.2110 
 22.1310  32.5910  41.2710  47.7710  53.5710  60.8910  67.3110  75.7110  81.8510  88.2310 
 22.1510  32.6110  41.2910  47.7910  53.5910  60.9110  67.3310  75.7310  81.8710  88.2510 
 22.1710  32.6310  41.3110  47.8110  53.6110  60.9310  67.3510  75.7510  81.8910  88.2710 
 22.1910  32.6510  41.3310  47.8310  53.6310  60.9510  67.3710  75.7710  81.9110  88.2910 
 22.2110  32.6710  41.3510  47.8510  53.6510  60.9710  67.3910  75.7910  81.9310  88.3110 
 22.2310  32.6910  41.3710  47.8710  53.6710  60.9910  67.4110  75.8110  81.9510  88.3310 
 22.2510  32.7110  41.3910  47.8910  53.6910  61.0110  67.4310  75.8310  81.9710  88.3510 
 22.2710  32.7310  41.4110  47.9110  53.7110  61.0310  67.4510  75.8510  81.9910  88.3710 
 22.2910  32.7510  41.4310  47.9310  53.7310  61.0510  67.4710  75.8710  82.0110  88.3910 
 22.3110  32.7710  41.4510  47.9510  53.7510  61.0710  67.4910  75.8910  82.0310  88.4110 
 22.3310  32.7910  41.4710  47.9710  53.7710  61.0910  67.5110  75.9110  82.0510  88.4310 
 22.3510  32.8110  41.4910  47.9910  53.7910  61.1110  67.5310  75.9310  82.0710  88.4510 
 22.3710  32.8310  41.5110  48.0110  53.8110  61.1310  67.5510  75.9510  82.0910  88.4710 
 22.3910  32.8510  41.5310  48.0310  53.8310  61.1510  67.5710  75.9710  82.1110  88.4910 
 22.4110  32.8710  41.5510  48.0510  53.8510  61.1710  67.5910  75.9910  82.1310  88.5110 
 22.4310  32.8910  41.5710  48.0710  53.8710  61.1910  67.6110  76.0110  82.1510  88.5310 
 22.4510  32.9110  41.5910  48.0910  53.8910  61.2110  67.6310  76.0310  82.1710  88.5510 
 22.4710  32.9310  41.6110  48.1110  53.9110  61.2310  67.6510  76.0510  82.1910  88.5710 
 22.4910  32.9510  41.6310  48.1310  53.9310  61.2510  67.6710  76.0710  82.2110  88.5910 
 22.5110  32.9710  41.6510  48.1510  53.9510  61.2710  67.6910  76.0910  82.2310  88.6110 
 22.5310  32.9910  41.6710  48.1710  53.9710  61.2910  67.7110  76.1110  82.2510  88.6310 
 22.5510  33.0110  41.6910  48.1910  53.9910  61.3110  67.7310  76.1310  82.2710  88.6510 
 22.5710  33.0310  41.7110  48.2110  54.0110  61.3310  67.7510  76.1510  82.2910  88.6710 
 22.5910  33.0510  41.7310  48.2310  54.0310  61.3510  67.7710  76.1710  82.3110  88.6910 
 22.6110  33.0710  41.7510  48.2510  54.0510  61.3710  67.7910  76.1910  82.3310  88.7110 
 22.6310  33.0910  41.7710  48.2710  54.0710  61.3910  67.8110  76.2110  82.3510  88.7310 
 22.6510  33.1110  41.7910  48.2910  54.0910  61.4110  67.8310  76.2310  82.3710  88.7510 
 22.6710  33.1310  41.8110  48.3110  54.1110  61.4310  67.8510  76.2510  82.3910  88.7710 
 22.6910  33.1510  41.8310  48.3310  54.1310  61.4510  67.8710  76.2710  82.4110  88.7910 
 22.7110  33.1710  41.8510  48.3510  54.1510  61.4710  67.8910  76.2910  82.4310  88.8110 
 22.7310  33.1910  41.8710  48.3710  54.1710  61.4910  67.9110  76.3110  82.4510  88.8310 
 22.7510  33.2110  41.8910  48.3910  54.1910  61.5110  67.9310  76.3310  82.4710  88.8510 
 22.7710  33.2310  41.9110  48.4110  54.2110  61.5310  67.9510  76.3510  82.4910  88.8710 
 22.7910  33.2510  41.9310  48.4310  54.2310  61.5510  67.9710  76.3710  82.5110  88.8910 
 22.8110  33.2710  41.9510  48.4510  54.2510  61.5710  67.9910  76.3910  82.5310  88.9110 
 22.8310  33.2910  41.9710  48.4710  54.2710  61.5910  68.0110  76.4110  82.5510  88.9310 
 22.8510  33.3110  41.9910  48.4910  54.2910  61.6110  68.0310  76.4310  82.5710  88.9510 
 22.8710  33.3310  42.0110  48.5110  54.3110  61.6310  68.0510  76.4510  82.5910  88.9710 
 22.8910  33.3510  42.0310  48.5310  54.3310  61.6510  68.0710  76.4710  82.6110  88.9910 
 22.9110  33.3710  42.0510  48.5510  54.3510  61.6710  68.0910  76.4910  82.6310  89.0110 
 22.9310  33.3910  42.0710  48.5710  54.3710  61.6910  68.1110  76.5110  82.6510  89.0310 
 22.9510  33.4110  42.0910  48.5910  54.3910  61.7110  68.1310  76.5310  82.6710  89.0510 
 22.9710  33.4310  42.1110  48.6110  54.4110  61.7310  68.1510  76.5510  82.6910  89.0710 
 22.9910  33.4510  42.1310  48.6310  54.4310  61.7510  68.1710  76.5710  82.7110  89.0910 
 23.0110  33.4710  42.1510  48.6510  54.4510  61.7710  68.1910  76.5910  82.7310  89.1110 
 23.0310  33.4910  42.1710  48.6710  54.4710  61.7910  68.2110  76.6110  82.7510  89.1310 
 23.0510  33.5110  42.1910  48.6910  54.4910  61.8110  68.2310  76.6310  82.7710  89.1510 
 23.0710  33.5310  42.2110  48.7110  54.5110  61.8310  68.2510  76.6510  82.7910  89.1710 
 23.0910  33.5510  42.2310  48.7310  54.5310  61.8510  68.2710  76.6710  82.8110  89.1910 
 23.1110  33.5710  42.2510  48.7510  54.5510  61.8710  68.2910  76.6910  82.8310  89.2110 
 23.1310  33.5910  42.2710  48.7710  54.5710  61.8910  68.3110  76.7110  82.8510  89.2310 
 23.1510  33.6110  42.2910  48.7910  54.5910  61.9110  68.3310  76.7310  82.8710  89.2510 
 23.1710  33.6310  42.3110  48.8110  54.6110  61.9310  68.3510  76.7510  82.8910  89.2710 
 23.1910  33.6510  42.3310  48.8310  54.6310  61.9510  68.3710  76.7710  82.9110  89.2910 
 23.2110  33.6710  42.3510  48.8510  54.6510  61.9710  68.3910  76.7910  82.9310  89.3110 
 23.2310  33.6910  42.3710  48.8710  54.6710  61.9910  68.4110  76.8110  82.9510  89.3310 
 23.2510  33.7110  42.3910  48.8910  54.6910  62.0110  68.4310  76.8310  82.9710  89.3510 
 23.2710  33.7310  42.4110  48.9110  54.7110  62.0310  68.4510  76.8510  82.9910  89.3710 
 23.2910  33.7510  42.4310  48.9310  54.7310  62.0510  68.4710  76.8710  83.0110  89.3910 
 23.3110  33.7710  42.4510  48.9510  54.7510  62.0710  68.4910  76.8910  83.0310  89.4110 
 23.3310  33.7910  42.4710  48.9710  54.7710  62.0910  68.5110  76.9110  83.0510  89.4310 
 23.3510  33.8110  42.4910  48.9910  54.7910  62.1110  68.5310  76.9310  83.0710  89.4510 
 23.3710  33.8310  42.5110  49.0110  54.8110  62.1310  68.5510  76.9510  83.0910  89.4710 
 23.3910  33.8510  42.5310  49.0310  54.8310  62.1510  68.5710  76.9710  83.1110  89.4910 
 23.4110  33.8710  42.5510  49.0510  54.8510  62.1710  68.5910  76.9910  83.1310  89.5110 
 23.4310  33.8910  42.5710  49.0710  54.8710  62.1910  68.6110  77.0110  83.1510  89.5310 
 23.4510  33.9110  42.5910  49.0910  54.8910  62.2110  68.6310  77.0310  83.1710  89.5510 
 23.4710  33.9310  42.6110  49.1110  54.9110  62.2310  68.6510  77.0510  83.1910  89.5710 
 23.4910  33.9510  42.6310  49.1310  54.9310  62.2510  68.6710  77.0710  83.2110  89.5910 
 23.5110  33.9710  42.6510  49.1510  54.9510  62.2710  68.6910  77.0910  83.2310  89.6110 
 23.5310  33.9910  42.6710  49.1710  54.9710  62.2910  68.7110  77.1110  83.2510  89.6310 
 23.5510  34.0110  42.6910  49.1910  54.9910  62.3110  68.7310  77.1310  83.2710  89.6510 
 23.5710  34.0310  42.7110  49.2110  55.0110  62.3310  68.7510  77.1510  83.2910  89.6710 
 23.5910  34.0510  42.7310  49.2310  55.0310  62.3510  68.7710  77.1710  83.3110  89.6910 
 23.6110  34.0710  42.7510  49.2510  55.0510  62.3710  68.7910  77.1910  83.3310  89.7110 
 23.6310  34.0910  42.7710  49.2710  55.0710  62.3910  68.8110  77.2110  83.3510  89.7310 
 23.6510  34.1110  42.7910  49.2910  55.0910  62.4110  68.8310  77.2310  83.3710  89.7510 
 23.6710   0.0000  42.8110   0.0000  55.1110  62.4310  68.8510  77.2510  83.3910  89.7710 
 23.6910   0.0000  42.8310   0.0000  55.1310  62.4510  68.8710  77.2710  83.4110  89.7910 
 23.7110   0.0000  42.8510   0.0000  55.1510  62.4710  68.8910  77.2910  83.4310  89.8110 
 23.7310   0.0000  42.8710   0.0000  55.1710  62.4910  68.9110  77.3110  83.4510  89.8310 
 23.7510   0.0000  42.8910   0.0000  55.1910  62.5110  68.9310  77.3310  83.4710  89.8510 
 23.7710   0.0000  42.9110   0.0000  55.2110  62.5310  68.9510  77.3510  83.4910  89.8710 
 23.7910   0.0000  42.9310   0.0000  55.2310  62.5510  68.9710  77.3710  83.5110  89.8910 
 23.8110   0.0000  42.9510   0.0000  55.2510  62.5710  68.9910  77.3910  83.5310  89.9110 
 23.8310   0.0000  42.9710   0.0000  55.2710  62.5910  69.0110  77.4110  83.5510  89.9310 
 23.8510   0.0000  42.9910   0.0000  55.2910  62.6110  69.0310  77.4310  83.5710  89.9510 
 23.8710   0.0000  43.0110   0.0000  55.3110  62.6310  69.0510  77.4510  83.5910  89.9710 
 23.8910   0.0000  43.0310   0.0000  55.3310  62.6510  69.0710  77.4710  83.6110  89.9910 
 23.9110   0.0000  43.0510   0.0000  55.3510  62.6710  69.0910  77.4910  83.6310  90.0110 
 23.9310   0.0000  43.0710   0.0000  55.3710  62.6910  69.1110  77.5110  83.6510  90.0310 
 23.9510   0.0000  43.0910   0.0000  55.3910  62.7110  69.1310  77.5310  83.6710  90.0510 
 23.9710   0.0000  43.1110   0.0000  55.4110  62.7310  69.1510  77.5510  83.6910  90.0710 
 23.9910   0.0000  43.1310   0.0000  55.4310  62.7510  69.1710  77.5710  83.7110  90.0910 
 24.0110   0.0000  43.1510   0.0000  55.4510  62.7710  69.1910  77.5910  83.7310  90.1110 
 24.0310   0.0000  43.1710   0.0000  55.4710  62.7910  69.2110  77.6110  83.7510  90.1310 
 24.0510   0.0000  43.1910   0.0000  55.4910  62.8110  69.2310  77.6310  83.7710  90.1510 
 24.0710   0.0000  43.2110   0.0000  55.5110  62.8310  69.2510  77.6510  83.7910  90.1710 
 24.0910   0.0000  43.2310   0.0000  55.5310  62.8510  69.2710  77.6710  83.8110  90.1910 
 24.1110   0.0000  43.2510   0.0000  55.5510  62.8710  69.2910  77.6910   0.0000  90.2110 
 24.1310   0.0000  43.2710   0.0000  55.5710   0.0000  69.3110  77.7110   0.0000  90.2310 
 24.1510   0.0000  43.2910   0.0000  55.5910   0.0000  69.3310  77.7310   0.0000  90.2510 
 24.1710   0.0000  43.3110   0.0000  55.6110   0.0000  69.3510  77.7510   0.0000  90.2710 
 24.1910   0.0000  43.3310   0.0000  55.6310   0.0000  69.3710  77.7710   0.0000  90.2910 
 24.2110   0.0000  43.3510   0.0000  55.6510   0.0000  69.3910  77.7910   0.0000  90.3110 
 24.2310   0.0000  43.3710   0.0000  55.6710   0.0000  69.4110  77.8110   0.0000  90.3310 
 24.2510   0.0000  43.3910   0.0000  55.6910   0.0000  69.4310  77.8310   0.0000  90.3510 
 24.2710   0.0000  43.4110   0.0000  55.7110   0.0000  69.4510  77.8510   0.0000  90.3710 
 24.2910   0.0000  43.4310   0.0000  55.7310   0.0000  69.4710  77.8710   0.0000  90.3910 
 24.3110   0.0000  43.4510   0.0000   0.0000   0.0000  69.4910  77.8910   0.0000  90.4110 
 24.3310   0.0000  43.4710   0.0000   0.0000   0.0000  69.5110  77.9110   0.0000  90.4310 
 24.3510   0.0000  43.4910   0.0000   0.0000   0.0000  69.5310  77.9310   0.0000  90.4510 
 24.3710   0.0000  43.5110   0.0000   0.0000   0.0000  69.5510   0.0000   0.0000  90.4710 
 24.3910   0.0000  43.5310   0.0000   0.0000   0.0000  69.5710   0.0000   0.0000  90.4910 
 24.4110   0.0000  43.5510   0.0000   0.0000   0.0000  69.5910   0.0000   0.0000  90.5110 
 24.4310   0.0000  43.5710   0.0000   0.0000   0.0000  69.6110   0.0000   0.0000  90.5310 
 24.4510   0.0000  43.5910   0.0000   0.0000   0.0000  69.6310   0.0000   0.0000  90.5510 
 24.4710   0.0000  43.6110   0.0000   0.0000   0.0000  69.6510   0.0000   0.0000  90.5710 
 24.4910   0.0000  43.6310   0.0000   0.0000   0.0000  69.6710   0.0000   0.0000  90.5910 
 24.5110   0.0000  43.6510   0.0000   0.0000   0.0000  69.6910   0.0000   0.0000  90.6110 
 24.5310   0.0000  43.6710   0.0000   0.0000   0.0000  69.7110   0.0000   0.0000  90.6310 
 24.5510   0.0000  43.6910   0.0000   0.0000   0.0000  69.7310   0.0000   0.0000  90.6510 
 24.5710   0.0000  43.7110   0.0000   0.0000   0.0000  69.7510   0.0000   0.0000  90.6710 
 24.5910   0.0000  43.7310   0.0000   0.0000   0.0000  69.7710   0.0000   0.0000  90.6910 
 24.6110   0.0000  43.7510   0.0000   0.0000   0.0000  69.7910   0.0000   0.0000  90.7110 
 24.6310   0.0000  43.7710   0.0000   0.0000   0.0000  69.8110   0.0000   0.0000  90.7310 
 24.6510   0.0000  43.7910   0.0000   0.0000   0.0000  69.8310   0.0000   0.0000  90.7510 
 24.6710   0.0000  43.8110   0.0000   0.0000   0.0000  69.8510   0.0000   0.0000  90.7710 
 24.6910   0.0000  43.8310   0.0000   0.0000   0.0000  69.8710   0.0000   0.0000  90.7910 
 24.7110   0.0000  43.8510   0.0000   0.0000   0.0000  69.8910   0.0000   0.0000  90.8110 
 24.7310   0.0000  43.8710   0.0000   0.0000   0.0000  69.9110   0.0000   0.0000  90.8310 
 24.7510   0.0000  43.8910   0.0000   0.0000   0.0000  69.9310   0.0000   0.0000  90.8510 
 24.7710   0.0000  43.9110   0.0000   0.0000   0.0000  69.9510   0.0000   0.0000  90.8710 
 24.7910   0.0000  43.9310   0.0000   0.0000   0.0000  69.9710   0.0000   0.0000  90.8910 
 24.8110   0.0000  43.9510   0.0000   0.0000   0.0000  69.9910   0.0000   0.0000  90.9110 
 24.8310   0.0000  43.9710   0.0000   0.0000   0.0000  70.0110   0.0000   0.0000  90.9310 
 24.8510   0.0000  43.9910   0.0000   0.0000   0.0000  70.0310   0.0000   0.0000  90.9510 
 24.8710   0.0000  44.0110   0.0000   0.0000   0.0000  70.0510   0.0000   0.0000  90.9710 
 24.8910   0.0000  44.0310   0.0000   0.0000   0.0000  70.0710   0.0000   0.0000  90.9910 
 24.9110   0.0000  44.0510   0.0000   0.0000   0.0000  70.0910   0.0000   0.0000  91.0110 
 24.9310   0.0000  44.0710   0.0000   0.0000   0.0000  70.1110   0.0000   0.0000  91.0310 
 24.9510   0.0000  44.0910   0.0000   0.0000   0.0000  70.1310   0.0000   0.0000  91.0510 
 24.9710   0.0000  44.1110   0.0000   0.0000   0.0000  70.1510   0.0000   0.0000  91.0710 
 24.9910   0.0000  44.1310   0.0000   0.0000   0.0000  70.1710   0.0000   0.0000  91.0910 
 25.0110   0.0000  44.1510   0.0000   0.0000   0.0000  70.1910   0.0000   0.0000   0.0000 
 25.0310   0.0000  44.1710   0.0000   0.0000   0.0000  70.2110   0.0000   0.0000   0.0000 
 25.0510   0.0000  44.1910   0.0000   0.0000   0.0000  70.2310   0.0000   0.0000   0.0000 
 25.0710   0.0000  44.2110   0.0000   0.0000   0.0000  70.2510   0.0000   0.0000   0.0000 
 25.0910   0.0000  44.2310   0.0000   0.0000   0.0000  70.2710   0.0000   0.0000   0.0000 
 25.1110   0.0000  44.2510   0.0000   0.0000   0.0000  70.2910   0.0000   0.0000   0.0000 
 25.1310   0.0000  44.2710   0.0000   0.0000   0.0000  70.3110   0.0000   0.0000   0.0000 
 25.1510   0.0000  44.2910   0.0000   0.0000   0.0000  70.3310   0.0000   0.0000   0.0000 
 25.1710   0.0000  44.3110   0.0000   0.0000   0.0000  70.3510   0.0000   0.0000   0.0000 
 25.1910   0.0000  44.3310   0.0000   0.0000   0.0000  70.3710   0.0000   0.0000   0.0000 
 25.2110   0.0000  44.3510   0.0000   0.0000   0.0000  70.3910   0.0000   0.0000   0.0000 
 25.2310   0.0000  44.3710   0.0000   0.0000   0.0000  70.4110   0.0000   0.0000   0.0000 
 25.2510   0.0000  44.3910   0.0000   0.0000   0.0000  70.4310   0.0000   0.0000   0.0000 
 25.2710   0.0000  44.4110   0.0000   0.0000   0.0000  70.4510   0.0000   0.0000   0.0000 
 25.2910   0.0000  44.4310   0.0000   0.0000   0.0000  70.4710   0.0000   0.0000   0.0000 
 25.3110   0.0000  44.4510   0.0000   0.0000   0.0000  70.4910   0.0000   0.0000   0.0000 
 25.3310   0.0000  44.4710   0.0000   0.0000   0.0000  70.5110   0.0000   0.0000   0.0000 
 25.3510   0.0000  44.4910   0.0000   0.0000   0.0000  70.5310   0.0000   0.0000   0.0000 
 25.3710   0.0000  44.5110   0.0000   0.0000   0.0000  70.5510   0.0000   0.0000   0.0000 
 25.3910   0.0000  44.5310   0.0000   0.0000   0.0000  70.5710   0.0000   0.0000   0.0000 
 25.4110   0.0000  44.5510   0.0000   0.0000   0.0000  70.5910   0.0000   0.0000   0.0000 
 25.4310   0.0000  44.5710   0.0000   0.0000   0.0000  70.6110   0.0000   0.0000   0.0000 
 25.4510   0.0000  44.5910   0.0000   0.0000   0.0000   0.0000   0.0000   0.0000   0.0000 
 25.4710   0.0000  44.6110   0.0000   0.0000   0.0000   0.0000   0.0000   0.0000   0.0000 
 25.4910   0.0000  44.6310   0.0000   0.0000   0.0000   0.0000   0.0000   0.0000   0.0000 
 25.5110   0.0000  44.6510   0.0000   0.0000   0.0000   0.0000   0.0000   0.0000   0.0000 
 25.5310   0.0000  44.6710   0.0000   0.0000   0.0000   0.0000   0.0000   0.0000   0.0000 
 25.5510   0.0000  44.6910   0.0000   0.0000   0.0000   0.0000   0.0000   0.0000   0.0000 
 25.5710   0.0000  44.7110   0.0000   0.0000   0.0000   0.0000   0.0000   0.0000   0.0000 
 25.5910   0.0000  44.7310   0.0000   0.0000   0.0000   0.0000   0.0000   0.0000   0.0000 
 25.6110   0.0000  44.7510   0.0000   0.0000   0.0000   0.0000   0.0000   0.0000   0.0000 
 25.6310   0.0000  44.7710   0.0000   0.0000   0.0000   0.0000   0.0000   0.0000   0.0000 
 25.6510   0.0000  44.7910   0.0000   0.0000   0.0000   0.0000   0.0000   0.0000   0.0000 
 25.6710   0.0000  44.8110   0.0000   0.0000   0.0000   0.0000   0.0000   0.0000   0.0000 
 25.6910   0.0000  44.8310   0.0000   0.0000   0.0000   0.0000   0.0000   0.0000   0.0000 
 25.7110   0.0000  44.8510   0.0000   0.0000   0.0000   0.0000   0.0000   0.0000   0.0000 
 25.7310   0.0000  44.8710   0.0000   0.0000   0.0000   0.0000   0.0000   0.0000   0.0000 
 25.7510   0.0000  44.8910   0.0000   0.0000   0.0000   0.0000   0.0000   0.0000   0.0000 
 25.7710   0.0000  44.9110   0.0000   0.0000   0.0000   0.0000   0.0000   0.0000   0.0000 
 25.7910   0.0000  44.9310   0.0000   0.0000   0.0000   0.0000   0.0000   0.0000   0.0000 
 25.8110   0.0000  44.9510   0.0000   0.0000   0.0000   0.0000   0.0000   0.0000   0.0000 
 25.8310   0.0000  44.9710   0.0000   0.0000   0.0000   0.0000   0.0000   0.0000   0.0000 
 25.8510   0.0000  44.9910   0.0000   0.0000   0.0000   0.0000   0.0000   0.0000   0.0000 
 25.8710   0.0000  45.0110   0.0000   0.0000   0.0000   0.0000   0.0000   0.0000   0.0000 
 25.8910   0.0000  45.0310   0.0000   0.0000   0.0000   0.0000   0.0000   0.0000   0.0000 
 25.9110   0.0000  45.0510   0.0000   0.0000   0.0000   0.0000   0.0000   0.0000   0.0000 
 25.9310   0.0000  45.0710   0.0000   0.0000   0.0000   0.0000   0.0000   0.0000   0.0000 
 25.9510   0.0000  45.0910   0.0000   0.0000   0.0000   0.0000   0.0000   0.0000   0.0000 
 25.9710   0.0000  45.1110   0.0000   0.0000   0.0000   0.0000   0.0000   0.0000   0.0000 
 25.9910   0.0000  45.1310   0.0000   0.0000   0.0000   0.0000   0.0000   0.0000   0.0000 
 26.0110   0.0000  45.1510   0.0000   0.0000   0.0000   0.0000   0.0000   0.0000   0.0000 
 26.0310   0.0000  45.1710   0.0000   0.0000   0.0000   0.0000   0.0000   0.0000   0.0000 
 26.0510   0.0000  45.1910   0.0000   0.0000   0.0000   0.0000   0.0000   0.0000   0.0000 
 26.0710   0.0000  45.2110   0.0000   0.0000   0.0000   0.0000   0.0000   0.0000   0.0000 
 26.0910   0.0000  45.2310   0.0000   0.0000   0.0000   0.0000   0.0000   0.0000   0.0000 
 26.1110   0.0000  45.2510   0.0000   0.0000   0.0000   0.0000   0.0000   0.0000   0.0000 
 26.1310   0.0000  45.2710   0.0000   0.0000   0.0000   0.0000   0.0000   0.0000   0.0000 
 26.1510   0.0000  45.2910   0.0000   0.0000   0.0000   0.0000   0.0000   0.0000   0.0000 
 26.1710   0.0000  45.3110   0.0000   0.0000   0.0000   0.0000   0.0000   0.0000   0.0000 
 26.1910   0.0000  45.3310   0.0000   0.0000   0.0000   0.0000   0.0000   0.0000   0.0000 
 26.2110   0.0000  45.3510   0.0000   0.0000   0.0000   0.0000   0.0000   0.0000   0.0000 
 26.2310   0.0000  45.3710   0.0000   0.0000   0.0000   0.0000   0.0000   0.0000   0.0000 
 26.2510   0.0000  45.3910   0.0000   0.0000   0.0000   0.0000   0.0000   0.0000   0.0000 
 26.2710   0.0000  45.4110   0.0000   0.0000   0.0000   0.0000   0.0000   0.0000   0.0000 
 26.2910   0.0000  45.4310   0.0000   0.0000   0.0000   0.0000   0.0000   0.0000   0.0000 
 26.3110   0.0000  45.4510   0.0000   0.0000   0.0000   0.0000   0.0000   0.0000   0.0000 
 26.3310   0.0000  45.4710   0.0000   0.0000   0.0000   0.0000   0.0000   0.0000   0.0000 
 26.3510   0.0000  45.4910   0.0000   0.0000   0.0000   0.0000   0.0000   0.0000   0.0000 
 26.3710   0.0000  45.5110   0.0000   0.0000   0.0000   0.0000   0.0000   0.0000   0.0000 
 26.3910   0.0000  45.5310   0.0000   0.0000   0.0000   0.0000   0.0000   0.0000   0.0000 
 26.4110   0.0000  45.5510   0.0000   0.0000   0.0000   0.0000   0.0000   0.0000   0.0000 
 26.4310   0.0000  45.5710   0.0000   0.0000   0.0000   0.0000   0.0000   0.0000   0.0000 
 26.4510   0.0000  45.5910   0.0000   0.0000   0.0000   0.0000   0.0000   0.0000   0.0000 
 26.4710   0.0000  45.6110   0.0000   0.0000   0.0000   0.0000   0.0000   0.0000   0.0000 
 26.4910   0.0000  45.6310   0.0000   0.0000   0.0000   0.0000   0.0000   0.0000   0.0000 
 26.5110   0.0000  45.6510   0.0000   0.0000   0.0000   0.0000   0.0000   0.0000   0.0000 
 26.5310   0.0000  45.6710   0.0000   0.0000   0.0000   0.0000   0.0000   0.0000   0.0000 
 26.5510   0.0000  45.6910   0.0000   0.0000   0.0000   0.0000   0.0000   0.0000   0.0000 
 26.5710   0.0000  45.7110   0.0000   0.0000   0.0000   0.0000   0.0000   0.0000   0.0000 
 26.5910   0.0000  45.7310   0.0000   0.0000   0.0000   0.0000   0.0000   0.0000   0.0000 
 26.6110   0.0000  45.7510   0.0000   0.0000   0.0000   0.0000   0.0000   0.0000   0.0000 
 26.6310   0.0000   0.0000   0.0000   0.0000   0.0000   0.0000   0.0000   0.0000   0.0000 
 26.6510   0.0000   0.0000   0.0000   0.0000   0.0000   0.0000   0.0000   0.0000   0.0000 
 26.6710   0.0000   0.0000   0.0000   0.0000   0.0000   0.0000   0.0000   0.0000   0.0000 
 26.6910   0.0000   0.0000   0.0000   0.0000   0.0000   0.0000   0.0000   0.0000   0.0000 
 26.7110   0.0000   0.0000   0.0000   0.0000   0.0000   0.0000   0.0000   0.0000   0.0000 
 26.7310   0.0000   0.0000   0.0000   0.0000   0.0000   0.0000   0.0000   0.0000   0.0000 
 26.7510   0.0000   0.0000   0.0000   0.0000   0.0000   0.0000   0.0000   0.0000   0.0000 
 26.7710   0.0000   0.0000   0.0000   0.0000   0.0000   0.0000   0.0000   0.0000   0.0000 
 26.7910   0.0000   0.0000   0.0000   0.0000   0.0000   0.0000   0.0000   0.0000   0.0000 
 26.8110   0.0000   0.0000   0.0000   0.0000   0.0000   0.0000   0.0000   0.0000   0.0000 
 26.8310   0.0000   0.0000   0.0000   0.0000   0.0000   0.0000   0.0000   0.0000   0.0000 
 26.8510   0.0000   0.0000   0.0000   0.0000   0.0000   0.0000   0.0000   0.0000   0.0000 
 26.8710   0.0000   0.0000   0.0000   0.0000   0.0000   0.0000   0.0000   0.0000   0.0000 
 26.8910   0.0000   0.0000   0.0000   0.0000   0.0000   0.0000   0.0000   0.0000   0.0000 
 26.9110   0.0000   0.0000   0.0000   0.0000   0.0000   0.0000   0.0000   0.0000   0.0000 
 26.9310   0.0000   0.0000   0.0000   0.0000   0.0000   0.0000   0.0000   0.0000   0.0000 
 26.9510   0.0000   0.0000   0.0000   0.0000   0.0000   0.0000   0.0000   0.0000   0.0000 
 26.9710   0.0000   0.0000   0.0000   0.0000   0.0000   0.0000   0.0000   0.0000   0.0000 
 26.9910   0.0000   0.0000   0.0000   0.0000   0.0000   0.0000   0.0000   0.0000   0.0000 
 27.0110   0.0000   0.0000   0.0000   0.0000   0.0000   0.0000   0.0000   0.0000   0.0000 
 27.0310   0.0000   0.0000   0.0000   0.0000   0.0000   0.0000   0.0000   0.0000   0.0000 
 27.0510   0.0000   0.0000   0.0000   0.0000   0.0000   0.0000   0.0000   0.0000   0.0000 
 27.0710   0.0000   0.0000   0.0000   0.0000   0.0000   0.0000   0.0000   0.0000   0.0000 
 27.0910   0.0000   0.0000   0.0000   0.0000   0.0000   0.0000   0.0000   0.0000   0.0000 
 27.1110   0.0000   0.0000   0.0000   0.0000   0.0000   0.0000   0.0000   0.0000   0.0000 
 27.1310   0.0000   0.0000   0.0000   0.0000   0.0000   0.0000   0.0000   0.0000   0.0000 
 27.1510   0.0000   0.0000   0.0000   0.0000   0.0000   0.0000   0.0000   0.0000   0.0000 
 27.1710   0.0000   0.0000   0.0000   0.0000   0.0000   0.0000   0.0000   0.0000   0.0000 
 27.1910   0.0000   0.0000   0.0000   0.0000   0.0000   0.0000   0.0000   0.0000   0.0000 
 27.2110   0.0000   0.0000   0.0000   0.0000   0.0000   0.0000   0.0000   0.0000   0.0000 
 27.2310   0.0000   0.0000   0.0000   0.0000   0.0000   0.0000   0.0000   0.0000   0.0000 
 27.2510   0.0000   0.0000   0.0000   0.0000   0.0000   0.0000   0.0000   0.0000   0.0000 
 27.2710   0.0000   0.0000   0.0000   0.0000   0.0000   0.0000   0.0000   0.0000   0.0000 
 27.2910   0.0000   0.0000   0.0000   0.0000   0.0000   0.0000   0.0000   0.0000   0.0000 
 27.3110   0.0000   0.0000   0.0000   0.0000   0.0000   0.0000   0.0000   0.0000   0.0000 
 27.3310   0.0000   0.0000   0.0000   0.0000   0.0000   0.0000   0.0000   0.0000   0.0000 
 27.3510   0.0000   0.0000   0.0000   0.0000   0.0000   0.0000   0.0000   0.0000   0.0000 
 27.3710   0.0000   0.0000   0.0000   0.0000   0.0000   0.0000   0.0000   0.0000   0.0000 
 27.3910   0.0000   0.0000   0.0000   0.0000   0.0000   0.0000   0.0000   0.0000   0.0000 
 27.4110   0.0000   0.0000   0.0000   0.0000   0.0000   0.0000   0.0000   0.0000   0.0000 
 27.4310   0.0000   0.0000   0.0000   0.0000   0.0000   0.0000   0.0000   0.0000   0.0000 
 27.4510   0.0000   0.0000   0.0000   0.0000   0.0000   0.0000   0.0000   0.0000   0.0000 
 27.4710   0.0000   0.0000   0.0000   0.0000   0.0000   0.0000   0.0000   0.0000   0.0000 
 27.4910   0.0000   0.0000   0.0000   0.0000   0.0000   0.0000   0.0000   0.0000   0.0000 
 27.5110   0.0000   0.0000   0.0000   0.0000   0.0000   0.0000   0.0000   0.0000   0.0000 
 27.5310   0.0000   0.0000   0.0000   0.0000   0.0000   0.0000   0.0000   0.0000   0.0000 
 27.5510   0.0000   0.0000   0.0000   0.0000   0.0000   0.0000   0.0000   0.0000   0.0000 
 27.5710   0.0000   0.0000   0.0000   0.0000   0.0000   0.0000   0.0000   0.0000   0.0000 
 27.5910   0.0000   0.0000   0.0000   0.0000   0.0000   0.0000   0.0000   0.0000   0.0000 
 27.6110   0.0000   0.0000   0.0000   0.0000   0.0000   0.0000   0.0000   0.0000   0.0000 
 27.6310   0.0000   0.0000   0.0000   0.0000   0.0000   0.0000   0.0000   0.0000   0.0000 
 27.6510   0.0000   0.0000   0.0000   0.0000   0.0000   0.0000   0.0000   0.0000   0.0000 
 27.6710   0.0000   0.0000   0.0000   0.0000   0.0000   0.0000   0.0000   0.0000   0.0000 
 27.6910   0.0000   0.0000   0.0000   0.0000   0.0000   0.0000   0.0000   0.0000   0.0000 
 27.7110   0.0000   0.0000   0.0000   0.0000   0.0000   0.0000   0.0000   0.0000   0.0000 
 27.7310   0.0000   0.0000   0.0000   0.0000   0.0000   0.0000   0.0000   0.0000   0.0000 
 27.7510   0.0000   0.0000   0.0000   0.0000   0.0000   0.0000   0.0000   0.0000   0.0000 
 27.7710   0.0000   0.0000   0.0000   0.0000   0.0000   0.0000   0.0000   0.0000   0.0000 
 27.7910   0.0000   0.0000   0.0000   0.0000   0.0000   0.0000   0.0000   0.0000   0.0000 
 27.8110   0.0000   0.0000   0.0000   0.0000   0.0000   0.0000   0.0000   0.0000   0.0000 
 27.8310   0.0000   0.0000   0.0000   0.0000   0.0000   0.0000   0.0000   0.0000   0.0000 
 27.8510   0.0000   0.0000   0.0000   0.0000   0.0000   0.0000   0.0000   0.0000   0.0000 
  0.0000   0.0000   0.0000   0.0000   0.0000   0.0000   0.0000   0.0000   0.0000   0.0000 
  0.0000   0.0000   0.0000   0.0000   0.0000   0.0000   0.0000   0.0000   0.0000   0.0000 
  0.0000   0.0000   0.0000   0.0000   0.0000   0.0000   0.0000   0.0000   0.0000   0.0000 
  0.0000   0.0000   0.0000   0.0000   0.0000   0.0000   0.0000   0.0000   0.0000   0.0000 
  0.0000   0.0000   0.0000   0.0000   0.0000   0.0000   0.0000   0.0000   0.0000   0.0000 
  0.0000   0.0000   0.0000   0.0000   0.0000   0.0000   0.0000   0.0000   0.0000   0.0000 
  0.0000   0.0000   0.0000   0.0000   0.0000   0.0000   0.0000   0.0000   0.0000   0.0000 
  0.0000   0.0000   0.0000   0.0000   0.0000   0.0000   0.0000   0.0000   0.0000   0.0000 
  0.0000   0.0000   0.0000   0.0000   0.0000   0.0000   0.0000   0.0000   0.0000   0.0000 
  0.0000   0.0000   0.0000   0.0000   0.0000   0.0000   0.0000   0.0000   0.0000   0.0000 
  0.0000   0.0000   0.0000   0.0000   0.0000   0.0000   0.0000   0.0000   0.0000   0.0000 
  0.0000   0.0000   0.0000   0.0000   0.0000   0.0000   0.0000   0.0000   0.0000   0.0000 
  0.0000   0.0000   0.0000   0.0000   0.0000   0.0000   0.0000   0.0000   0.0000   0.0000 
  0.0000   0.0000   0.0000   0.0000   0.0000   0.0000   0.0000   0.0000   0.0000   0.0000 
  0.0000   0.0000   0.0000   0.0000   0.0000   0.0000   0.0000   0.0000   0.0000   0.0000 
  0.0000   0.0000   0.0000   0.0000   0.0000   0.0000   0.0000   0.0000   0.0000   0.0000 
  0.0000   0.0000   0.0000   0.0000   0.0000   0.0000   0.0000   0.0000   0.0000   0.0000 
  0.0000   0.0000   0.0000   0.0000   0.0000   0.0000   0.0000   0.0000   0.0000   0.0000 
  0.0000   0.0000   0.0000   0.0000   0.0000   0.0000   0.0000   0.0000   0.0000   0.0000 
  0.0000   0.0000   0.0000   0.0000   0.0000   0.0000   0.0000   0.0000   0.0000   0.0000 
  0.0000   0.0000   0.0000   0.0000   0.0000   0.0000   0.0000   0.0000   0.0000   0.0000 
  0.0000   0.0000   0.0000   0.0000   0.0000   0.0000   0.0000   0.0000   0.0000   0.0000 
  0.0000   0.0000   0.0000   0.0000   0.0000   0.0000   0.0000   0.0000   0.0000   0.0000 
  0.0000   0.0000   0.0000   0.0000   0.0000   0.0000   0.0000   0.0000   0.0000   0.0000 
  0.0000   0.0000   0.0000   0.0000   0.0000   0.0000   0.0000   0.0000   0.0000   0.0000 
  0.0000   0.0000   0.0000   0.0000   0.0000   0.0000   0.0000   0.0000   0.0000   0.0000 
  0.0000   0.0000   0.0000   0.0000   0.0000   0.0000   0.0000   0.0000   0.0000   0.0000 
  0.0000   0.0000   0.0000   0.0000   0.0000   0.0000   0.0000   0.0000   0.0000   0.0000 
  0.0000   0.0000   0.0000   0.0000   0.0000   0.0000   0.0000   0.0000   0.0000   0.0000 
  0.0000   0.0000   0.0000   0.0000   0.0000   0.0000   0.0000   0.0000   0.0000   0.0000 
  0.0000   0.0000   0.0000   0.0000   0.0000   0.0000   0.0000   0.0000   0.0000   0.0000 
  0.0000   0.0000   0.0000   0.0000   0.0000   0.0000   0.0000   0.0000   0.0000   0.0000 
  0.0000   0.0000   0.0000   0.0000   0.0000   0.0000   0.0000   0.0000   0.0000   0.0000 
  0.0000   0.0000   0.0000   0.0000   0.0000   0.0000   0.0000   0.0000   0.0000   0.0000 
  0.0000   0.0000   0.0000   0.0000   0.0000   0.0000   0.0000   0.0000   0.0000   0.0000 
  0.0000   0.0000   0.0000   0.0000   0.0000   0.0000   0.0000   0.0000   0.0000   0.0000 
  0.0000   0.0000   0.0000   0.0000   0.0000   0.0000   0.0000   0.0000   0.0000   0.0000 
  0.0000   0.0000   0.0000   0.0000   0.0000   0.0000   0.0000   0.0000   0.0000   0.0000 
  0.0000   0.0000   0.0000   0.0000   0.0000   0.0000   0.0000   0.0000   0.0000   0.0000 
  0.0000   0.0000   0.0000   0.0000   0.0000   0.0000   0.0000   0.0000   0.0000   0.0000 
  0.0000   0.0000   0.0000   0.0000   0.0000   0.0000   0.0000   0.0000   0.0000   0.0000 
  0.0000   0.0000   0.0000   0.0000   0.0000   0.0000   0.0000   0.0000   0.0000   0.0000 
  0.0000   0.0000   0.0000   0.0000   0.0000   0.0000   0.0000   0.0000   0.0000   0.0000 
  0.0000   0.0000   0.0000   0.0000   0.0000   0.0000   0.0000   0.0000   0.0000   0.0000 
  0.0000   0.0000   0.0000   0.0000   0.0000   0.0000   0.0000   0.0000   0.0000   0.0000 
  0.0000   0.0000   0.0000   0.0000   0.0000   0.0000   0.0000   0.0000   0.0000   0.0000 
  0.0000   0.0000   0.0000   0.0000   0.0000   0.0000   0.0000   0.0000   0.0000   0.0000 
  0.0000   0.0000   0.0000   0.0000   0.0000   0.0000   0.0000   0.0000   0.0000   0.0000 
  0.0000   0.0000   0.0000   0.0000   0.0000   0.0000   0.0000   0.0000   0.0000   0.0000 
  0.0000   0.0000   0.0000   0.0000   0.0000   0.0000   0.0000   0.0000   0.0000   0.0000 
  0.0000   0.0000   0.0000   0.0000   0.0000   0.0000   0.0000   0.0000   0.0000   0.0000 
  0.0000   0.0000   0.0000   0.0000   0.0000   0.0000   0.0000   0.0000   0.0000   0.0000 
  0.0000   0.0000   0.0000   0.0000   0.0000   0.0000   0.0000   0.0000   0.0000   0.0000 
  0.0000   0.0000   0.0000   0.0000   0.0000   0.0000   0.0000   0.0000   0.0000   0.0000 
  0.0000   0.0000   0.0000   0.0000   0.0000   0.0000   0.0000   0.0000   0.0000   0.0000 
  0.0000   0.0000   0.0000   0.0000   0.0000   0.0000   0.0000   0.0000   0.0000   0.0000 
  0.0000   0.0000   0.0000   0.0000   0.0000   0.0000   0.0000   0.0000   0.0000   0.0000 
  0.0000   0.0000   0.0000   0.0000   0.0000   0.0000   0.0000   0.0000   0.0000   0.0000 
  0.0000   0.0000   0.0000   0.0000   0.0000   0.0000   0.0000   0.0000   0.0000   0.0000 
  0.0000   0.0000   0.0000   0.0000   0.0000   0.0000   0.0000   0.0000   0.0000   0.0000 
  0.0000   0.0000   0.0000   0.0000   0.0000   0.0000   0.0000   0.0000   0.0000   0.0000 
  0.0000   0.0000   0.0000   0.0000   0.0000   0.0000   0.0000   0.0000   0.0000   0.0000 
  0.0000   0.0000   0.0000   0.0000   0.0000   0.0000   0.0000   0.0000   0.0000   0.0000 
  0.0000   0.0000   0.0000   0.0000   0.0000   0.0000   0.0000   0.0000   0.0000   0.0000 
  0.0000   0.0000   0.0000   0.0000   0.0000   0.0000   0.0000   0.0000   0.0000   0.0000 
  0.0000   0.0000   0.0000   0.0000   0.0000   0.0000   0.0000   0.0000   0.0000   0.0000 
  0.0000   0.0000   0.0000   0.0000   0.0000   0.0000   0.0000   0.0000   0.0000   0.0000 
  0.0000   0.0000   0.0000   0.0000   0.0000   0.0000   0.0000   0.0000   0.0000   0.0000 
  0.0000   0.0000   0.0000   0.0000   0.0000   0.0000   0.0000   0.0000   0.0000   0.0000 
  0.0000   0.0000   0.0000   0.0000   0.0000   0.0000   0.0000   0.0000   0.0000   0.0000 
  0.0000   0.0000   0.0000   0.0000   0.0000   0.0000   0.0000   0.0000   0.0000   0.0000 
  0.0000   0.0000   0.0000   0.0000   0.0000   0.0000   0.0000   0.0000   0.0000   0.0000 
  0.0000   0.0000   0.0000   0.0000   0.0000   0.0000   0.0000   0.0000   0.0000   0.0000 
  0.0000   0.0000   0.0000   0.0000   0.0000   0.0000   0.0000   0.0000   0.0000   0.0000 
  0.0000   0.0000   0.0000   0.0000   0.0000   0.0000   0.0000   0.0000   0.0000   0.0000 
  0.0000   0.0000   0.0000   0.0000   0.0000   0.0000   0.0000   0.0000   0.0000   0.0000 
  0.0000   0.0000   0.0000   0.0000   0.0000   0.0000   0.0000   0.0000   0.0000   0.0000 
  0.0000   0.0000   0.0000   0.0000   0.0000   0.0000   0.0000   0.0000   0.0000   0.0000 
  0.0000   0.0000   0.0000   0.0000   0.0000   0.0000   0.0000   0.0000   0.0000   0.0000 
  0.0000   0.0000   0.0000   0.0000   0.0000   0.0000   0.0000   0.0000   0.0000   0.0000 
  0.0000   0.0000   0.0000   0.0000   0.0000   0.0000   0.0000   0.0000   0.0000   0.0000 
  0.0000   0.0000   0.0000   0.0000   0.0000   0.0000   0.0000   0.0000   0.0000   0.0000 
  0.0000   0.0000   0.0000   0.0000   0.0000   0.0000   0.0000   0.0000   0.0000   0.0000 
  0.0000   0.0000   0.0000   0.0000   0.0000   0.0000   0.0000   0.0000   0.0000   0.0000 
  0.0000   0.0000   0.0000   0.0000   0.0000   0.0000   0.0000   0.0000   0.0000   0.0000 
  0.0000   0.0000   0.0000   0.0000   0.0000   0.0000   0.0000   0.0000   0.0000   0.0000 
  0.0000   0.0000   0.0000   0.0000   0.0000   0.0000   0.0000   0.0000   0.0000   0.0000 
  0.0000   0.0000   0.0000   0.0000   0.0000   0.0000   0.0000   0.0000   0.0000   0.0000 
  0.0000   0.0000   0.0000   0.0000   0.0000   0.0000   0.0000   0.0000   0.0000   0.0000 
  0.0000   0.0000   0.0000   0.0000   0.0000   0.0000   0.0000   0.0000   0.0000   0.0000 
  0.0000   0.0000   0.0000   0.0000   0.0000   0.0000   0.0000   0.0000   0.0000   0.0000 
  0.0000   0.0000   0.0000   0.0000   0.0000   0.0000   0.0000   0.0000   0.0000   0.0000 
  0.0000   0.0000   0.0000   0.0000   0.0000   0.0000   0.0000   0.0000   0.0000   0.0000 
  0.0000   0.0000   0.0000   0.0000   0.0000   0.0000   0.0000   0.0000   0.0000   0.0000 
  0.0000   0.0000   0.0000   0.0000   0.0000   0.0000   0.0000   0.0000   0.0000   0.0000 
  0.0000   0.0000   0.0000   0.0000   0.0000   0.0000   0.0000   0.0000   0.0000   0.0000 
  0.0000   0.0000   0.0000   0.0000   0.0000   0.0000   0.0000   0.0000   0.0000   0.0000 
  0.0000   0.0000   0.0000   0.0000   0.0000   0.0000   0.0000   0.0000   0.0000   0.0000 
  0.0000   0.0000   0.0000   0.0000   0.0000   0.0000   0.0000   0.0000   0.0000   0.0000 
  0.0000   0.0000   0.0000   0.0000   0.0000   0.0000   0.0000   0.0000   0.0000   0.0000 
  0.0000   0.0000   0.0000   0.0000   0.0000   0.0000   0.0000   0.0000   0.0000   0.0000 
  0.0000   0.0000   0.0000   0.0000   0.0000   0.0000   0.0000   0.0000   0.0000   0.0000 
  0.0000   0.0000   0.0000   0.0000   0.0000   0.0000   0.0000   0.0000   0.0000   0.0000 
  0.0000   0.0000   0.0000   0.0000   0.0000   0.0000   0.0000   0.0000   0.0000   0.0000 
  0.0000   0.0000   0.0000   0.0000   0.0000   0.0000   0.0000   0.0000   0.0000   0.0000 
  0.0000   0.0000   0.0000   0.0000   0.0000   0.0000   0.0000   0.0000   0.0000   0.0000 
  0.0000   0.0000   0.0000   0.0000   0.0000   0.0000   0.0000   0.0000   0.0000   0.0000 
  0.0000   0.0000   0.0000   0.0000   0.0000   0.0000   0.0000   0.0000   0.0000   0.0000 
  0.0000   0.0000   0.0000   0.0000   0.0000   0.0000   0.0000   0.0000   0.0000   0.0000 
  0.0000   0.0000   0.0000   0.0000   0.0000   0.0000   0.0000   0.0000   0.0000   0.0000 
  0.0000   0.0000   0.0000   0.0000   0.0000   0.0000   0.0000   0.0000   0.0000   0.0000 
  0.0000   0.0000   0.0000   0.0000   0.0000   0.0000   0.0000   0.0000   0.0000   0.0000 
  0.0000   0.0000   0.0000   0.0000   0.0000   0.0000   0.0000   0.0000   0.0000   0.0000 
  0.0000   0.0000   0.0000   0.0000   0.0000   0.0000   0.0000   0.0000   0.0000   0.0000 
  0.0000   0.0000   0.0000   0.0000   0.0000   0.0000   0.0000   0.0000   0.0000   0.0000 
  0.0000   0.0000   0.0000   0.0000   0.0000   0.0000   0.0000   0.0000   0.0000   0.0000 
  0.0000   0.0000   0.0000   0.0000   0.0000   0.0000   0.0000   0.0000   0.0000   0.0000 
  0.0000   0.0000   0.0000   0.0000   0.0000   0.0000   0.0000   0.0000   0.0000   0.0000 
  0.0000   0.0000   0.0000   0.0000   0.0000   0.0000   0.0000   0.0000   0.0000   0.0000 
  0.0000   0.0000   0.0000   0.0000   0.0000   0.0000   0.0000   0.0000   0.0000   0.0000 
  0.0000   0.0000   0.0000   0.0000   0.0000   0.0000   0.0000   0.0000   0.0000   0.0000 
  0.0000   0.0000   0.0000   0.0000   0.0000   0.0000   0.0000   0.0000   0.0000   0.0000 
  0.0000   0.0000   0.0000   0.0000   0.0000   0.0000   0.0000   0.0000   0.0000   0.0000 
  0.0000   0.0000   0.0000   0.0000   0.0000   0.0000   0.0000   0.0000   0.0000   0.0000 
  0.0000   0.0000   0.0000   0.0000   0.0000   0.0000   0.0000   0.0000   0.0000   0.0000 
  0.0000   0.0000   0.0000   0.0000   0.0000   0.0000   0.0000   0.0000   0.0000   0.0000 
  0.0000   0.0000   0.0000   0.0000   0.0000   0.0000   0.0000   0.0000   0.0000   0.0000 
  0.0000   0.0000   0.0000   0.0000   0.0000   0.0000   0.0000   0.0000   0.0000   0.0000 
  0.0000   0.0000   0.0000   0.0000   0.0000   0.0000   0.0000   0.0000   0.0000   0.0000 
  0.0000   0.0000   0.0000   0.0000   0.0000   0.0000   0.0000   0.0000   0.0000   0.0000 
  0.0000   0.0000   0.0000   0.0000   0.0000   0.0000   0.0000   0.0000   0.0000   0.0000 
  0.0000   0.0000   0.0000   0.0000   0.0000   0.0000   0.0000   0.0000   0.0000   0.0000 
  0.0000   0.0000   0.0000   0.0000   0.0000   0.0000   0.0000   0.0000   0.0000   0.0000 
  0.0000   0.0000   0.0000   0.0000   0.0000   0.0000   0.0000   0.0000   0.0000   0.0000 
  0.0000   0.0000   0.0000   0.0000   0.0000   0.0000   0.0000   0.0000   0.0000   0.0000 
  0.0000   0.0000   0.0000   0.0000   0.0000   0.0000   0.0000   0.0000   0.0000   0.0000 
  0.0000   0.0000   0.0000   0.0000   0.0000   0.0000   0.0000   0.0000   0.0000   0.0000 
  0.0000   0.0000   0.0000   0.0000   0.0000   0.0000   0.0000   0.0000   0.0000   0.0000 
  0.0000   0.0000   0.0000   0.0000   0.0000   0.0000   0.0000   0.0000   0.0000   0.0000 
  0.0000   0.0000   0.0000   0.0000   0.0000   0.0000   0.0000   0.0000   0.0000   0.0000 
  0.0000   0.0000   0.0000   0.0000   0.0000   0.0000   0.0000   0.0000   0.0000   0.0000 
  0.0000   0.0000   0.0000   0.0000   0.0000   0.0000   0.0000   0.0000   0.0000   0.0000 
  0.0000   0.0000   0.0000   0.0000   0.0000   0.0000   0.0000   0.0000   0.0000   0.0000 
  0.0000   0.0000   0.0000   0.0000   0.0000   0.0000   0.0000   0.0000   0.0000   0.0000 
  0.0000   0.0000   0.0000   0.0000   0.0000   0.0000   0.0000   0.0000   0.0000   0.0000 
  0.0000   0.0000   0.0000   0.0000   0.0000   0.0000   0.0000   0.0000   0.0000   0.0000 
  0.0000   0.0000   0.0000   0.0000   0.0000   0.0000   0.0000   0.0000   0.0000   0.0000 
  0.0000   0.0000   0.0000   0.0000   0.0000   0.0000   0.0000   0.0000   0.0000   0.0000 
  0.0000   0.0000   0.0000   0.0000   0.0000   0.0000   0.0000   0.0000   0.0000   0.0000 
  0.0000   0.0000   0.0000   0.0000   0.0000   0.0000   0.0000   0.0000   0.0000   0.0000 
  0.0000   0.0000   0.0000   0.0000   0.0000   0.0000   0.0000   0.0000   0.0000   0.0000 
  0.0000   0.0000   0.0000   0.0000   0.0000   0.0000   0.0000   0.0000   0.0000   0.0000 
  0.0000   0.0000   0.0000   0.0000   0.0000   0.0000   0.0000   0.0000   0.0000   0.0000 
  0.0000   0.0000   0.0000   0.0000   0.0000   0.0000   0.0000   0.0000   0.0000   0.0000 
  0.0000   0.0000   0.0000   0.0000   0.0000   0.0000   0.0000   0.0000   0.0000   0.0000 
  0.0000   0.0000   0.0000   0.0000   0.0000   0.0000   0.0000   0.0000   0.0000   0.0000 
  0.0000   0.0000   0.0000   0.0000   0.0000   0.0000   0.0000   0.0000   0.0000   0.0000 
  0.0000   0.0000   0.0000   0.0000   0.0000   0.0000   0.0000   0.0000   0.0000   0.0000 
  0.0000   0.0000   0.0000   0.0000   0.0000   0.0000   0.0000   0.0000   0.0000   0.0000 
  0.0000   0.0000   0.0000   0.0000   0.0000   0.0000   0.0000   0.0000   0.0000   0.0000 
  0.0000   0.0000   0.0000   0.0000   0.0000   0.0000   0.0000   0.0000   0.0000   0.0000 
  0.0000   0.0000   0.0000   0.0000   0.0000   0.0000   0.0000   0.0000   0.0000   0.0000 
  0.0000   0.0000   0.0000   0.0000   0.0000   0.0000   0.0000   0.0000   0.0000   0.0000 
  0.0000   0.0000   0.0000   0.0000   0.0000   0.0000   0.0000   0.0000   0.0000   0.0000 
  0.0000   0.0000   0.0000   0.0000   0.0000   0.0000   0.0000   0.0000   0.0000   0.0000 
  0.0000   0.0000   0.0000   0.0000   0.0000   0.0000   0.0000   0.0000   0.0000   0.0000 
  0.0000   0.0000   0.0000   0.0000   0.0000   0.0000   0.0000   0.0000   0.0000   0.0000 
  0.0000   0.0000   0.0000   0.0000   0.0000   0.0000   0.0000   0.0000   0.0000   0.0000 
  0.0000   0.0000   0.0000   0.0000   0.0000   0.0000   0.0000   0.0000   0.0000   0.0000 
  0.0000   0.0000   0.0000   0.0000   0.0000   0.0000   0.0000   0.0000   0.0000   0.0000 
  0.0000   0.0000   0.0000   0.0000   0.0000   0.0000   0.0000   0.0000   0.0000   0.0000 
  0.0000   0.0000   0.0000   0.0000   0.0000   0.0000   0.0000   0.0000   0.0000   0.0000 
  0.0000   0.0000   0.0000   0.0000   0.0000   0.0000   0.0000   0.0000   0.0000   0.0000 
  0.0000   0.0000   0.0000   0.0000   0.0000   0.0000   0.0000   0.0000   0.0000   0.0000 
  0.0000   0.0000   0.0000   0.0000   0.0000   0.0000   0.0000   0.0000   0.0000   0.0000 
  0.0000   0.0000   0.0000   0.0000   0.0000   0.0000   0.0000   0.0000   0.0000   0.0000 
  0.0000   0.0000   0.0000   0.0000   0.0000   0.0000   0.0000   0.0000   0.0000   0.0000 
  0.0000   0.0000   0.0000   0.0000   0.0000   0.0000   0.0000   0.0000   0.0000   0.0000 
  0.0000   0.0000   0.0000   0.0000   0.0000   0.0000   0.0000   0.0000   0.0000   0.0000 
  0.0000   0.0000   0.0000   0.0000   0.0000   0.0000   0.0000   0.0000   0.0000   0.0000 
  0.0000   0.0000   0.0000   0.0000   0.0000   0.0000   0.0000   0.0000   0.0000   0.0000 
  0.0000   0.0000   0.0000   0.0000   0.0000   0.0000   0.0000   0.0000   0.0000   0.0000 
  0.0000   0.0000   0.0000   0.0000   0.0000   0.0000   0.0000   0.0000   0.0000   0.0000 
  0.0000   0.0000   0.0000   0.0000   0.0000   0.0000   0.0000   0.0000   0.0000   0.0000 
  0.0000   0.0000   0.0000   0.0000   0.0000   0.0000   0.0000   0.0000   0.0000   0.0000 
  0.0000   0.0000   0.0000   0.0000   0.0000   0.0000   0.0000   0.0000   0.0000   0.0000 
  0.0000   0.0000   0.0000   0.0000   0.0000   0.0000   0.0000   0.0000   0.0000   0.0000 
  0.0000   0.0000   0.0000   0.0000   0.0000   0.0000   0.0000   0.0000   0.0000   0.0000 
  0.0000   0.0000   0.0000   0.0000   0.0000   0.0000   0.0000   0.0000   0.0000   0.0000 
  0.0000   0.0000   0.0000   0.0000   0.0000   0.0000   0.0000   0.0000   0.0000   0.0000 
  0.0000   0.0000   0.0000   0.0000   0.0000   0.0000   0.0000   0.0000   0.0000   0.0000 
  0.0000   0.0000   0.0000   0.0000   0.0000   0.0000   0.0000   0.0000   0.0000   0.0000 
  0.0000   0.0000   0.0000   0.0000   0.0000   0.0000   0.0000   0.0000   0.0000   0.0000 
  0.0000   0.0000   0.0000   0.0000   0.0000   0.0000   0.0000   0.0000   0.0000   0.0000 
  0.0000   0.0000   0.0000   0.0000   0.0000   0.0000   0.0000   0.0000   0.0000   0.0000 
  0.0000   0.0000   0.0000   0.0000   0.0000   0.0000   0.0000   0.0000   0.0000   0.0000 
  0.0000   0.0000   0.0000   0.0000   0.0000   0.0000   0.0000   0.0000   0.0000   0.0000 
  0.0000   0.0000   0.0000   0.0000   0.0000   0.0000   0.0000   0.0000   0.0000   0.0000 
  0.0000   0.0000   0.0000   0.0000   0.0000   0.0000   0.0000   0.0000   0.0000   0.0000 
  0.0000   0.0000   0.0000   0.0000   0.0000   0.0000   0.0000   0.0000   0.0000   0.0000 
  0.0000   0.0000   0.0000   0.0000   0.0000   0.0000   0.0000   0.0000   0.0000   0.0000 
  0.0000   0.0000   0.0000   0.0000   0.0000   0.0000   0.0000   0.0000   0.0000   0.0000 
  0.0000   0.0000   0.0000   0.0000   0.0000   0.0000   0.0000   0.0000   0.0000   0.0000 
  0.0000   0.0000   0.0000   0.0000   0.0000   0.0000   0.0000   0.0000   0.0000   0.0000 
  0.0000   0.0000   0.0000   0.0000   0.0000   0.0000   0.0000   0.0000   0.0000   0.0000 
  0.0000   0.0000   0.0000   0.0000   0.0000   0.0000   0.0000   0.0000   0.0000   0.0000 
  0.0000   0.0000   0.0000   0.0000   0.0000   0.0000   0.0000   0.0000   0.0000   0.0000 
  0.0000   0.0000   0.0000   0.0000   0.0000   0.0000   0.0000   0.0000   0.0000   0.0000 
  0.0000   0.0000   0.0000   0.0000   0.0000   0.0000   0.0000   0.0000   0.0000   0.0000 
  0.0000   0.0000   0.0000   0.0000   0.0000   0.0000   0.0000   0.0000   0.0000   0.0000 
  0.0000   0.0000   0.0000   0.0000   0.0000   0.0000   0.0000   0.0000   0.0000   0.0000 
  0.0000   0.0000   0.0000   0.0000   0.0000   0.0000   0.0000   0.0000   0.0000   0.0000 
  0.0000   0.0000   0.0000   0.0000   0.0000   0.0000   0.0000   0.0000   0.0000   0.0000 
  0.0000   0.0000   0.0000   0.0000   0.0000   0.0000   0.0000   0.0000   0.0000   0.0000 
  0.0000   0.0000   0.0000   0.0000   0.0000   0.0000   0.0000   0.0000   0.0000   0.0000 
  0.0000   0.0000   0.0000   0.0000   0.0000   0.0000   0.0000   0.0000   0.0000   0.0000 
  0.0000   0.0000   0.0000   0.0000   0.0000   0.0000   0.0000   0.0000   0.0000   0.0000 
  0.0000   0.0000   0.0000   0.0000   0.0000   0.0000   0.0000   0.0000   0.0000   0.0000 
  0.0000   0.0000   0.0000   0.0000   0.0000   0.0000   0.0000   0.0000   0.0000   0.0000 
  0.0000   0.0000   0.0000   0.0000   0.0000   0.0000   0.0000   0.0000   0.0000   0.0000 
  0.0000   0.0000   0.0000   0.0000   0.0000   0.0000   0.0000   0.0000   0.0000   0.0000 
  0.0000   0.0000   0.0000   0.0000   0.0000   0.0000   0.0000   0.0000   0.0000   0.0000 
  0.0000   0.0000   0.0000   0.0000   0.0000   0.0000   0.0000   0.0000   0.0000   0.0000 
  0.0000   0.0000   0.0000   0.0000   0.0000   0.0000   0.0000   0.0000   0.0000   0.0000 
  0.0000   0.0000   0.0000   0.0000   0.0000   0.0000   0.0000   0.0000   0.0000   0.0000 
  0.0000   0.0000   0.0000   0.0000   0.0000   0.0000   0.0000   0.0000   0.0000   0.0000 
  0.0000   0.0000   0.0000   0.0000   0.0000   0.0000   0.0000   0.0000   0.0000   0.0000 
  0.0000   0.0000   0.0000   0.0000   0.0000   0.0000   0.0000   0.0000   0.0000   0.0000 
  0.0000   0.0000   0.0000   0.0000   0.0000   0.0000   0.0000   0.0000   0.0000   0.0000 
  0.0000   0.0000   0.0000   0.0000   0.0000   0.0000   0.0000   0.0000   0.0000   0.0000 
  0.0000   0.0000   0.0000   0.0000   0.0000   0.0000   0.0000   0.0000   0.0000   0.0000 
  0.0000   0.0000   0.0000   0.0000   0.0000   0.0000   0.0000   0.0000   0.0000   0.0000 
  0.0000   0.0000   0.0000   0.0000   0.0000   0.0000   0.0000   0.0000   0.0000   0.0000 
  0.0000   0.0000   0.0000   0.0000   0.0000   0.0000   0.0000   0.0000   0.0000   0.0000 
  0.0000   0.0000   0.0000   0.0000   0.0000   0.0000   0.0000   0.0000   0.0000   0.0000 
  0.0000   0.0000   0.0000   0.0000   0.0000   0.0000   0.0000   0.0000   0.0000   0.0000 
  0.0000   0.0000   0.0000   0.0000   0.0000   0.0000   0.0000   0.0000   0.0000   0.0000 
  0.0000   0.0000   0.0000   0.0000   0.0000   0.0000   0.0000   0.0000   0.0000   0.0000 
  0.0000   0.0000   0.0000   0.0000   0.0000   0.0000   0.0000   0.0000   0.0000   0.0000 
  0.0000   0.0000   0.0000   0.0000   0.0000   0.0000   0.0000   0.0000   0.0000   0.0000 
  0.0000   0.0000   0.0000   0.0000   0.0000   0.0000   0.0000   0.0000   0.0000   0.0000 
  0.0000   0.0000   0.0000   0.0000   0.0000   0.0000   0.0000   0.0000   0.0000   0.0000 
  0.0000   0.0000   0.0000   0.0000   0.0000   0.0000   0.0000   0.0000   0.0000   0.0000 
  0.0000   0.0000   0.0000   0.0000   0.0000   0.0000   0.0000   0.0000   0.0000   0.0000 
  0.0000   0.0000   0.0000   0.0000   0.0000   0.0000   0.0000   0.0000   0.0000   0.0000 
  0.0000   0.0000   0.0000   0.0000   0.0000   0.0000   0.0000   0.0000   0.0000   0.0000 
  0.0000   0.0000   0.0000   0.0000   0.0000   0.0000   0.0000   0.0000   0.0000   0.0000 
  0.0000   0.0000   0.0000   0.0000   0.0000   0.0000   0.0000   0.0000   0.0000   0.0000 
  0.0000   0.0000   0.0000   0.0000   0.0000   0.0000   0.0000   0.0000   0.0000   0.0000 
  0.0000   0.0000   0.0000   0.0000   0.0000   0.0000   0.0000   0.0000   0.0000   0.0000 
  0.0000   0.0000   0.0000   0.0000   0.0000   0.0000   0.0000   0.0000   0.0000   0.0000 
  0.0000   0.0000   0.0000   0.0000   0.0000   0.0000   0.0000   0.0000   0.0000   0.0000 
  0.0000   0.0000   0.0000   0.0000   0.0000   0.0000   0.0000   0.0000   0.0000   0.0000 
  0.0000   0.0000   0.0000   0.0000   0.0000   0.0000   0.0000   0.0000   0.0000   0.0000 
  0.0000   0.0000   0.0000   0.0000   0.0000   0.0000   0.0000   0.0000   0.0000   0.0000 
  0.0000   0.0000   0.0000   0.0000   0.0000   0.0000   0.0000   0.0000   0.0000   0.0000 
  0.0000   0.0000   0.0000   0.0000   0.0000   0.0000   0.0000   0.0000   0.0000   0.0000 
  0.0000   0.0000   0.0000   0.0000   0.0000   0.0000   0.0000   0.0000   0.0000   0.0000 
  0.0000   0.0000   0.0000   0.0000   0.0000   0.0000   0.0000   0.0000   0.0000   0.0000 
  0.0000   0.0000   0.0000   0.0000   0.0000   0.0000   0.0000   0.0000   0.0000   0.0000 
  0.0000   0.0000   0.0000   0.0000   0.0000   0.0000   0.0000   0.0000   0.0000   0.0000 
  0.0000   0.0000   0.0000   0.0000   0.0000   0.0000   0.0000   0.0000   0.0000   0.0000 
  0.0000   0.0000   0.0000   0.0000   0.0000   0.0000   0.0000   0.0000   0.0000   0.0000 
  0.0000   0.0000   0.0000   0.0000   0.0000   0.0000   0.0000   0.0000   0.0000   0.0000 
  0.0000   0.0000   0.0000   0.0000   0.0000   0.0000   0.0000   0.0000   0.0000   0.0000 
  0.0000   0.0000   0.0000   0.0000   0.0000   0.0000   0.0000   0.0000   0.0000   0.0000 
  0.0000   0.0000   0.0000   0.0000   0.0000   0.0000   0.0000   0.0000   0.0000   0.0000 
  0.0000   0.0000   0.0000   0.0000   0.0000   0.0000   0.0000   0.0000   0.0000   0.0000 
  0.0000   0.0000   0.0000   0.0000   0.0000   0.0000   0.0000   0.0000   0.0000   0.0000 
  0.0000   0.0000   0.0000   0.0000   0.0000   0.0000   0.0000   0.0000   0.0000   0.0000 
  0.0000   0.0000   0.0000   0.0000   0.0000   0.0000   0.0000   0.0000   0.0000   0.0000 
  0.0000   0.0000   0.0000   0.0000   0.0000   0.0000   0.0000   0.0000   0.0000   0.0000 
  0.0000   0.0000   0.0000   0.0000   0.0000   0.0000   0.0000   0.0000   0.0000   0.0000 
  0.0000   0.0000   0.0000   0.0000   0.0000   0.0000   0.0000   0.0000   0.0000   0.0000 
  0.0000   0.0000   0.0000   0.0000   0.0000   0.0000   0.0000   0.0000   0.0000   0.0000 
  0.0000   0.0000   0.0000   0.0000   0.0000   0.0000   0.0000   0.0000   0.0000   0.0000 
  0.0000   0.0000   0.0000   0.0000   0.0000   0.0000   0.0000   0.0000   0.0000   0.0000 
  0.0000   0.0000   0.0000   0.0000   0.0000   0.0000   0.0000   0.0000   0.0000   0.0000 
  0.0000   0.0000   0.0000   0.0000   0.0000   0.0000   0.0000   0.0000   0.0000   0.0000 
  0.0000   0.0000   0.0000   0.0000   0.0000   0.0000   0.0000   0.0000   0.0000   0.0000 
  0.0000   0.0000   0.0000   0.0000   0.0000   0.0000   0.0000   0.0000   0.0000   0.0000 
  0.0000   0.0000   0.0000   0.0000   0.0000   0.0000   0.0000   0.0000   0.0000   0.0000 
  0.0000   0.0000   0.0000   0.0000   0.0000   0.0000   0.0000   0.0000   0.0000   0.0000 
  0.0000   0.0000   0.0000   0.0000   0.0000   0.0000   0.0000   0.0000   0.0000   0.0000 
  0.0000   0.0000   0.0000   0.0000   0.0000   0.0000   0.0000   0.0000   0.0000   0.0000 
  0.0000   0.0000   0.0000   0.0000   0.0000   0.0000   0.0000   0.0000   0.0000   0.0000 
  0.0000   0.0000   0.0000   0.0000   0.0000   0.0000   0.0000   0.0000   0.0000   0.0000 
  0.0000   0.0000   0.0000   0.0000   0.0000   0.0000   0.0000   0.0000   0.0000   0.0000 
  0.0000   0.0000   0.0000   0.0000   0.0000   0.0000   0.0000   0.0000   0.0000   0.0000 
  0.0000   0.0000   0.0000   0.0000   0.0000   0.0000   0.0000   0.0000   0.0000   0.0000 
  0.0000   0.0000   0.0000   0.0000   0.0000   0.0000   0.0000   0.0000   0.0000   0.0000 
  0.0000   0.0000   0.0000   0.0000   0.0000   0.0000   0.0000   0.0000   0.0000   0.0000 
  0.0000   0.0000   0.0000   0.0000   0.0000   0.0000   0.0000   0.0000   0.0000   0.0000 
  0.0000   0.0000   0.0000   0.0000   0.0000   0.0000   0.0000   0.0000   0.0000   0.0000 
  0.0000   0.0000   0.0000   0.0000   0.0000   0.0000   0.0000   0.0000   0.0000   0.0000 
  0.0000   0.0000   0.0000   0.0000   0.0000   0.0000   0.0000   0.0000   0.0000   0.0000 
  0.0000   0.0000   0.0000   0.0000   0.0000   0.0000   0.0000   0.0000   0.0000   0.0000 
  0.0000   0.0000   0.0000   0.0000   0.0000   0.0000   0.0000   0.0000   0.0000   0.0000 
  0.0000   0.0000   0.0000   0.0000   0.0000   0.0000   0.0000   0.0000   0.0000   0.0000 
  0.0000   0.0000   0.0000   0.0000   0.0000   0.0000   0.0000   0.0000   0.0000   0.0000 
  0.0000   0.0000   0.0000   0.0000   0.0000   0.0000   0.0000   0.0000   0.0000   0.0000 
  0.0000   0.0000   0.0000   0.0000   0.0000   0.0000   0.0000   0.0000   0.0000   0.0000 
  0.0000   0.0000   0.0000   0.0000   0.0000   0.0000   0.0000   0.0000   0.0000   0.0000 
  0.0000   0.0000   0.0000   0.0000   0.0000   0.0000   0.0000   0.0000   0.0000   0.0000 
  0.0000   0.0000   0.0000   0.0000   0.0000   0.0000   0.0000   0.0000   0.0000   0.0000 
  0.0000   0.0000   0.0000   0.0000   0.0000   0.0000   0.0000   0.0000   0.0000   0.0000 
  0.0000   0.0000   0.0000   0.0000   0.0000   0.0000   0.0000   0.0000   0.0000   0.0000 
  0.0000   0.0000   0.0000   0.0000   0.0000   0.0000   0.0000   0.0000   0.0000   0.0000 
  0.0000   0.0000   0.0000   0.0000   0.0000   0.0000   0.0000   0.0000   0.0000   0.0000 
  0.0000   0.0000   0.0000   0.0000   0.0000   0.0000   0.0000   0.0000   0.0000   0.0000 
  0.0000   0.0000   0.0000   0.0000   0.0000   0.0000   0.0000   0.0000   0.0000   0.0000 
  0.0000   0.0000   0.0000   0.0000   0.0000   0.0000   0.0000   0.0000   0.0000   0.0000 
  0.0000   0.0000   0.0000   0.0000   0.0000   0.0000   0.0000   0.0000   0.0000   0.0000 
  0.0000   0.0000   0.0000   0.0000   0.0000   0.0000   0.0000   0.0000   0.0000   0.0000 
  0.0000   0.0000   0.0000   0.0000   0.0000   0.0000   0.0000   0.0000   0.0000   0.0000 
  0.0000   0.0000   0.0000   0.0000   0.0000   0.0000   0.0000   0.0000   0.0000   0.0000 
  0.0000   0.0000   0.0000   0.0000   0.0000   0.0000   0.0000   0.0000   0.0000   0.0000 
  0.0000   0.0000   0.0000   0.0000   0.0000   0.0000   0.0000   0.0000   0.0000   0.0000 
  0.0000   0.0000   0.0000   0.0000   0.0000   0.0000   0.0000   0.0000   0.0000   0.0000 
  0.0000   0.0000   0.0000   0.0000   0.0000   0.0000   0.0000   0.0000   0.0000   0.0000 
  0.0000   0.0000   0.0000   0.0000   0.0000   0.0000   0.0000   0.0000   0.0000   0.0000 
  0.0000   0.0000   0.0000   0.0000   0.0000   0.0000   0.0000   0.0000   0.0000   0.0000 
  0.0000   0.0000   0.0000   0.0000   0.0000   0.0000   0.0000   0.0000   0.0000   0.0000 
  0.0000   0.0000   0.0000   0.0000   0.0000   0.0000   0.0000   0.0000   0.0000   0.0000 
  0.0000   0.0000   0.0000   0.0000   0.0000   0.0000   0.0000   0.0000   0.0000   0.0000 
  0.0000   0.0000   0.0000   0.0000   0.0000   0.0000   0.0000   0.0000   0.0000   0.0000 
  0.0000   0.0000   0.0000   0.0000   0.0000   0.0000   0.0000   0.0000   0.0000   0.0000 
  0.0000   0.0000   0.0000   0.0000   0.0000   0.0000   0.0000   0.0000   0.0000   0.0000 
  0.0000   0.0000   0.0000   0.0000   0.0000   0.0000   0.0000   0.0000   0.0000   0.0000 
  0.0000   0.0000   0.0000   0.0000   0.0000   0.0000   0.0000   0.0000   0.0000   0.0000 
  0.0000   0.0000   0.0000   0.0000   0.0000   0.0000   0.0000   0.0000   0.0000   0.0000 
  0.0000   0.0000   0.0000   0.0000   0.0000   0.0000   0.0000   0.0000   0.0000   0.0000 
  0.0000   0.0000   0.0000   0.0000   0.0000   0.0000   0.0000   0.0000   0.0000   0.0000 
  0.0000   0.0000   0.0000   0.0000   0.0000   0.0000   0.0000   0.0000   0.0000   0.0000 
  0.0000   0.0000   0.0000   0.0000   0.0000   0.0000   0.0000   0.0000   0.0000   0.0000 
  0.0000   0.0000   0.0000   0.0000   0.0000   0.0000   0.0000   0.0000   0.0000   0.0000 
  0.0000   0.0000   0.0000   0.0000   0.0000   0.0000   0.0000   0.0000   0.0000   0.0000 
  0.0000   0.0000   0.0000   0.0000   0.0000   0.0000   0.0000   0.0000   0.0000   0.0000 
  0.0000   0.0000   0.0000   0.0000   0.0000   0.0000   0.0000   0.0000   0.0000   0.0000 
  0.0000   0.0000   0.0000   0.0000   0.0000   0.0000   0.0000   0.0000   0.0000   0.0000 
  0.0000   0.0000   0.0000   0.0000   0.0000   0.0000   0.0000   0.0000   0.0000   0.0000 
  0.0000   0.0000   0.0000   0.0000   0.0000   0.0000   0.0000   0.0000   0.0000   0.0000 
  0.0000   0.0000   0.0000   0.0000   0.0000   0.0000   0.0000   0.0000   0.0000   0.0000 
  0.0000   0.0000   0.0000   0.0000   0.0000   0.0000   0.0000   0.0000   0.0000   0.0000 
  0.0000   0.0000   0.0000   0.0000   0.0000   0.0000   0.0000   0.0000   0.0000   0.0000 
  0.0000   0.0000   0.0000   0.0000   0.0000   0.0000   0.0000   0.0000   0.0000   0.0000 
  0.0000   0.0000   0.0000   0.0000   0.0000   0.0000   0.0000   0.0000   0.0000   0.0000 
  0.0000   0.0000   0.0000   0.0000   0.0000   0.0000   0.0000   0.0000   0.0000   0.0000 
  0.0000   0.0000   0.0000   0.0000   0.0000   0.0000   0.0000   0.0000   0.0000   0.0000 
  0.0000   0.0000   0.0000   0.0000   0.0000   0.0000   0.0000   0.0000   0.0000   0.0000 
  0.0000   0.0000   0.0000   0.0000   0.0000   0.0000   0.0000   0.0000   0.0000   0.0000 
  0.0000   0.0000   0.0000   0.0000   0.0000   0.0000   0.0000   0.0000   0.0000   0.0000 
  0.0000   0.0000   0.0000   0.0000   0.0000   0.0000   0.0000   0.0000   0.0000   0.0000 
  0.0000   0.0000   0.0000   0.0000   0.0000   0.0000   0.0000   0.0000   0.0000   0.0000 
  0.0000   0.0000   0.0000   0.0000   0.0000   0.0000   0.0000   0.0000   0.0000   0.0000 
  0.0000   0.0000   0.0000   0.0000   0.0000   0.0000   0.0000   0.0000   0.0000   0.0000 
  0.0000   0.0000   0.0000   0.0000   0.0000   0.0000   0.0000   0.0000   0.0000   0.0000 
  0.0000   0.0000   0.0000   0.0000   0.0000   0.0000   0.0000   0.0000   0.0000   0.0000 
  0.0000   0.0000   0.0000   0.0000   0.0000   0.0000   0.0000   0.0000   0.0000   0.0000 
  0.0000   0.0000   0.0000   0.0000   0.0000   0.0000   0.0000   0.0000   0.0000   0.0000 
  0.0000   0.0000   0.0000   0.0000   0.0000   0.0000   0.0000   0.0000   0.0000   0.0000 
  0.0000   0.0000   0.0000   0.0000   0.0000   0.0000   0.0000   0.0000   0.0000   0.0000 
  0.0000   0.0000   0.0000   0.0000   0.0000   0.0000   0.0000   0.0000   0.0000   0.0000 
  0.0000   0.0000   0.0000   0.0000   0.0000   0.0000   0.0000   0.0000   0.0000   0.0000 
  0.0000   0.0000   0.0000   0.0000   0.0000   0.0000   0.0000   0.0000   0.0000   0.0000 
  0.0000   0.0000   0.0000   0.0000   0.0000   0.0000   0.0000   0.0000   0.0000   0.0000 
  0.0000   0.0000   0.0000   0.0000   0.0000   0.0000   0.0000   0.0000   0.0000   0.0000 
  0.0000   0.0000   0.0000   0.0000   0.0000   0.0000   0.0000   0.0000   0.0000   0.0000 
  0.0000   0.0000   0.0000   0.0000   0.0000   0.0000   0.0000   0.0000   0.0000   0.0000 
  0.0000   0.0000   0.0000   0.0000   0.0000   0.0000   0.0000   0.0000   0.0000   0.0000 
  0.0000   0.0000   0.0000   0.0000   0.0000   0.0000   0.0000   0.0000   0.0000   0.0000 
  0.0000   0.0000   0.0000   0.0000   0.0000   0.0000   0.0000   0.0000   0.0000   0.0000 
  0.0000   0.0000   0.0000   0.0000   0.0000   0.0000   0.0000   0.0000   0.0000   0.0000 
  0.0000   0.0000   0.0000   0.0000   0.0000   0.0000   0.0000   0.0000   0.0000   0.0000 
  0.0000   0.0000   0.0000   0.0000   0.0000   0.0000   0.0000   0.0000   0.0000   0.0000 
  0.0000   0.0000   0.0000   0.0000   0.0000   0.0000   0.0000   0.0000   0.0000   0.0000 
  0.0000   0.0000   0.0000   0.0000   0.0000   0.0000   0.0000   0.0000   0.0000   0.0000 
  0.0000   0.0000   0.0000   0.0000   0.0000   0.0000   0.0000   0.0000   0.0000   0.0000 
  0.0000   0.0000   0.0000   0.0000   0.0000   0.0000   0.0000   0.0000   0.0000   0.0000 
  0.0000   0.0000   0.0000   0.0000   0.0000   0.0000   0.0000   0.0000   0.0000   0.0000 
  0.0000   0.0000   0.0000   0.0000   0.0000   0.0000   0.0000   0.0000   0.0000   0.0000 
  0.0000   0.0000   0.0000   0.0000   0.0000   0.0000   0.0000   0.0000   0.0000   0.0000 
  0.0000   0.0000   0.0000   0.0000   0.0000   0.0000   0.0000   0.0000   0.0000   0.0000 
  0.0000   0.0000   0.0000   0.0000   0.0000   0.0000   0.0000   0.0000   0.0000   0.0000 
  0.0000   0.0000   0.0000   0.0000   0.0000   0.0000   0.0000   0.0000   0.0000   0.0000 
  0.0000   0.0000   0.0000   0.0000   0.0000   0.0000   0.0000   0.0000   0.0000   0.0000 
  0.0000   0.0000   0.0000   0.0000   0.0000   0.0000   0.0000   0.0000   0.0000   0.0000 
  0.0000   0.0000   0.0000   0.0000   0.0000   0.0000   0.0000   0.0000   0.0000   0.0000 
  0.0000   0.0000   0.0000   0.0000   0.0000   0.0000   0.0000   0.0000   0.0000   0.0000 
  0.0000   0.0000   0.0000   0.0000   0.0000   0.0000   0.0000   0.0000   0.0000   0.0000 
  0.0000   0.0000   0.0000   0.0000   0.0000   0.0000   0.0000   0.0000   0.0000   0.0000 
  0.0000   0.0000   0.0000   0.0000   0.0000   0.0000   0.0000   0.0000   0.0000   0.0000 
  0.0000   0.0000   0.0000   0.0000   0.0000   0.0000   0.0000   0.0000   0.0000   0.0000 
  0.0000   0.0000   0.0000   0.0000   0.0000   0.0000   0.0000   0.0000   0.0000   0.0000 
  0.0000   0.0000   0.0000   0.0000   0.0000   0.0000   0.0000   0.0000   0.0000   0.0000 
  0.0000   0.0000   0.0000   0.0000   0.0000   0.0000   0.0000   0.0000   0.0000   0.0000 
  0.0000   0.0000   0.0000   0.0000   0.0000   0.0000   0.0000   0.0000   0.0000   0.0000 
  0.0000   0.0000   0.0000   0.0000   0.0000   0.0000   0.0000   0.0000   0.0000   0.0000 
  0.0000   0.0000   0.0000   0.0000   0.0000   0.0000   0.0000   0.0000   0.0000   0.0000 
  0.0000   0.0000   0.0000   0.0000   0.0000   0.0000   0.0000   0.0000   0.0000   0.0000 
  0.0000   0.0000   0.0000   0.0000   0.0000   0.0000   0.0000   0.0000   0.0000   0.0000 
  0.0000   0.0000   0.0000   0.0000   0.0000   0.0000   0.0000   0.0000   0.0000   0.0000 
