x-axis acceleration data

  0.3218  -0.0859   0.2188   0.2456   0.0864   0.2720   0.2612   0.0269  -0.2461   0.0503 
  0.3052  -0.0596   0.1880   0.2456   0.1616   0.2642   0.2646   0.0469  -0.2412   0.0840 
  0.2920   0.1870   0.3359   0.2505   0.1343   0.2603   0.2729   0.0049  -0.2539   0.1201 
  0.2969   0.0396   0.3652   0.2573   0.0664   0.2817   0.2900   0.0415  -0.2451   0.1206 
  0.2920  -0.0063   0.1396   0.2437   0.0859   0.2681   0.2798   0.0908  -0.2891   0.1611 
  0.3447   0.0405   0.3784   0.2549   0.1587   0.2710   0.2847   0.0581  -0.3228   0.1602 
  0.1821   0.0498   0.2192   0.2705   0.2046   0.2998   0.2778   0.0688  -0.2251   0.1753 
  0.1895   0.0264   0.0317   0.2568   0.1714   0.3188   0.2793   0.1201  -0.1563   0.1812 
  0.4355   0.0742   0.1045   0.2524   0.0933   0.3413   0.2861   0.1274  -0.2700   0.1953 
  0.2969   0.0737   0.1914   0.2612   0.1050   0.3325   0.2705   0.1260   0.0498   0.1519 
  0.0903   0.0400   0.2129   0.2607   0.1631   0.2783   0.2793   0.1279   0.2446   0.1563 
  0.0894   0.0405   0.2236   0.2578   0.1890   0.3208   0.2822   0.1841  -0.0615   0.1714 
  0.1978   0.0518   0.2378   0.2739   0.2422   0.3169   0.2798   0.1899  -0.3828   0.1680 
  0.2729   0.0732   0.2456   0.2539   0.3662   0.3125   0.2778   0.1826  -0.2148   0.1646 
  0.2114   0.0903   0.2495   0.2451   0.4351   0.3413   0.2778   0.1860  -0.1563   0.1802 
 -0.0210   0.0596   0.2402   0.2422   0.4116   0.3252   0.2881   0.1890  -0.0762   0.2031 
 -0.2642   0.0508   0.2358   0.2236   0.3691   0.2905   0.2822   0.1738  -0.0879   0.1831 
  0.0044   0.0518   0.2427   0.2080   0.3267   0.2861   0.2773   0.1504  -0.0396   0.1816 
  0.8555   0.0625   0.2290   0.2217   0.3276   0.2925   0.2783   0.1587  -0.0786   0.2217 
  0.3135   0.0869   0.2275   0.2070   0.2627   0.3120   0.2876   0.1738  -0.1113   0.2227 
 -0.2852   0.0947   0.2236   0.1880   0.1553   0.2754   0.2866   0.1572  -0.0264   0.2217 
  0.9941   0.1011   0.2207   0.3257   0.0459   0.2393   0.2881   0.1816   0.0044   0.2427 
 -0.4873   0.1143   0.2319   0.3047  -0.0249   0.2666   0.2935   0.1787  -0.0356   0.2803 
  1.0605   0.1211   0.2373   0.1577  -0.0972   0.2842   0.2920   0.1772   0.0596   0.2671 
 -0.3984   0.1055   0.2397   0.3008  -0.0884   0.2607   0.2866   0.2065   0.0693   0.2197 
  0.2925   0.1011   0.2485   0.2271  -0.0703   0.2861   0.2739   0.2080   0.0039   0.2329 
  0.2549   0.1118   0.2637   0.2021  -0.0747   0.3076   0.2842   0.2119  -0.0054   0.3062 
  0.2432   0.0439   0.2388   0.2007  -0.0610   0.2856   0.3037   0.2046   0.0498   0.2773 
  0.2705   0.1553   0.2480   0.1987  -0.0913   0.2773   0.2900   0.1978   0.0801   0.2485 
  0.2749   0.1523   0.2085   0.1753  -0.1094   0.2979   0.2778   0.1909   0.1055   0.2134 
  0.2822   0.1045   0.3574   0.1650  -0.0698   0.3218   0.2754   0.1616   0.1460   0.2305 
  0.2915   0.0830   0.3623   0.1865  -0.0776   0.3154   0.2905   0.1436   0.1079   0.2773 
  0.2891   0.0786   0.1406   0.1860  -0.2588   0.2739   0.2891   0.1382   0.0366   0.2715 
  0.2900   0.0918   0.2754   0.2017  -0.3218   0.3037   0.2876   0.1436   0.1494   0.3115 
  0.2915   0.1040   0.2349   0.2002  -0.2437   0.3833   0.2861   0.1655   0.1196   0.3394 
  0.3120   0.1138   0.2412   0.1992  -0.2993   0.4761   0.2925   0.1133   0.0239   0.3145 
  0.3086   0.1021   0.2295   0.2153  -0.3315   0.5283   0.2915   0.0806  -0.1709   0.3662 
  0.2861   0.0991   0.2427   0.2266  -0.2700   0.5171   0.2900   0.2480  -0.3511   0.3711 
  0.2739   0.0981   0.2358   0.2432  -0.3130   0.5244   0.2783   0.2935  -0.3901   0.3975 
  0.2822   0.0938   0.2300   0.2480  -0.3252   0.4390   0.2803  -0.0664  -0.4712   0.4507 
  0.3013   0.0771   0.2310   0.2310  -0.3843   0.3638   0.2925   0.2817  -0.4810   0.4160 
  0.2900   0.0952   0.2305   0.2041  -0.4126   0.3516   0.2886   0.2021  -0.4937   0.4414 
  0.2783   0.0903   0.2363   0.1987  -0.4067   0.3125   0.2690   0.1230  -0.4355   0.3770 
  0.2813   0.1074   0.2261   0.1157  -0.5327   0.3301   0.2725   0.0405  -0.4077   0.2104 
  0.2983   0.1289   0.2227   0.1328  -0.6396   0.3857   0.2744  -0.1055  -0.3613   0.1758 
  0.3022   0.1265   0.2261   0.3867  -0.7246   0.3867   0.2676   0.0288  -0.3633   0.2710 
  0.3052   0.0952   0.2173   0.2090  -0.8096   0.3960   0.2710  -0.2007  -0.4253   0.2402 
  0.2983   0.0737   0.2090   0.3394  -0.9751   0.4243   0.2988   0.1782  -0.4204   0.2090 
  0.2715   0.1348   0.2217   0.4072  -1.0747   0.4697   0.3076   0.1167  -0.3950   0.2012 
  0.2559   0.1895   0.2271   0.2788  -1.1548   0.4634   0.2915  -0.5649  -0.3774   0.2109 
  0.2856   0.2002   0.2471   0.2046  -1.3906   0.4580   0.2827  -0.9033  -0.3511   0.2310 
  0.3008   0.1768   0.2534   0.1406  -1.8101   0.4556   0.2749  -0.6953  -0.2979   0.2241 
  0.2939   0.1548   0.2549   0.0239  -2.5498   0.4111   0.2656  -0.1265  -0.2056   0.2021 
  0.3037   0.1816   0.2651  -0.0771  -4.1865   0.3916   0.2515   0.3613  -0.2656   0.2412 
  0.3311   0.1509   0.3086  -0.1035  -4.3228   0.3760   0.2344   0.3018  -0.2373   0.2168 
  0.3433   0.2998   0.1436  -0.1304  -1.9878   0.3364   0.2554  -0.1748  -0.2729   0.1421 
  0.3560   0.1621   0.1411  -0.0742  -2.1890   0.2891   0.2837  -0.2749  -0.3696   0.1035 
  0.3379   0.1890   0.2983  -0.0586   0.0811   0.2427   0.3076  -0.3208  -0.4346   0.0386 
  0.3296   0.2305   0.2593  -0.0957   3.8359   0.1968   0.3242  -0.2456  -0.4961  -0.0527 
  0.3301   0.2383   0.2744  -0.1680   0.6426   0.1714   0.3516  -0.1401  -0.5171  -0.0864 
  0.3140   0.2319   0.3340  -0.2168   5.8462   0.1377   0.3604  -0.7085  -0.5864  -0.0366 
  0.3228   0.1670   0.3672  -0.2988   0.8472   0.0479   0.3696  -0.2515  -0.7261  -0.0874 
  0.3765   0.3442   0.3438  -0.3208  -1.5791  -0.0195   0.3696   0.1216  -0.7856  -0.1274 
  0.3091   0.1597   0.3037  -0.3325  -0.3262   0.0044   0.3486  -0.3994  -0.8599  -0.0649 
  0.2646   0.1396   0.2495  -0.4414   0.2983  -0.0249   0.2642  -0.3770  -1.0410  -0.0884 
  0.2998   0.2773   0.2061  -0.4795   0.2954  -0.1157   0.1968  -0.3413  -1.3105  -0.1602 
  0.3452   0.3276   0.1787  -0.4507   0.2251  -0.1636   0.0991  -0.3486  -1.5630  -0.1797 
  0.4595   0.3408   0.0991  -0.3530  -0.1909  -0.1045  -0.0225  -0.2749  -1.9922  -0.2354 
  0.4561   0.2407   0.0303  -0.3525  -0.6499  -0.0591  -0.0293  -0.2319  -2.5972  -0.3203 
  0.3931   0.2310  -0.0547  -0.4058  -0.9648  -0.1343   0.0449  -0.3193  -2.2285  -0.3481 
  0.1660   0.2524  -0.1270  -0.3921  -1.4302  -0.1958   0.0391  -0.2583  -2.3647  -0.3325 
  0.5615   0.1860  -0.1826  -0.3970  -1.8994  -0.1841  -0.0479  -0.1646  -1.1660  -0.3267 
  0.3633   0.1099  -0.1909  -0.4624  -1.7754  -0.2407  -0.1265  -0.2588   1.2227  -0.3271 
  0.0806   0.0879  -0.1270  -0.5112  -1.5366  -0.2788  -0.1606  -0.3584   5.5200  -0.2085 
  0.0806   0.0479  -0.1797  -0.6113  -1.5464  -0.2017  -0.2451  -0.3833   0.4639  -0.2300 
  0.2666  -0.0283  -0.2656  -0.7778  -1.3071  -0.2139  -0.2720  -0.4629  -0.5581  -0.3413 
  0.2617  -0.0244  -0.1938  -0.9199  -1.1279  -0.3179  -0.2437  -0.6011  -0.7700  -0.2690 
  0.3115  -0.0396  -0.2310  -1.0762  -1.0112  -0.3389  -0.3101  -0.6929   0.0615  -0.2100 
  0.3418  -0.0537  -0.3091  -1.3110  -0.8950  -0.3315  -0.3428  -0.7939   0.5547  -0.2803 
  0.3315   0.0122  -0.3569  -1.8330  -0.8491  -0.3979  -0.3247  -0.9067  -0.2476  -0.3228 
  0.3271  -0.0024  -0.4365  -2.7920  -0.6851  -0.4463  -0.4185  -1.0088  -0.5796  -0.2715 
  0.3076  -0.0308  -0.4277  -4.2480  -0.7109  -0.4585  -0.4819  -1.1230  -0.2969  -0.3228 
  0.3315  -0.0439  -0.4692  -4.3862  -0.8169  -0.5244  -0.3647  -1.1948  -0.4458  -0.4199 
  0.4126  -0.1099  -0.4795  -2.9297  -0.8477  -0.6484  -0.3750  -1.3472  -1.0435  -0.4263 
  0.3994  -0.1440  -0.4893  -3.0322  -0.7974  -0.7344  -0.3496  -1.5410  -1.4048  -0.4517 
  0.3633  -0.1807  -0.6055  -0.4150  -0.8545  -0.8516  -0.3184  -1.3809  -1.4785  -0.5957 
  0.3828  -0.2529  -0.5928   5.7783  -0.9473  -0.9712  -0.3540  -2.0918  -1.6230  -0.6826 
  0.4033  -0.1841  -0.6499  -0.4907  -0.9780  -1.1460  -0.3745  -2.2866  -1.5117  -0.7622 
  0.3843  -0.2573  -0.7910  12.5938  -0.9609  -1.2720  -0.3779  -2.2310  -1.3833  -0.8408 
  0.2495  -0.2788  -0.9150  -1.6025  -0.8862  -1.3813  -0.4478  -1.6997  -1.2163  -0.9639 
  0.2080  -0.3584  -1.0381  -4.4717  -0.9185  -1.5840  -0.4751  -0.1733  -1.1616  -1.0972 
  0.2012  -0.3330  -1.2026  -0.5308  -0.9580  -1.7949  -0.5625   3.0439  -1.0645  -1.1587 
  0.1987  -0.2627  -1.4370   1.2349  -0.9639  -2.0981  -0.6724   1.1211  -0.9033  -1.2339 
  0.2417  -0.3403  -1.7920   0.5854  -0.8696  -3.0542  -0.7793  -1.1826  -0.8228  -1.1187 
  0.1948  -0.4194  -2.4019  -0.4155  -0.8081  -4.5498  -0.9961  -0.5396  -0.7759  -1.8774 
  0.1968  -0.4727  -4.0449  -0.4458  -0.8574  -3.5454  -1.1685  -0.3779  -0.7856  -2.6216 
  0.2822  -0.5088  -4.5605   0.0449  -0.9570  -2.0806  -1.3818   0.6704  -0.7642  -2.5044 
  0.3008  -0.5967  -2.9370  -0.4194  -0.9619  -1.2939  -1.7695   0.0405  -0.7983  -2.2397 
  0.3057  -0.7920  -2.4644  -0.8545  -0.8608   4.0093  -2.5576  -0.7603  -0.7988  -1.1162 
  0.3760  -0.8857  -0.5186  -1.0273  -0.8374   1.5977  -3.8145  -0.3657  -0.7480   2.2437 
  0.3906  -1.0132   4.5757  -1.5898  -1.0532   1.2993  -2.3213  -0.5093  -0.7700   4.8286 
  0.3105  -1.2305   1.9458  -1.8823  -1.2510   5.5234  -1.5659  -0.9219  -0.7212  -0.9526 
  0.3105  -1.4419  12.3892  -1.6406  -1.1064  -2.8091  -1.1606  -0.9956  -0.6616  -1.2329 
  0.3672  -1.7114  -1.6821  -1.7700  -0.9248  -2.8921   1.5796  -1.1758  -0.5669  -0.7358 
  0.4077  -2.1025  -1.5356  -1.6611  -0.8809   0.8569   3.2222  -1.4404  -0.4116   0.0464 
  0.3291  -2.7993   0.2671  -1.2861  -0.8843   1.0894   1.0562  -1.5210  -0.3286   0.6387 
  0.2329  -5.0728   0.1646  -1.1094  -0.7988  -0.2490   0.0713  -1.2749  -0.2822  -0.0728 
  0.1597  -3.5190   0.1123  -0.9116  -0.7368  -0.5732  -0.5688  -1.0938  -0.2437  -0.7222 
  0.0884  -3.0376  -0.3750  -0.7407  -0.7896  -0.6260  -0.6304  -1.1582  -0.2075  -0.6201 
  0.0322  -2.6733  -0.4844  -0.6958  -0.8574   0.0073  -0.4912  -1.0439  -0.1895  -0.5786 
 -0.0103   0.9600   0.1084  -0.6279  -0.9053  -1.0352  -0.1567  -0.8755  -0.2461  -0.6987 
 -0.0625   5.8647  -0.3359  -0.5601  -0.9180  -1.9102  -0.0933  -0.7822  -0.3096  -0.8843 
 -0.1006   0.5625  -0.7002  -0.6733  -0.8936  -2.0581   0.1655  -0.7715  -0.3218  -0.9873 
 -0.1113   3.8296  -1.1895  -0.8169  -0.8838  -1.2456   0.0288  -0.7837  -0.3379  -1.0967 
 -0.1860  -1.7856  -1.6611  -0.8286  -0.8682  -1.3828  -0.1108  -0.7012  -0.4902  -1.2544 
 -0.2090  -2.5366  -1.6519  -0.8491  -0.7832  -1.3525  -0.8306  -0.6260  -0.6826  -1.3911 
 -0.2466   0.6602  -1.4805  -0.9331  -0.7505  -1.2324  -1.4048  -0.4946  -0.7266  -1.3945 
 -0.3857   0.6606  -1.3843  -0.9409  -0.8247  -1.0864  -1.6670  -0.4004  -0.6860  -1.1763 
 -0.5190  -0.0020  -1.2930  -0.8374  -0.8838  -1.0161  -1.4976  -0.3237  -0.8579  -1.0024 
 -0.5195  -0.4121  -1.1255  -0.8682  -0.7183  -0.9780  -1.3804  -0.2319  -0.9497  -0.9277 
 -0.5029  -0.0967  -0.9448  -1.3159  -0.5293  -0.9131  -1.5151  -0.1050  -0.6592  -0.8862 
 -0.5034  -0.6211  -0.8052  -1.4009  -0.3745  -0.8140  -1.5356   0.0498  -0.2778  -0.8169 
 -0.3799  -1.2109  -0.7476  -1.1509  -0.3062  -0.8257  -1.2178   0.1699  -0.1372  -0.7690 
 -0.3540  -1.6924  -0.7119  -0.9810  -0.3013  -0.8364  -1.0200   0.2593  -0.1968  -0.7461 
 -0.3857  -1.6543  -0.6558  -0.9019  -0.2979  -0.9175  -0.9653   0.3696  -0.2324  -0.8018 
 -0.3540  -1.5542  -0.6841  -0.8047  -0.2588  -1.0029  -0.9722   0.4316  -0.2070  -0.8398 
 -0.2983  -1.2944  -0.7671  -0.7617  -0.2188  -1.0239  -0.8906   0.3931  -0.1157  -0.8496 
 -0.3364  -1.0371  -0.8945  -0.8682  -0.2729  -1.0283  -0.8579   0.2314  -0.0586  -0.9458 
 -0.3872  -0.9595  -0.9395  -0.9082  -0.4209  -1.0381  -0.8677  -0.0845  -0.0166  -0.9756 
 -0.4580  -0.9136  -0.9141  -0.9170  -0.4795  -1.0171  -0.8340  -0.2285   0.0742  -0.9941 
 -0.5044  -0.7490  -0.9272  -0.9844  -0.4551  -0.9814  -0.8198  -0.0361   0.1606  -0.9819 
 -0.5503  -0.7319  -0.9863  -1.0098  -0.5322  -0.9355  -0.8633   0.1729   0.1880  -0.9727 
 -0.6621  -0.8003  -0.9814  -0.9590  -0.7358  -0.9561  -0.9414   0.2061   0.1870  -0.9731 
 -0.7559  -0.7964  -0.8120  -0.8901  -0.8613  -0.9233  -0.9844   0.3408   0.2124  -0.9546 
 -0.8311  -0.7783  -0.8071  -0.8774  -0.8945  -0.8945  -1.0156   0.4541   0.2139  -0.9238 
 -0.9746  -0.8560  -1.1001  -0.8574  -0.9492  -0.9316  -1.0435   0.5415   0.2231  -0.8828 
 -1.1729  -0.8467  -1.2271  -0.8799  -0.8735  -0.9434  -1.0801   0.3179   0.2437  -0.8262 
 -1.4395  -0.8726  -1.0288  -0.8931  -0.7285  -0.8936  -1.0537   0.2676   0.2568  -0.9292 
 -1.8096  -0.9771  -0.8711  -0.8740  -0.6147  -0.8872  -0.9668   0.3350   0.2729  -1.0757 
 -2.7451  -0.9648  -0.8433  -0.8613  -0.5005  -0.9180  -1.0137   0.2041   0.2886  -1.0386 
 -5.2104  -0.9531  -0.8320  -0.9063  -0.3740  -0.9600  -1.0659  -0.0264   0.3184  -0.9570 
 -3.9824  -0.9092  -0.7715  -0.8540  -0.2383  -0.9688  -1.0610  -0.2046   0.3311  -0.9600 
 -3.1304  -1.0908  -0.7705  -0.7598  -0.1143  -0.9648  -1.0723  -0.3267   0.3252  -0.9438 
 -2.9888  -1.3945  -0.8574  -0.6421  -0.1816  -0.9946  -1.0151  -0.3145   0.3013  -0.9316 
  1.5117  -1.3369  -0.8984  -0.5957  -0.3081  -1.0430  -0.9722  -0.2383   0.3223  -0.9019 
  4.8379  -0.9097  -0.9238  -0.5967  -0.1724  -1.0581  -0.9917  -0.1333   0.3403  -0.8662 
  1.0273  -0.6870  -0.9297  -0.5557   0.0454  -1.0166  -0.9639  -0.0444   0.3154  -0.8574 
  7.1436  -0.7451  -0.9106  -0.5298   0.0605  -0.9473  -0.9121   0.0283   0.2842  -0.8818 
  0.4492  -0.8701  -0.8999  -0.5117  -0.0063  -0.9238  -0.8696   0.1348   0.3037  -0.8633 
 -3.0698  -0.9507  -0.8901  -0.4648   0.0898  -0.9209  -0.8955   0.2583   0.3296  -0.8223 
 -0.0938  -0.8457  -0.8384  -0.4370   0.2163  -0.8433  -0.9404   0.3862   0.3477  -0.8086 
  0.1191  -0.8516  -0.8345  -0.4023   0.2627  -0.7603  -0.9722   0.5220   0.3608  -0.8237 
  0.1890  -0.9370  -0.8027  -0.4087   0.2490  -0.8081  -0.9712   0.6396   0.3657  -0.8213 
 -0.4619  -0.9814  -0.7124  -0.3691   0.2437  -0.9878  -0.9658   0.7363   0.3706  -0.7568 
 -0.4277  -0.9048  -0.5796  -0.3364   0.2549  -1.1396  -0.9766   0.7861   0.3257  -0.6602 
 -0.7715  -0.8730  -0.4604  -0.3853   0.2524  -1.1450  -0.9702   0.7461   0.2974  -0.5674 
 -1.1758  -0.8926  -0.3457  -0.4785   0.2852  -1.0791  -0.9854   0.7241   0.3105  -0.5068 
 -1.5298  -0.8447  -0.2671  -0.6563   0.3320  -1.0918  -1.0137   0.7407   0.3301  -0.4771 
 -1.4043  -0.8345  -0.2178  -0.8594   0.3555  -1.1577  -1.0513   0.7891   0.3101  -0.3823 
 -1.2393  -0.7852  -0.1860  -0.9863   0.3506  -1.1660  -1.0435   0.7939   0.2349  -0.2227 
 -1.2109  -0.7847  -0.1470  -1.0503   0.3872  -1.0562  -0.9829   0.7583   0.2822  -0.1001 
 -1.1362  -0.8491  -0.1255  -1.0151   0.4277  -0.8745  -0.9619   0.7002   0.2539  -0.0083 
 -1.0132  -0.8745  -0.1753  -0.8960   0.4482  -0.7881  -0.9512   0.6274   0.1953   0.0288 
 -0.9053  -0.8442  -0.3389  -0.7671   0.4536  -0.7822  -0.9063   0.5684   0.1606   0.0488 
 -0.9370  -0.8228  -0.4585  -0.6167   0.4351  -0.7856  -0.8530   0.5410   0.1240   0.0737 
 -0.8950  -0.8135  -0.4907  -0.3584   0.4526  -0.7676  -0.7905   0.5342   0.0913   0.0884 
 -0.8892  -0.8491  -0.5244  -0.2271   0.4746  -0.7300  -0.7051   0.5303   0.0371   0.0308 
 -0.8823  -0.8862  -0.6592  -0.3384   0.4229  -0.7085  -0.5566   0.5400   0.0161  -0.1025 
 -0.8950  -0.8926  -0.8125  -0.4492   0.3867  -0.6479  -0.4189   0.5552   0.0273  -0.2080 
 -0.8560  -0.9746  -0.8774  -0.3452   0.3672  -0.5723  -0.3506   0.5396   0.0688  -0.1680 
 -0.8428  -1.2324  -0.9639  -0.2241   0.3623  -0.5732  -0.3350   0.5127   0.1035  -0.1392 
 -0.8418  -1.2329  -0.9541  -0.1709   0.3511  -0.5942  -0.3213   0.4854   0.1372  -0.1772 
 -0.8369  -0.8818  -0.7593  -0.0747   0.3237  -0.4321  -0.2300   0.4878   0.1792  -0.0366 
 -0.8403  -0.6401  -0.6748   0.0850   0.2974  -0.2495  -0.1479   0.4888   0.2036   0.1460 
 -0.8457  -0.5024  -0.7480   0.2871   0.2993  -0.1479  -0.1636   0.4819   0.1650   0.2046 
 -0.8525  -0.5298  -0.5859   0.3628   0.3037  -0.1968  -0.2251   0.4653   0.1260   0.2402 
 -0.8408  -0.5723  -0.2637   0.4380   0.2974  -0.2964  -0.2393   0.4414   0.0000   0.1353 
 -0.8936  -0.4331  -0.1997   0.5425   0.2930  -0.3521  -0.1836   0.3960   0.0000   0.0664 
 -0.8970  -0.2764  -0.3208   0.7373   0.2896  -0.3291  -0.2456   0.3491   0.0000   0.1108 
 -0.8564  -0.2080  -0.3379   0.6533   0.2754  -0.3135  -0.4565   0.3130   0.0000   0.2061 
 -0.8979  -0.2173  -0.1704   0.5464   0.2607  -0.3223  -0.6211   0.3076   0.0000   0.1914 
 -0.8657  -0.2446  -0.0078   0.4839   0.2383  -0.3208  -0.6821   0.3413   0.0000   0.0664 
 -0.8530  -0.2495   0.0254   0.4521   0.2275  -0.3979  -0.9355   0.3813   0.0000  -0.0522 
 -0.8564  -0.2407   0.0054   0.2461   0.2417  -0.5352  -1.2568   0.4082   0.0000  -0.0771 
 -0.8540  -0.2524   0.0762   0.2637   0.2554  -0.5889  -1.1128   0.4390   0.0000   0.0269 
 -0.9165  -0.3286   0.1450   0.3521   0.2573  -0.6338  -0.7412   0.4805   0.0000   0.1597 
 -0.8730  -0.4761   0.1812   0.2612   0.2744  -0.7041  -0.6094   0.5049   0.0000   0.2246 
 -0.8496  -0.6304   0.1821   0.2920   0.2656  -0.6733  -0.6860   0.5303   0.0000   0.2402 
 -0.8911  -0.6577   0.1514   0.4224   0.2441  -0.5571  -0.5142   0.0000   0.0000   0.2827 
 -0.8931  -0.7451   0.1836   0.4888   0.2422  -0.6079  -0.2124   0.0000   0.0000   0.3647 
 -0.8896  -0.9189   0.2271   0.4390   0.2690  -0.6851  -0.2300   0.0000   0.0000   0.4644 
 -0.9224  -0.8857   0.2725   0.3105   0.2705  -0.5674  -0.4360   0.0000   0.0000   0.5635 
 -0.9219  -0.6143   0.3066   0.3286   0.2622  -0.5552  -0.3198   0.0000   0.0000   0.6475 
 -0.8730  -0.4780   0.3374   0.3457   0.2573  -0.6382  -0.0649   0.0000   0.0000   0.6978 
 -0.8442  -0.5098   0.3462   0.2715   0.0000  -0.4570   0.0645   0.0000   0.0000   0.7271 
 -0.8506  -0.2397   0.3330   0.1484   0.0000  -0.3755   0.1045   0.0000   0.0000   0.7349 
 -0.8433   0.0088   0.0000   0.0591   0.0000  -0.5503   0.1792   0.0000   0.0000   0.7319 
 -0.8745  -0.1582   0.0000   0.2832   0.0000  -0.6187   0.3105   0.0000   0.0000   0.6812 
 -0.8652  -0.3652   0.0000  -0.0020   0.0000  -0.5303   0.3726   0.0000   0.0000   0.6147 
 -0.8784  -0.0962   0.0000  -0.1016   0.0000  -0.4370   0.2720   0.0000   0.0000   0.5996 
 -0.8462   0.2529   0.0000   0.1113   0.0000  -0.3721   0.1694   0.0000   0.0000   0.6099 
 -0.8423   0.3262   0.0000   0.2378   0.0000  -0.2646   0.1196   0.0000   0.0000   0.5864 
 -0.8496   0.2300   0.0000  -0.0732   0.0000  -0.1353   0.1973   0.0000   0.0000   0.5415 
 -0.8833   0.2378   0.0000  -0.1841   0.0000  -0.0483   0.2905   0.0000   0.0000   0.4961 
 -0.8716   0.3677   0.0000  -0.1440   0.0000   0.0439   0.3442   0.0000   0.0000   0.4761 
 -0.8340   0.4053   0.0000  -0.1802   0.0000   0.1680   0.3364   0.0000   0.0000   0.4644 
 -0.8179   0.3315   0.0000  -0.2256   0.0000   0.1860   0.3193   0.0000   0.0000   0.4512 
 -0.8145   0.2910   0.0000  -0.1855   0.0000   0.2046   0.3306   0.0000   0.0000   0.4067 
 -0.8232   0.3198   0.0000  -0.1802   0.0000   0.2021   0.3652   0.0000   0.0000   0.3477 
 -0.7983   0.3848   0.0000  -0.1411   0.0000   0.1646   0.4004   0.0000   0.0000   0.3052 
 -0.7378   0.4214   0.0000  -0.3071   0.0000   0.1621   0.4497   0.0000   0.0000   0.2700 
 -0.6797   0.4136   0.0000  -0.1797   0.0000   0.2012   0.4971   0.0000   0.0000   0.2559 
 -0.5728   0.4048   0.0000  -0.3013   0.0000   0.2446   0.5229   0.0000   0.0000   0.2671 
 -0.4180   0.4043   0.0000   0.0000   0.0000   0.2153   0.5498   0.0000   0.0000   0.2686 
 -0.3374   0.3940   0.0000   0.0000   0.0000   0.1934   0.5757   0.0000   0.0000   0.2456 
 -0.3643   0.3823   0.0000   0.0000   0.0000   0.2344   0.5898   0.0000   0.0000   0.2534 
 -0.2930   0.3779   0.0000   0.0000   0.0000   0.2969   0.5640   0.0000   0.0000   0.2642 
 -0.1763   0.3794   0.0000   0.0000   0.0000   0.2827   0.5298   0.0000   0.0000   0.2842 
 -0.0952   0.3931   0.0000   0.0000   0.0000   0.2832   0.5010   0.0000   0.0000   0.3037 
 -0.0928   0.3984   0.0000   0.0000   0.0000   0.2510   0.4814   0.0000   0.0000   0.2959 
 -0.0742   0.4116   0.0000   0.0000   0.0000   0.2451   0.4575   0.0000   0.0000   0.2646 
  0.0190   0.4028   0.0000   0.0000   0.0000   0.2441   0.4556   0.0000   0.0000   0.2314 
  0.0625   0.4019   0.0000   0.0000   0.0000   0.2847   0.4736   0.0000   0.0000   0.2041 
 -0.0137   0.3779   0.0000   0.0000   0.0000   0.3008   0.4761   0.0000   0.0000   0.2046 
 -0.0522   0.0000   0.0000   0.0000   0.0000   0.1890   0.4321   0.0000   0.0000   0.2163 
 -0.0317   0.0000   0.0000   0.0000   0.0000   0.1675   0.4448   0.0000   0.0000   0.2222 
 -0.0708   0.0000   0.0000   0.0000   0.0000   0.0000   0.4277   0.0000   0.0000   0.2349 
 -0.1265   0.0000   0.0000   0.0000   0.0000   0.0000   0.4063   0.0000   0.0000   0.2490 
  0.0991   0.0000   0.0000   0.0000   0.0000   0.0000   0.3955   0.0000   0.0000   0.2617 
  0.5532   0.0000   0.0000   0.0000   0.0000   0.0000   0.3745   0.0000   0.0000   0.2534 
  0.8252   0.0000   0.0000   0.0000   0.0000   0.0000   0.3687   0.0000   0.0000   0.2651 
  0.8472   0.0000   0.0000   0.0000   0.0000   0.0000   0.3472   0.0000   0.0000   0.2788 
  1.0142   0.0000   0.0000   0.0000   0.0000   0.0000   0.3267   0.0000   0.0000   0.2954 
  1.1294   0.0000   0.0000   0.0000   0.0000   0.0000   0.3267   0.0000   0.0000   0.3174 
  0.8906   0.0000   0.0000   0.0000   0.0000   0.0000   0.0000   0.0000   0.0000   0.3042 
  0.9390   0.0000   0.0000   0.0000   0.0000   0.0000   0.0000   0.0000   0.0000   0.2842 
  1.1733   0.0000   0.0000   0.0000   0.0000   0.0000   0.0000   0.0000   0.0000   0.2988 
  1.1079   0.0000   0.0000   0.0000   0.0000   0.0000   0.0000   0.0000   0.0000   0.3252 
  1.0210   0.0000   0.0000   0.0000   0.0000   0.0000   0.0000   0.0000   0.0000   0.3350 
  1.0698   0.0000   0.0000   0.0000   0.0000   0.0000   0.0000   0.0000   0.0000   0.3379 
  1.0454   0.0000   0.0000   0.0000   0.0000   0.0000   0.0000   0.0000   0.0000   0.3516 
  0.9126   0.0000   0.0000   0.0000   0.0000   0.0000   0.0000   0.0000   0.0000   0.3521 
  0.7837   0.0000   0.0000   0.0000   0.0000   0.0000   0.0000   0.0000   0.0000   0.3564 
  0.7173   0.0000   0.0000   0.0000   0.0000   0.0000   0.0000   0.0000   0.0000   0.3506 
  0.7026   0.0000   0.0000   0.0000   0.0000   0.0000   0.0000   0.0000   0.0000   0.3574 
  0.6880   0.0000   0.0000   0.0000   0.0000   0.0000   0.0000   0.0000   0.0000   0.3618 
  0.6929   0.0000   0.0000   0.0000   0.0000   0.0000   0.0000   0.0000   0.0000   0.3682 
  0.7129   0.0000   0.0000   0.0000   0.0000   0.0000   0.0000   0.0000   0.0000   0.3755 
  0.0000   0.0000   0.0000   0.0000   0.0000   0.0000   0.0000   0.0000   0.0000   0.3574 
  0.0000   0.0000   0.0000   0.0000   0.0000   0.0000   0.0000   0.0000   0.0000   0.3535 
  0.0000   0.0000   0.0000   0.0000   0.0000   0.0000   0.0000   0.0000   0.0000   0.3706 
  0.0000   0.0000   0.0000   0.0000   0.0000   0.0000   0.0000   0.0000   0.0000   0.3745 
  0.0000   0.0000   0.0000   0.0000   0.0000   0.0000   0.0000   0.0000   0.0000   0.3809 
  0.0000   0.0000   0.0000   0.0000   0.0000   0.0000   0.0000   0.0000   0.0000   0.3911 
  0.0000   0.0000   0.0000   0.0000   0.0000   0.0000   0.0000   0.0000   0.0000   0.3984 
  0.0000   0.0000   0.0000   0.0000   0.0000   0.0000   0.0000   0.0000   0.0000   0.0000 
  0.0000   0.0000   0.0000   0.0000   0.0000   0.0000   0.0000   0.0000   0.0000   0.0000 
  0.0000   0.0000   0.0000   0.0000   0.0000   0.0000   0.0000   0.0000   0.0000   0.0000 
  0.0000   0.0000   0.0000   0.0000   0.0000   0.0000   0.0000   0.0000   0.0000   0.0000 
  0.0000   0.0000   0.0000   0.0000   0.0000   0.0000   0.0000   0.0000   0.0000   0.0000 
  0.0000   0.0000   0.0000   0.0000   0.0000   0.0000   0.0000   0.0000   0.0000   0.0000 
  0.0000   0.0000   0.0000   0.0000   0.0000   0.0000   0.0000   0.0000   0.0000   0.0000 
  0.0000   0.0000   0.0000   0.0000   0.0000   0.0000   0.0000   0.0000   0.0000   0.0000 
  0.0000   0.0000   0.0000   0.0000   0.0000   0.0000   0.0000   0.0000   0.0000   0.0000 
  0.0000   0.0000   0.0000   0.0000   0.0000   0.0000   0.0000   0.0000   0.0000   0.0000 
  0.0000   0.0000   0.0000   0.0000   0.0000   0.0000   0.0000   0.0000   0.0000   0.0000 
  0.0000   0.0000   0.0000   0.0000   0.0000   0.0000   0.0000   0.0000   0.0000   0.0000 
  0.0000   0.0000   0.0000   0.0000   0.0000   0.0000   0.0000   0.0000   0.0000   0.0000 
  0.0000   0.0000   0.0000   0.0000   0.0000   0.0000   0.0000   0.0000   0.0000   0.0000 
  0.0000   0.0000   0.0000   0.0000   0.0000   0.0000   0.0000   0.0000   0.0000   0.0000 
  0.0000   0.0000   0.0000   0.0000   0.0000   0.0000   0.0000   0.0000   0.0000   0.0000 
  0.0000   0.0000   0.0000   0.0000   0.0000   0.0000   0.0000   0.0000   0.0000   0.0000 
  0.0000   0.0000   0.0000   0.0000   0.0000   0.0000   0.0000   0.0000   0.0000   0.0000 
  0.0000   0.0000   0.0000   0.0000   0.0000   0.0000   0.0000   0.0000   0.0000   0.0000 
  0.0000   0.0000   0.0000   0.0000   0.0000   0.0000   0.0000   0.0000   0.0000   0.0000 
  0.0000   0.0000   0.0000   0.0000   0.0000   0.0000   0.0000   0.0000   0.0000   0.0000 
  0.0000   0.0000   0.0000   0.0000   0.0000   0.0000   0.0000   0.0000   0.0000   0.0000 
  0.0000   0.0000   0.0000   0.0000   0.0000   0.0000   0.0000   0.0000   0.0000   0.0000 
  0.0000   0.0000   0.0000   0.0000   0.0000   0.0000   0.0000   0.0000   0.0000   0.0000 
  0.0000   0.0000   0.0000   0.0000   0.0000   0.0000   0.0000   0.0000   0.0000   0.0000 
  0.0000   0.0000   0.0000   0.0000   0.0000   0.0000   0.0000   0.0000   0.0000   0.0000 
  0.0000   0.0000   0.0000   0.0000   0.0000   0.0000   0.0000   0.0000   0.0000   0.0000 
  0.0000   0.0000   0.0000   0.0000   0.0000   0.0000   0.0000   0.0000   0.0000   0.0000 
  0.0000   0.0000   0.0000   0.0000   0.0000   0.0000   0.0000   0.0000   0.0000   0.0000 
  0.0000   0.0000   0.0000   0.0000   0.0000   0.0000   0.0000   0.0000   0.0000   0.0000 
  0.0000   0.0000   0.0000   0.0000   0.0000   0.0000   0.0000   0.0000   0.0000   0.0000 
  0.0000   0.0000   0.0000   0.0000   0.0000   0.0000   0.0000   0.0000   0.0000   0.0000 
  0.0000   0.0000   0.0000   0.0000   0.0000   0.0000   0.0000   0.0000   0.0000   0.0000 
  0.0000   0.0000   0.0000   0.0000   0.0000   0.0000   0.0000   0.0000   0.0000   0.0000 
  0.0000   0.0000   0.0000   0.0000   0.0000   0.0000   0.0000   0.0000   0.0000   0.0000 
  0.0000   0.0000   0.0000   0.0000   0.0000   0.0000   0.0000   0.0000   0.0000   0.0000 
  0.0000   0.0000   0.0000   0.0000   0.0000   0.0000   0.0000   0.0000   0.0000   0.0000 
  0.0000   0.0000   0.0000   0.0000   0.0000   0.0000   0.0000   0.0000   0.0000   0.0000 
  0.0000   0.0000   0.0000   0.0000   0.0000   0.0000   0.0000   0.0000   0.0000   0.0000 
  0.0000   0.0000   0.0000   0.0000   0.0000   0.0000   0.0000   0.0000   0.0000   0.0000 
  0.0000   0.0000   0.0000   0.0000   0.0000   0.0000   0.0000   0.0000   0.0000   0.0000 
  0.0000   0.0000   0.0000   0.0000   0.0000   0.0000   0.0000   0.0000   0.0000   0.0000 
  0.0000   0.0000   0.0000   0.0000   0.0000   0.0000   0.0000   0.0000   0.0000   0.0000 
  0.0000   0.0000   0.0000   0.0000   0.0000   0.0000   0.0000   0.0000   0.0000   0.0000 
  0.0000   0.0000   0.0000   0.0000   0.0000   0.0000   0.0000   0.0000   0.0000   0.0000 
  0.0000   0.0000   0.0000   0.0000   0.0000   0.0000   0.0000   0.0000   0.0000   0.0000 
  0.0000   0.0000   0.0000   0.0000   0.0000   0.0000   0.0000   0.0000   0.0000   0.0000 
  0.0000   0.0000   0.0000   0.0000   0.0000   0.0000   0.0000   0.0000   0.0000   0.0000 
  0.0000   0.0000   0.0000   0.0000   0.0000   0.0000   0.0000   0.0000   0.0000   0.0000 
  0.0000   0.0000   0.0000   0.0000   0.0000   0.0000   0.0000   0.0000   0.0000   0.0000 
  0.0000   0.0000   0.0000   0.0000   0.0000   0.0000   0.0000   0.0000   0.0000   0.0000 
  0.0000   0.0000   0.0000   0.0000   0.0000   0.0000   0.0000   0.0000   0.0000   0.0000 
  0.0000   0.0000   0.0000   0.0000   0.0000   0.0000   0.0000   0.0000   0.0000   0.0000 
  0.0000   0.0000   0.0000   0.0000   0.0000   0.0000   0.0000   0.0000   0.0000   0.0000 
  0.0000   0.0000   0.0000   0.0000   0.0000   0.0000   0.0000   0.0000   0.0000   0.0000 
  0.0000   0.0000   0.0000   0.0000   0.0000   0.0000   0.0000   0.0000   0.0000   0.0000 
  0.0000   0.0000   0.0000   0.0000   0.0000   0.0000   0.0000   0.0000   0.0000   0.0000 
  0.0000   0.0000   0.0000   0.0000   0.0000   0.0000   0.0000   0.0000   0.0000   0.0000 
  0.0000   0.0000   0.0000   0.0000   0.0000   0.0000   0.0000   0.0000   0.0000   0.0000 
  0.0000   0.0000   0.0000   0.0000   0.0000   0.0000   0.0000   0.0000   0.0000   0.0000 
  0.0000   0.0000   0.0000   0.0000   0.0000   0.0000   0.0000   0.0000   0.0000   0.0000 
  0.0000   0.0000   0.0000   0.0000   0.0000   0.0000   0.0000   0.0000   0.0000   0.0000 
  0.0000   0.0000   0.0000   0.0000   0.0000   0.0000   0.0000   0.0000   0.0000   0.0000 
  0.0000   0.0000   0.0000   0.0000   0.0000   0.0000   0.0000   0.0000   0.0000   0.0000 
  0.0000   0.0000   0.0000   0.0000   0.0000   0.0000   0.0000   0.0000   0.0000   0.0000 
  0.0000   0.0000   0.0000   0.0000   0.0000   0.0000   0.0000   0.0000   0.0000   0.0000 
  0.0000   0.0000   0.0000   0.0000   0.0000   0.0000   0.0000   0.0000   0.0000   0.0000 
  0.0000   0.0000   0.0000   0.0000   0.0000   0.0000   0.0000   0.0000   0.0000   0.0000 
  0.0000   0.0000   0.0000   0.0000   0.0000   0.0000   0.0000   0.0000   0.0000   0.0000 
  0.0000   0.0000   0.0000   0.0000   0.0000   0.0000   0.0000   0.0000   0.0000   0.0000 
  0.0000   0.0000   0.0000   0.0000   0.0000   0.0000   0.0000   0.0000   0.0000   0.0000 
  0.0000   0.0000   0.0000   0.0000   0.0000   0.0000   0.0000   0.0000   0.0000   0.0000 
  0.0000   0.0000   0.0000   0.0000   0.0000   0.0000   0.0000   0.0000   0.0000   0.0000 
  0.0000   0.0000   0.0000   0.0000   0.0000   0.0000   0.0000   0.0000   0.0000   0.0000 
  0.0000   0.0000   0.0000   0.0000   0.0000   0.0000   0.0000   0.0000   0.0000   0.0000 
  0.0000   0.0000   0.0000   0.0000   0.0000   0.0000   0.0000   0.0000   0.0000   0.0000 
  0.0000   0.0000   0.0000   0.0000   0.0000   0.0000   0.0000   0.0000   0.0000   0.0000 
  0.0000   0.0000   0.0000   0.0000   0.0000   0.0000   0.0000   0.0000   0.0000   0.0000 
  0.0000   0.0000   0.0000   0.0000   0.0000   0.0000   0.0000   0.0000   0.0000   0.0000 
  0.0000   0.0000   0.0000   0.0000   0.0000   0.0000   0.0000   0.0000   0.0000   0.0000 
  0.0000   0.0000   0.0000   0.0000   0.0000   0.0000   0.0000   0.0000   0.0000   0.0000 
  0.0000   0.0000   0.0000   0.0000   0.0000   0.0000   0.0000   0.0000   0.0000   0.0000 
  0.0000   0.0000   0.0000   0.0000   0.0000   0.0000   0.0000   0.0000   0.0000   0.0000 
  0.0000   0.0000   0.0000   0.0000   0.0000   0.0000   0.0000   0.0000   0.0000   0.0000 
  0.0000   0.0000   0.0000   0.0000   0.0000   0.0000   0.0000   0.0000   0.0000   0.0000 
  0.0000   0.0000   0.0000   0.0000   0.0000   0.0000   0.0000   0.0000   0.0000   0.0000 
  0.0000   0.0000   0.0000   0.0000   0.0000   0.0000   0.0000   0.0000   0.0000   0.0000 
  0.0000   0.0000   0.0000   0.0000   0.0000   0.0000   0.0000   0.0000   0.0000   0.0000 
  0.0000   0.0000   0.0000   0.0000   0.0000   0.0000   0.0000   0.0000   0.0000   0.0000 
  0.0000   0.0000   0.0000   0.0000   0.0000   0.0000   0.0000   0.0000   0.0000   0.0000 
  0.0000   0.0000   0.0000   0.0000   0.0000   0.0000   0.0000   0.0000   0.0000   0.0000 
  0.0000   0.0000   0.0000   0.0000   0.0000   0.0000   0.0000   0.0000   0.0000   0.0000 
  0.0000   0.0000   0.0000   0.0000   0.0000   0.0000   0.0000   0.0000   0.0000   0.0000 
  0.0000   0.0000   0.0000   0.0000   0.0000   0.0000   0.0000   0.0000   0.0000   0.0000 
  0.0000   0.0000   0.0000   0.0000   0.0000   0.0000   0.0000   0.0000   0.0000   0.0000 
  0.0000   0.0000   0.0000   0.0000   0.0000   0.0000   0.0000   0.0000   0.0000   0.0000 
  0.0000   0.0000   0.0000   0.0000   0.0000   0.0000   0.0000   0.0000   0.0000   0.0000 
  0.0000   0.0000   0.0000   0.0000   0.0000   0.0000   0.0000   0.0000   0.0000   0.0000 
  0.0000   0.0000   0.0000   0.0000   0.0000   0.0000   0.0000   0.0000   0.0000   0.0000 
  0.0000   0.0000   0.0000   0.0000   0.0000   0.0000   0.0000   0.0000   0.0000   0.0000 
  0.0000   0.0000   0.0000   0.0000   0.0000   0.0000   0.0000   0.0000   0.0000   0.0000 
  0.0000   0.0000   0.0000   0.0000   0.0000   0.0000   0.0000   0.0000   0.0000   0.0000 
  0.0000   0.0000   0.0000   0.0000   0.0000   0.0000   0.0000   0.0000   0.0000   0.0000 
  0.0000   0.0000   0.0000   0.0000   0.0000   0.0000   0.0000   0.0000   0.0000   0.0000 
  0.0000   0.0000   0.0000   0.0000   0.0000   0.0000   0.0000   0.0000   0.0000   0.0000 
  0.0000   0.0000   0.0000   0.0000   0.0000   0.0000   0.0000   0.0000   0.0000   0.0000 
  0.0000   0.0000   0.0000   0.0000   0.0000   0.0000   0.0000   0.0000   0.0000   0.0000 
  0.0000   0.0000   0.0000   0.0000   0.0000   0.0000   0.0000   0.0000   0.0000   0.0000 
  0.0000   0.0000   0.0000   0.0000   0.0000   0.0000   0.0000   0.0000   0.0000   0.0000 
  0.0000   0.0000   0.0000   0.0000   0.0000   0.0000   0.0000   0.0000   0.0000   0.0000 
  0.0000   0.0000   0.0000   0.0000   0.0000   0.0000   0.0000   0.0000   0.0000   0.0000 
  0.0000   0.0000   0.0000   0.0000   0.0000   0.0000   0.0000   0.0000   0.0000   0.0000 
  0.0000   0.0000   0.0000   0.0000   0.0000   0.0000   0.0000   0.0000   0.0000   0.0000 
  0.0000   0.0000   0.0000   0.0000   0.0000   0.0000   0.0000   0.0000   0.0000   0.0000 
  0.0000   0.0000   0.0000   0.0000   0.0000   0.0000   0.0000   0.0000   0.0000   0.0000 
  0.0000   0.0000   0.0000   0.0000   0.0000   0.0000   0.0000   0.0000   0.0000   0.0000 
  0.0000   0.0000   0.0000   0.0000   0.0000   0.0000   0.0000   0.0000   0.0000   0.0000 
  0.0000   0.0000   0.0000   0.0000   0.0000   0.0000   0.0000   0.0000   0.0000   0.0000 
  0.0000   0.0000   0.0000   0.0000   0.0000   0.0000   0.0000   0.0000   0.0000   0.0000 
  0.0000   0.0000   0.0000   0.0000   0.0000   0.0000   0.0000   0.0000   0.0000   0.0000 
  0.0000   0.0000   0.0000   0.0000   0.0000   0.0000   0.0000   0.0000   0.0000   0.0000 
  0.0000   0.0000   0.0000   0.0000   0.0000   0.0000   0.0000   0.0000   0.0000   0.0000 
  0.0000   0.0000   0.0000   0.0000   0.0000   0.0000   0.0000   0.0000   0.0000   0.0000 
  0.0000   0.0000   0.0000   0.0000   0.0000   0.0000   0.0000   0.0000   0.0000   0.0000 
  0.0000   0.0000   0.0000   0.0000   0.0000   0.0000   0.0000   0.0000   0.0000   0.0000 
  0.0000   0.0000   0.0000   0.0000   0.0000   0.0000   0.0000   0.0000   0.0000   0.0000 
  0.0000   0.0000   0.0000   0.0000   0.0000   0.0000   0.0000   0.0000   0.0000   0.0000 
  0.0000   0.0000   0.0000   0.0000   0.0000   0.0000   0.0000   0.0000   0.0000   0.0000 
  0.0000   0.0000   0.0000   0.0000   0.0000   0.0000   0.0000   0.0000   0.0000   0.0000 
  0.0000   0.0000   0.0000   0.0000   0.0000   0.0000   0.0000   0.0000   0.0000   0.0000 
  0.0000   0.0000   0.0000   0.0000   0.0000   0.0000   0.0000   0.0000   0.0000   0.0000 
  0.0000   0.0000   0.0000   0.0000   0.0000   0.0000   0.0000   0.0000   0.0000   0.0000 
  0.0000   0.0000   0.0000   0.0000   0.0000   0.0000   0.0000   0.0000   0.0000   0.0000 
  0.0000   0.0000   0.0000   0.0000   0.0000   0.0000   0.0000   0.0000   0.0000   0.0000 
  0.0000   0.0000   0.0000   0.0000   0.0000   0.0000   0.0000   0.0000   0.0000   0.0000 
  0.0000   0.0000   0.0000   0.0000   0.0000   0.0000   0.0000   0.0000   0.0000   0.0000 
  0.0000   0.0000   0.0000   0.0000   0.0000   0.0000   0.0000   0.0000   0.0000   0.0000 
  0.0000   0.0000   0.0000   0.0000   0.0000   0.0000   0.0000   0.0000   0.0000   0.0000 
  0.0000   0.0000   0.0000   0.0000   0.0000   0.0000   0.0000   0.0000   0.0000   0.0000 
  0.0000   0.0000   0.0000   0.0000   0.0000   0.0000   0.0000   0.0000   0.0000   0.0000 
  0.0000   0.0000   0.0000   0.0000   0.0000   0.0000   0.0000   0.0000   0.0000   0.0000 
  0.0000   0.0000   0.0000   0.0000   0.0000   0.0000   0.0000   0.0000   0.0000   0.0000 
  0.0000   0.0000   0.0000   0.0000   0.0000   0.0000   0.0000   0.0000   0.0000   0.0000 
  0.0000   0.0000   0.0000   0.0000   0.0000   0.0000   0.0000   0.0000   0.0000   0.0000 
  0.0000   0.0000   0.0000   0.0000   0.0000   0.0000   0.0000   0.0000   0.0000   0.0000 
  0.0000   0.0000   0.0000   0.0000   0.0000   0.0000   0.0000   0.0000   0.0000   0.0000 
  0.0000   0.0000   0.0000   0.0000   0.0000   0.0000   0.0000   0.0000   0.0000   0.0000 
  0.0000   0.0000   0.0000   0.0000   0.0000   0.0000   0.0000   0.0000   0.0000   0.0000 
  0.0000   0.0000   0.0000   0.0000   0.0000   0.0000   0.0000   0.0000   0.0000   0.0000 
  0.0000   0.0000   0.0000   0.0000   0.0000   0.0000   0.0000   0.0000   0.0000   0.0000 
  0.0000   0.0000   0.0000   0.0000   0.0000   0.0000   0.0000   0.0000   0.0000   0.0000 
  0.0000   0.0000   0.0000   0.0000   0.0000   0.0000   0.0000   0.0000   0.0000   0.0000 
  0.0000   0.0000   0.0000   0.0000   0.0000   0.0000   0.0000   0.0000   0.0000   0.0000 
  0.0000   0.0000   0.0000   0.0000   0.0000   0.0000   0.0000   0.0000   0.0000   0.0000 
  0.0000   0.0000   0.0000   0.0000   0.0000   0.0000   0.0000   0.0000   0.0000   0.0000 
  0.0000   0.0000   0.0000   0.0000   0.0000   0.0000   0.0000   0.0000   0.0000   0.0000 
  0.0000   0.0000   0.0000   0.0000   0.0000   0.0000   0.0000   0.0000   0.0000   0.0000 
  0.0000   0.0000   0.0000   0.0000   0.0000   0.0000   0.0000   0.0000   0.0000   0.0000 
  0.0000   0.0000   0.0000   0.0000   0.0000   0.0000   0.0000   0.0000   0.0000   0.0000 
  0.0000   0.0000   0.0000   0.0000   0.0000   0.0000   0.0000   0.0000   0.0000   0.0000 
  0.0000   0.0000   0.0000   0.0000   0.0000   0.0000   0.0000   0.0000   0.0000   0.0000 
  0.0000   0.0000   0.0000   0.0000   0.0000   0.0000   0.0000   0.0000   0.0000   0.0000 
  0.0000   0.0000   0.0000   0.0000   0.0000   0.0000   0.0000   0.0000   0.0000   0.0000 
  0.0000   0.0000   0.0000   0.0000   0.0000   0.0000   0.0000   0.0000   0.0000   0.0000 
  0.0000   0.0000   0.0000   0.0000   0.0000   0.0000   0.0000   0.0000   0.0000   0.0000 
  0.0000   0.0000   0.0000   0.0000   0.0000   0.0000   0.0000   0.0000   0.0000   0.0000 
  0.0000   0.0000   0.0000   0.0000   0.0000   0.0000   0.0000   0.0000   0.0000   0.0000 
  0.0000   0.0000   0.0000   0.0000   0.0000   0.0000   0.0000   0.0000   0.0000   0.0000 
  0.0000   0.0000   0.0000   0.0000   0.0000   0.0000   0.0000   0.0000   0.0000   0.0000 
  0.0000   0.0000   0.0000   0.0000   0.0000   0.0000   0.0000   0.0000   0.0000   0.0000 
  0.0000   0.0000   0.0000   0.0000   0.0000   0.0000   0.0000   0.0000   0.0000   0.0000 
  0.0000   0.0000   0.0000   0.0000   0.0000   0.0000   0.0000   0.0000   0.0000   0.0000 
  0.0000   0.0000   0.0000   0.0000   0.0000   0.0000   0.0000   0.0000   0.0000   0.0000 
  0.0000   0.0000   0.0000   0.0000   0.0000   0.0000   0.0000   0.0000   0.0000   0.0000 
  0.0000   0.0000   0.0000   0.0000   0.0000   0.0000   0.0000   0.0000   0.0000   0.0000 
  0.0000   0.0000   0.0000   0.0000   0.0000   0.0000   0.0000   0.0000   0.0000   0.0000 
  0.0000   0.0000   0.0000   0.0000   0.0000   0.0000   0.0000   0.0000   0.0000   0.0000 
  0.0000   0.0000   0.0000   0.0000   0.0000   0.0000   0.0000   0.0000   0.0000   0.0000 
  0.0000   0.0000   0.0000   0.0000   0.0000   0.0000   0.0000   0.0000   0.0000   0.0000 
  0.0000   0.0000   0.0000   0.0000   0.0000   0.0000   0.0000   0.0000   0.0000   0.0000 
  0.0000   0.0000   0.0000   0.0000   0.0000   0.0000   0.0000   0.0000   0.0000   0.0000 
  0.0000   0.0000   0.0000   0.0000   0.0000   0.0000   0.0000   0.0000   0.0000   0.0000 
  0.0000   0.0000   0.0000   0.0000   0.0000   0.0000   0.0000   0.0000   0.0000   0.0000 
  0.0000   0.0000   0.0000   0.0000   0.0000   0.0000   0.0000   0.0000   0.0000   0.0000 
  0.0000   0.0000   0.0000   0.0000   0.0000   0.0000   0.0000   0.0000   0.0000   0.0000 
  0.0000   0.0000   0.0000   0.0000   0.0000   0.0000   0.0000   0.0000   0.0000   0.0000 
  0.0000   0.0000   0.0000   0.0000   0.0000   0.0000   0.0000   0.0000   0.0000   0.0000 
  0.0000   0.0000   0.0000   0.0000   0.0000   0.0000   0.0000   0.0000   0.0000   0.0000 
  0.0000   0.0000   0.0000   0.0000   0.0000   0.0000   0.0000   0.0000   0.0000   0.0000 
  0.0000   0.0000   0.0000   0.0000   0.0000   0.0000   0.0000   0.0000   0.0000   0.0000 
  0.0000   0.0000   0.0000   0.0000   0.0000   0.0000   0.0000   0.0000   0.0000   0.0000 
  0.0000   0.0000   0.0000   0.0000   0.0000   0.0000   0.0000   0.0000   0.0000   0.0000 
  0.0000   0.0000   0.0000   0.0000   0.0000   0.0000   0.0000   0.0000   0.0000   0.0000 
  0.0000   0.0000   0.0000   0.0000   0.0000   0.0000   0.0000   0.0000   0.0000   0.0000 
  0.0000   0.0000   0.0000   0.0000   0.0000   0.0000   0.0000   0.0000   0.0000   0.0000 
  0.0000   0.0000   0.0000   0.0000   0.0000   0.0000   0.0000   0.0000   0.0000   0.0000 
  0.0000   0.0000   0.0000   0.0000   0.0000   0.0000   0.0000   0.0000   0.0000   0.0000 
  0.0000   0.0000   0.0000   0.0000   0.0000   0.0000   0.0000   0.0000   0.0000   0.0000 
  0.0000   0.0000   0.0000   0.0000   0.0000   0.0000   0.0000   0.0000   0.0000   0.0000 
  0.0000   0.0000   0.0000   0.0000   0.0000   0.0000   0.0000   0.0000   0.0000   0.0000 
  0.0000   0.0000   0.0000   0.0000   0.0000   0.0000   0.0000   0.0000   0.0000   0.0000 
  0.0000   0.0000   0.0000   0.0000   0.0000   0.0000   0.0000   0.0000   0.0000   0.0000 
  0.0000   0.0000   0.0000   0.0000   0.0000   0.0000   0.0000   0.0000   0.0000   0.0000 
  0.0000   0.0000   0.0000   0.0000   0.0000   0.0000   0.0000   0.0000   0.0000   0.0000 
  0.0000   0.0000   0.0000   0.0000   0.0000   0.0000   0.0000   0.0000   0.0000   0.0000 
  0.0000   0.0000   0.0000   0.0000   0.0000   0.0000   0.0000   0.0000   0.0000   0.0000 
  0.0000   0.0000   0.0000   0.0000   0.0000   0.0000   0.0000   0.0000   0.0000   0.0000 
  0.0000   0.0000   0.0000   0.0000   0.0000   0.0000   0.0000   0.0000   0.0000   0.0000 
  0.0000   0.0000   0.0000   0.0000   0.0000   0.0000   0.0000   0.0000   0.0000   0.0000 
  0.0000   0.0000   0.0000   0.0000   0.0000   0.0000   0.0000   0.0000   0.0000   0.0000 
  0.0000   0.0000   0.0000   0.0000   0.0000   0.0000   0.0000   0.0000   0.0000   0.0000 
  0.0000   0.0000   0.0000   0.0000   0.0000   0.0000   0.0000   0.0000   0.0000   0.0000 
  0.0000   0.0000   0.0000   0.0000   0.0000   0.0000   0.0000   0.0000   0.0000   0.0000 
  0.0000   0.0000   0.0000   0.0000   0.0000   0.0000   0.0000   0.0000   0.0000   0.0000 
  0.0000   0.0000   0.0000   0.0000   0.0000   0.0000   0.0000   0.0000   0.0000   0.0000 
  0.0000   0.0000   0.0000   0.0000   0.0000   0.0000   0.0000   0.0000   0.0000   0.0000 
  0.0000   0.0000   0.0000   0.0000   0.0000   0.0000   0.0000   0.0000   0.0000   0.0000 
  0.0000   0.0000   0.0000   0.0000   0.0000   0.0000   0.0000   0.0000   0.0000   0.0000 
  0.0000   0.0000   0.0000   0.0000   0.0000   0.0000   0.0000   0.0000   0.0000   0.0000 
  0.0000   0.0000   0.0000   0.0000   0.0000   0.0000   0.0000   0.0000   0.0000   0.0000 
  0.0000   0.0000   0.0000   0.0000   0.0000   0.0000   0.0000   0.0000   0.0000   0.0000 
  0.0000   0.0000   0.0000   0.0000   0.0000   0.0000   0.0000   0.0000   0.0000   0.0000 
  0.0000   0.0000   0.0000   0.0000   0.0000   0.0000   0.0000   0.0000   0.0000   0.0000 
  0.0000   0.0000   0.0000   0.0000   0.0000   0.0000   0.0000   0.0000   0.0000   0.0000 
  0.0000   0.0000   0.0000   0.0000   0.0000   0.0000   0.0000   0.0000   0.0000   0.0000 
  0.0000   0.0000   0.0000   0.0000   0.0000   0.0000   0.0000   0.0000   0.0000   0.0000 
  0.0000   0.0000   0.0000   0.0000   0.0000   0.0000   0.0000   0.0000   0.0000   0.0000 
  0.0000   0.0000   0.0000   0.0000   0.0000   0.0000   0.0000   0.0000   0.0000   0.0000 
  0.0000   0.0000   0.0000   0.0000   0.0000   0.0000   0.0000   0.0000   0.0000   0.0000 
  0.0000   0.0000   0.0000   0.0000   0.0000   0.0000   0.0000   0.0000   0.0000   0.0000 
  0.0000   0.0000   0.0000   0.0000   0.0000   0.0000   0.0000   0.0000   0.0000   0.0000 
  0.0000   0.0000   0.0000   0.0000   0.0000   0.0000   0.0000   0.0000   0.0000   0.0000 
  0.0000   0.0000   0.0000   0.0000   0.0000   0.0000   0.0000   0.0000   0.0000   0.0000 
  0.0000   0.0000   0.0000   0.0000   0.0000   0.0000   0.0000   0.0000   0.0000   0.0000 
  0.0000   0.0000   0.0000   0.0000   0.0000   0.0000   0.0000   0.0000   0.0000   0.0000 
  0.0000   0.0000   0.0000   0.0000   0.0000   0.0000   0.0000   0.0000   0.0000   0.0000 
  0.0000   0.0000   0.0000   0.0000   0.0000   0.0000   0.0000   0.0000   0.0000   0.0000 
  0.0000   0.0000   0.0000   0.0000   0.0000   0.0000   0.0000   0.0000   0.0000   0.0000 
  0.0000   0.0000   0.0000   0.0000   0.0000   0.0000   0.0000   0.0000   0.0000   0.0000 
  0.0000   0.0000   0.0000   0.0000   0.0000   0.0000   0.0000   0.0000   0.0000   0.0000 
  0.0000   0.0000   0.0000   0.0000   0.0000   0.0000   0.0000   0.0000   0.0000   0.0000 
  0.0000   0.0000   0.0000   0.0000   0.0000   0.0000   0.0000   0.0000   0.0000   0.0000 
  0.0000   0.0000   0.0000   0.0000   0.0000   0.0000   0.0000   0.0000   0.0000   0.0000 
  0.0000   0.0000   0.0000   0.0000   0.0000   0.0000   0.0000   0.0000   0.0000   0.0000 
  0.0000   0.0000   0.0000   0.0000   0.0000   0.0000   0.0000   0.0000   0.0000   0.0000 
  0.0000   0.0000   0.0000   0.0000   0.0000   0.0000   0.0000   0.0000   0.0000   0.0000 
  0.0000   0.0000   0.0000   0.0000   0.0000   0.0000   0.0000   0.0000   0.0000   0.0000 
  0.0000   0.0000   0.0000   0.0000   0.0000   0.0000   0.0000   0.0000   0.0000   0.0000 
  0.0000   0.0000   0.0000   0.0000   0.0000   0.0000   0.0000   0.0000   0.0000   0.0000 
  0.0000   0.0000   0.0000   0.0000   0.0000   0.0000   0.0000   0.0000   0.0000   0.0000 
  0.0000   0.0000   0.0000   0.0000   0.0000   0.0000   0.0000   0.0000   0.0000   0.0000 
  0.0000   0.0000   0.0000   0.0000   0.0000   0.0000   0.0000   0.0000   0.0000   0.0000 
  0.0000   0.0000   0.0000   0.0000   0.0000   0.0000   0.0000   0.0000   0.0000   0.0000 
  0.0000   0.0000   0.0000   0.0000   0.0000   0.0000   0.0000   0.0000   0.0000   0.0000 
  0.0000   0.0000   0.0000   0.0000   0.0000   0.0000   0.0000   0.0000   0.0000   0.0000 
  0.0000   0.0000   0.0000   0.0000   0.0000   0.0000   0.0000   0.0000   0.0000   0.0000 
  0.0000   0.0000   0.0000   0.0000   0.0000   0.0000   0.0000   0.0000   0.0000   0.0000 
  0.0000   0.0000   0.0000   0.0000   0.0000   0.0000   0.0000   0.0000   0.0000   0.0000 
  0.0000   0.0000   0.0000   0.0000   0.0000   0.0000   0.0000   0.0000   0.0000   0.0000 
  0.0000   0.0000   0.0000   0.0000   0.0000   0.0000   0.0000   0.0000   0.0000   0.0000 
  0.0000   0.0000   0.0000   0.0000   0.0000   0.0000   0.0000   0.0000   0.0000   0.0000 
  0.0000   0.0000   0.0000   0.0000   0.0000   0.0000   0.0000   0.0000   0.0000   0.0000 
  0.0000   0.0000   0.0000   0.0000   0.0000   0.0000   0.0000   0.0000   0.0000   0.0000 
  0.0000   0.0000   0.0000   0.0000   0.0000   0.0000   0.0000   0.0000   0.0000   0.0000 
  0.0000   0.0000   0.0000   0.0000   0.0000   0.0000   0.0000   0.0000   0.0000   0.0000 
  0.0000   0.0000   0.0000   0.0000   0.0000   0.0000   0.0000   0.0000   0.0000   0.0000 
  0.0000   0.0000   0.0000   0.0000   0.0000   0.0000   0.0000   0.0000   0.0000   0.0000 
  0.0000   0.0000   0.0000   0.0000   0.0000   0.0000   0.0000   0.0000   0.0000   0.0000 
  0.0000   0.0000   0.0000   0.0000   0.0000   0.0000   0.0000   0.0000   0.0000   0.0000 
  0.0000   0.0000   0.0000   0.0000   0.0000   0.0000   0.0000   0.0000   0.0000   0.0000 
  0.0000   0.0000   0.0000   0.0000   0.0000   0.0000   0.0000   0.0000   0.0000   0.0000 
  0.0000   0.0000   0.0000   0.0000   0.0000   0.0000   0.0000   0.0000   0.0000   0.0000 
  0.0000   0.0000   0.0000   0.0000   0.0000   0.0000   0.0000   0.0000   0.0000   0.0000 
  0.0000   0.0000   0.0000   0.0000   0.0000   0.0000   0.0000   0.0000   0.0000   0.0000 
  0.0000   0.0000   0.0000   0.0000   0.0000   0.0000   0.0000   0.0000   0.0000   0.0000 
  0.0000   0.0000   0.0000   0.0000   0.0000   0.0000   0.0000   0.0000   0.0000   0.0000 
  0.0000   0.0000   0.0000   0.0000   0.0000   0.0000   0.0000   0.0000   0.0000   0.0000 
  0.0000   0.0000   0.0000   0.0000   0.0000   0.0000   0.0000   0.0000   0.0000   0.0000 
  0.0000   0.0000   0.0000   0.0000   0.0000   0.0000   0.0000   0.0000   0.0000   0.0000 
  0.0000   0.0000   0.0000   0.0000   0.0000   0.0000   0.0000   0.0000   0.0000   0.0000 
  0.0000   0.0000   0.0000   0.0000   0.0000   0.0000   0.0000   0.0000   0.0000   0.0000 
  0.0000   0.0000   0.0000   0.0000   0.0000   0.0000   0.0000   0.0000   0.0000   0.0000 
  0.0000   0.0000   0.0000   0.0000   0.0000   0.0000   0.0000   0.0000   0.0000   0.0000 
  0.0000   0.0000   0.0000   0.0000   0.0000   0.0000   0.0000   0.0000   0.0000   0.0000 
  0.0000   0.0000   0.0000   0.0000   0.0000   0.0000   0.0000   0.0000   0.0000   0.0000 
  0.0000   0.0000   0.0000   0.0000   0.0000   0.0000   0.0000   0.0000   0.0000   0.0000 
  0.0000   0.0000   0.0000   0.0000   0.0000   0.0000   0.0000   0.0000   0.0000   0.0000 
  0.0000   0.0000   0.0000   0.0000   0.0000   0.0000   0.0000   0.0000   0.0000   0.0000 
  0.0000   0.0000   0.0000   0.0000   0.0000   0.0000   0.0000   0.0000   0.0000   0.0000 
  0.0000   0.0000   0.0000   0.0000   0.0000   0.0000   0.0000   0.0000   0.0000   0.0000 
  0.0000   0.0000   0.0000   0.0000   0.0000   0.0000   0.0000   0.0000   0.0000   0.0000 
  0.0000   0.0000   0.0000   0.0000   0.0000   0.0000   0.0000   0.0000   0.0000   0.0000 
  0.0000   0.0000   0.0000   0.0000   0.0000   0.0000   0.0000   0.0000   0.0000   0.0000 
  0.0000   0.0000   0.0000   0.0000   0.0000   0.0000   0.0000   0.0000   0.0000   0.0000 
  0.0000   0.0000   0.0000   0.0000   0.0000   0.0000   0.0000   0.0000   0.0000   0.0000 
  0.0000   0.0000   0.0000   0.0000   0.0000   0.0000   0.0000   0.0000   0.0000   0.0000 
  0.0000   0.0000   0.0000   0.0000   0.0000   0.0000   0.0000   0.0000   0.0000   0.0000 
  0.0000   0.0000   0.0000   0.0000   0.0000   0.0000   0.0000   0.0000   0.0000   0.0000 
  0.0000   0.0000   0.0000   0.0000   0.0000   0.0000   0.0000   0.0000   0.0000   0.0000 
  0.0000   0.0000   0.0000   0.0000   0.0000   0.0000   0.0000   0.0000   0.0000   0.0000 
  0.0000   0.0000   0.0000   0.0000   0.0000   0.0000   0.0000   0.0000   0.0000   0.0000 
  0.0000   0.0000   0.0000   0.0000   0.0000   0.0000   0.0000   0.0000   0.0000   0.0000 
  0.0000   0.0000   0.0000   0.0000   0.0000   0.0000   0.0000   0.0000   0.0000   0.0000 
  0.0000   0.0000   0.0000   0.0000   0.0000   0.0000   0.0000   0.0000   0.0000   0.0000 
  0.0000   0.0000   0.0000   0.0000   0.0000   0.0000   0.0000   0.0000   0.0000   0.0000 
  0.0000   0.0000   0.0000   0.0000   0.0000   0.0000   0.0000   0.0000   0.0000   0.0000 
  0.0000   0.0000   0.0000   0.0000   0.0000   0.0000   0.0000   0.0000   0.0000   0.0000 
  0.0000   0.0000   0.0000   0.0000   0.0000   0.0000   0.0000   0.0000   0.0000   0.0000 
  0.0000   0.0000   0.0000   0.0000   0.0000   0.0000   0.0000   0.0000   0.0000   0.0000 
  0.0000   0.0000   0.0000   0.0000   0.0000   0.0000   0.0000   0.0000   0.0000   0.0000 
  0.0000   0.0000   0.0000   0.0000   0.0000   0.0000   0.0000   0.0000   0.0000   0.0000 
  0.0000   0.0000   0.0000   0.0000   0.0000   0.0000   0.0000   0.0000   0.0000   0.0000 
  0.0000   0.0000   0.0000   0.0000   0.0000   0.0000   0.0000   0.0000   0.0000   0.0000 
  0.0000   0.0000   0.0000   0.0000   0.0000   0.0000   0.0000   0.0000   0.0000   0.0000 
  0.0000   0.0000   0.0000   0.0000   0.0000   0.0000   0.0000   0.0000   0.0000   0.0000 
  0.0000   0.0000   0.0000   0.0000   0.0000   0.0000   0.0000   0.0000   0.0000   0.0000 
  0.0000   0.0000   0.0000   0.0000   0.0000   0.0000   0.0000   0.0000   0.0000   0.0000 
  0.0000   0.0000   0.0000   0.0000   0.0000   0.0000   0.0000   0.0000   0.0000   0.0000 
  0.0000   0.0000   0.0000   0.0000   0.0000   0.0000   0.0000   0.0000   0.0000   0.0000 
  0.0000   0.0000   0.0000   0.0000   0.0000   0.0000   0.0000   0.0000   0.0000   0.0000 
  0.0000   0.0000   0.0000   0.0000   0.0000   0.0000   0.0000   0.0000   0.0000   0.0000 
  0.0000   0.0000   0.0000   0.0000   0.0000   0.0000   0.0000   0.0000   0.0000   0.0000 
  0.0000   0.0000   0.0000   0.0000   0.0000   0.0000   0.0000   0.0000   0.0000   0.0000 
  0.0000   0.0000   0.0000   0.0000   0.0000   0.0000   0.0000   0.0000   0.0000   0.0000 
  0.0000   0.0000   0.0000   0.0000   0.0000   0.0000   0.0000   0.0000   0.0000   0.0000 
  0.0000   0.0000   0.0000   0.0000   0.0000   0.0000   0.0000   0.0000   0.0000   0.0000 
  0.0000   0.0000   0.0000   0.0000   0.0000   0.0000   0.0000   0.0000   0.0000   0.0000 
  0.0000   0.0000   0.0000   0.0000   0.0000   0.0000   0.0000   0.0000   0.0000   0.0000 
  0.0000   0.0000   0.0000   0.0000   0.0000   0.0000   0.0000   0.0000   0.0000   0.0000 
  0.0000   0.0000   0.0000   0.0000   0.0000   0.0000   0.0000   0.0000   0.0000   0.0000 
  0.0000   0.0000   0.0000   0.0000   0.0000   0.0000   0.0000   0.0000   0.0000   0.0000 
  0.0000   0.0000   0.0000   0.0000   0.0000   0.0000   0.0000   0.0000   0.0000   0.0000 
  0.0000   0.0000   0.0000   0.0000   0.0000   0.0000   0.0000   0.0000   0.0000   0.0000 
  0.0000   0.0000   0.0000   0.0000   0.0000   0.0000   0.0000   0.0000   0.0000   0.0000 
  0.0000   0.0000   0.0000   0.0000   0.0000   0.0000   0.0000   0.0000   0.0000   0.0000 
  0.0000   0.0000   0.0000   0.0000   0.0000   0.0000   0.0000   0.0000   0.0000   0.0000 
  0.0000   0.0000   0.0000   0.0000   0.0000   0.0000   0.0000   0.0000   0.0000   0.0000 
  0.0000   0.0000   0.0000   0.0000   0.0000   0.0000   0.0000   0.0000   0.0000   0.0000 
  0.0000   0.0000   0.0000   0.0000   0.0000   0.0000   0.0000   0.0000   0.0000   0.0000 
  0.0000   0.0000   0.0000   0.0000   0.0000   0.0000   0.0000   0.0000   0.0000   0.0000 
  0.0000   0.0000   0.0000   0.0000   0.0000   0.0000   0.0000   0.0000   0.0000   0.0000 
  0.0000   0.0000   0.0000   0.0000   0.0000   0.0000   0.0000   0.0000   0.0000   0.0000 
  0.0000   0.0000   0.0000   0.0000   0.0000   0.0000   0.0000   0.0000   0.0000   0.0000 
  0.0000   0.0000   0.0000   0.0000   0.0000   0.0000   0.0000   0.0000   0.0000   0.0000 
  0.0000   0.0000   0.0000   0.0000   0.0000   0.0000   0.0000   0.0000   0.0000   0.0000 
  0.0000   0.0000   0.0000   0.0000   0.0000   0.0000   0.0000   0.0000   0.0000   0.0000 
  0.0000   0.0000   0.0000   0.0000   0.0000   0.0000   0.0000   0.0000   0.0000   0.0000 
  0.0000   0.0000   0.0000   0.0000   0.0000   0.0000   0.0000   0.0000   0.0000   0.0000 
  0.0000   0.0000   0.0000   0.0000   0.0000   0.0000   0.0000   0.0000   0.0000   0.0000 
  0.0000   0.0000   0.0000   0.0000   0.0000   0.0000   0.0000   0.0000   0.0000   0.0000 
  0.0000   0.0000   0.0000   0.0000   0.0000   0.0000   0.0000   0.0000   0.0000   0.0000 
  0.0000   0.0000   0.0000   0.0000   0.0000   0.0000   0.0000   0.0000   0.0000   0.0000 
  0.0000   0.0000   0.0000   0.0000   0.0000   0.0000   0.0000   0.0000   0.0000   0.0000 
  0.0000   0.0000   0.0000   0.0000   0.0000   0.0000   0.0000   0.0000   0.0000   0.0000 
  0.0000   0.0000   0.0000   0.0000   0.0000   0.0000   0.0000   0.0000   0.0000   0.0000 
  0.0000   0.0000   0.0000   0.0000   0.0000   0.0000   0.0000   0.0000   0.0000   0.0000 
  0.0000   0.0000   0.0000   0.0000   0.0000   0.0000   0.0000   0.0000   0.0000   0.0000 
  0.0000   0.0000   0.0000   0.0000   0.0000   0.0000   0.0000   0.0000   0.0000   0.0000 
  0.0000   0.0000   0.0000   0.0000   0.0000   0.0000   0.0000   0.0000   0.0000   0.0000 
  0.0000   0.0000   0.0000   0.0000   0.0000   0.0000   0.0000   0.0000   0.0000   0.0000 
  0.0000   0.0000   0.0000   0.0000   0.0000   0.0000   0.0000   0.0000   0.0000   0.0000 
  0.0000   0.0000   0.0000   0.0000   0.0000   0.0000   0.0000   0.0000   0.0000   0.0000 
  0.0000   0.0000   0.0000   0.0000   0.0000   0.0000   0.0000   0.0000   0.0000   0.0000 
  0.0000   0.0000   0.0000   0.0000   0.0000   0.0000   0.0000   0.0000   0.0000   0.0000 
  0.0000   0.0000   0.0000   0.0000   0.0000   0.0000   0.0000   0.0000   0.0000   0.0000 
  0.0000   0.0000   0.0000   0.0000   0.0000   0.0000   0.0000   0.0000   0.0000   0.0000 
  0.0000   0.0000   0.0000   0.0000   0.0000   0.0000   0.0000   0.0000   0.0000   0.0000 
  0.0000   0.0000   0.0000   0.0000   0.0000   0.0000   0.0000   0.0000   0.0000   0.0000 
  0.0000   0.0000   0.0000   0.0000   0.0000   0.0000   0.0000   0.0000   0.0000   0.0000 
  0.0000   0.0000   0.0000   0.0000   0.0000   0.0000   0.0000   0.0000   0.0000   0.0000 
  0.0000   0.0000   0.0000   0.0000   0.0000   0.0000   0.0000   0.0000   0.0000   0.0000 
  0.0000   0.0000   0.0000   0.0000   0.0000   0.0000   0.0000   0.0000   0.0000   0.0000 
  0.0000   0.0000   0.0000   0.0000   0.0000   0.0000   0.0000   0.0000   0.0000   0.0000 
  0.0000   0.0000   0.0000   0.0000   0.0000   0.0000   0.0000   0.0000   0.0000   0.0000 
  0.0000   0.0000   0.0000   0.0000   0.0000   0.0000   0.0000   0.0000   0.0000   0.0000 
  0.0000   0.0000   0.0000   0.0000   0.0000   0.0000   0.0000   0.0000   0.0000   0.0000 
  0.0000   0.0000   0.0000   0.0000   0.0000   0.0000   0.0000   0.0000   0.0000   0.0000 
  0.0000   0.0000   0.0000   0.0000   0.0000   0.0000   0.0000   0.0000   0.0000   0.0000 
  0.0000   0.0000   0.0000   0.0000   0.0000   0.0000   0.0000   0.0000   0.0000   0.0000 
  0.0000   0.0000   0.0000   0.0000   0.0000   0.0000   0.0000   0.0000   0.0000   0.0000 
  0.0000   0.0000   0.0000   0.0000   0.0000   0.0000   0.0000   0.0000   0.0000   0.0000 
  0.0000   0.0000   0.0000   0.0000   0.0000   0.0000   0.0000   0.0000   0.0000   0.0000 
  0.0000   0.0000   0.0000   0.0000   0.0000   0.0000   0.0000   0.0000   0.0000   0.0000 
  0.0000   0.0000   0.0000   0.0000   0.0000   0.0000   0.0000   0.0000   0.0000   0.0000 
  0.0000   0.0000   0.0000   0.0000   0.0000   0.0000   0.0000   0.0000   0.0000   0.0000 
  0.0000   0.0000   0.0000   0.0000   0.0000   0.0000   0.0000   0.0000   0.0000   0.0000 
  0.0000   0.0000   0.0000   0.0000   0.0000   0.0000   0.0000   0.0000   0.0000   0.0000 
  0.0000   0.0000   0.0000   0.0000   0.0000   0.0000   0.0000   0.0000   0.0000   0.0000 
  0.0000   0.0000   0.0000   0.0000   0.0000   0.0000   0.0000   0.0000   0.0000   0.0000 
  0.0000   0.0000   0.0000   0.0000   0.0000   0.0000   0.0000   0.0000   0.0000   0.0000 
  0.0000   0.0000   0.0000   0.0000   0.0000   0.0000   0.0000   0.0000   0.0000   0.0000 
  0.0000   0.0000   0.0000   0.0000   0.0000   0.0000   0.0000   0.0000   0.0000   0.0000 
  0.0000   0.0000   0.0000   0.0000   0.0000   0.0000   0.0000   0.0000   0.0000   0.0000 
  0.0000   0.0000   0.0000   0.0000   0.0000   0.0000   0.0000   0.0000   0.0000   0.0000 
  0.0000   0.0000   0.0000   0.0000   0.0000   0.0000   0.0000   0.0000   0.0000   0.0000 
  0.0000   0.0000   0.0000   0.0000   0.0000   0.0000   0.0000   0.0000   0.0000   0.0000 
  0.0000   0.0000   0.0000   0.0000   0.0000   0.0000   0.0000   0.0000   0.0000   0.0000 
  0.0000   0.0000   0.0000   0.0000   0.0000   0.0000   0.0000   0.0000   0.0000   0.0000 
  0.0000   0.0000   0.0000   0.0000   0.0000   0.0000   0.0000   0.0000   0.0000   0.0000 
  0.0000   0.0000   0.0000   0.0000   0.0000   0.0000   0.0000   0.0000   0.0000   0.0000 
  0.0000   0.0000   0.0000   0.0000   0.0000   0.0000   0.0000   0.0000   0.0000   0.0000 
  0.0000   0.0000   0.0000   0.0000   0.0000   0.0000   0.0000   0.0000   0.0000   0.0000 
  0.0000   0.0000   0.0000   0.0000   0.0000   0.0000   0.0000   0.0000   0.0000   0.0000 
  0.0000   0.0000   0.0000   0.0000   0.0000   0.0000   0.0000   0.0000   0.0000   0.0000 
  0.0000   0.0000   0.0000   0.0000   0.0000   0.0000   0.0000   0.0000   0.0000   0.0000 
  0.0000   0.0000   0.0000   0.0000   0.0000   0.0000   0.0000   0.0000   0.0000   0.0000 
  0.0000   0.0000   0.0000   0.0000   0.0000   0.0000   0.0000   0.0000   0.0000   0.0000 
  0.0000   0.0000   0.0000   0.0000   0.0000   0.0000   0.0000   0.0000   0.0000   0.0000 
  0.0000   0.0000   0.0000   0.0000   0.0000   0.0000   0.0000   0.0000   0.0000   0.0000 
  0.0000   0.0000   0.0000   0.0000   0.0000   0.0000   0.0000   0.0000   0.0000   0.0000 
  0.0000   0.0000   0.0000   0.0000   0.0000   0.0000   0.0000   0.0000   0.0000   0.0000 
  0.0000   0.0000   0.0000   0.0000   0.0000   0.0000   0.0000   0.0000   0.0000   0.0000 
  0.0000   0.0000   0.0000   0.0000   0.0000   0.0000   0.0000   0.0000   0.0000   0.0000 
  0.0000   0.0000   0.0000   0.0000   0.0000   0.0000   0.0000   0.0000   0.0000   0.0000 
  0.0000   0.0000   0.0000   0.0000   0.0000   0.0000   0.0000   0.0000   0.0000   0.0000 
  0.0000   0.0000   0.0000   0.0000   0.0000   0.0000   0.0000   0.0000   0.0000   0.0000 
  0.0000   0.0000   0.0000   0.0000   0.0000   0.0000   0.0000   0.0000   0.0000   0.0000 
  0.0000   0.0000   0.0000   0.0000   0.0000   0.0000   0.0000   0.0000   0.0000   0.0000 
  0.0000   0.0000   0.0000   0.0000   0.0000   0.0000   0.0000   0.0000   0.0000   0.0000 
  0.0000   0.0000   0.0000   0.0000   0.0000   0.0000   0.0000   0.0000   0.0000   0.0000 
  0.0000   0.0000   0.0000   0.0000   0.0000   0.0000   0.0000   0.0000   0.0000   0.0000 
  0.0000   0.0000   0.0000   0.0000   0.0000   0.0000   0.0000   0.0000   0.0000   0.0000 
  0.0000   0.0000   0.0000   0.0000   0.0000   0.0000   0.0000   0.0000   0.0000   0.0000 
  0.0000   0.0000   0.0000   0.0000   0.0000   0.0000   0.0000   0.0000   0.0000   0.0000 
  0.0000   0.0000   0.0000   0.0000   0.0000   0.0000   0.0000   0.0000   0.0000   0.0000 
  0.0000   0.0000   0.0000   0.0000   0.0000   0.0000   0.0000   0.0000   0.0000   0.0000 
  0.0000   0.0000   0.0000   0.0000   0.0000   0.0000   0.0000   0.0000   0.0000   0.0000 
  0.0000   0.0000   0.0000   0.0000   0.0000   0.0000   0.0000   0.0000   0.0000   0.0000 
  0.0000   0.0000   0.0000   0.0000   0.0000   0.0000   0.0000   0.0000   0.0000   0.0000 
  0.0000   0.0000   0.0000   0.0000   0.0000   0.0000   0.0000   0.0000   0.0000   0.0000 
  0.0000   0.0000   0.0000   0.0000   0.0000   0.0000   0.0000   0.0000   0.0000   0.0000 
  0.0000   0.0000   0.0000   0.0000   0.0000   0.0000   0.0000   0.0000   0.0000   0.0000 
  0.0000   0.0000   0.0000   0.0000   0.0000   0.0000   0.0000   0.0000   0.0000   0.0000 
  0.0000   0.0000   0.0000   0.0000   0.0000   0.0000   0.0000   0.0000   0.0000   0.0000 
  0.0000   0.0000   0.0000   0.0000   0.0000   0.0000   0.0000   0.0000   0.0000   0.0000 
  0.0000   0.0000   0.0000   0.0000   0.0000   0.0000   0.0000   0.0000   0.0000   0.0000 
  0.0000   0.0000   0.0000   0.0000   0.0000   0.0000   0.0000   0.0000   0.0000   0.0000 
  0.0000   0.0000   0.0000   0.0000   0.0000   0.0000   0.0000   0.0000   0.0000   0.0000 
  0.0000   0.0000   0.0000   0.0000   0.0000   0.0000   0.0000   0.0000   0.0000   0.0000 
  0.0000   0.0000   0.0000   0.0000   0.0000   0.0000   0.0000   0.0000   0.0000   0.0000 
  0.0000   0.0000   0.0000   0.0000   0.0000   0.0000   0.0000   0.0000   0.0000   0.0000 
  0.0000   0.0000   0.0000   0.0000   0.0000   0.0000   0.0000   0.0000   0.0000   0.0000 
  0.0000   0.0000   0.0000   0.0000   0.0000   0.0000   0.0000   0.0000   0.0000   0.0000 
  0.0000   0.0000   0.0000   0.0000   0.0000   0.0000   0.0000   0.0000   0.0000   0.0000 
  0.0000   0.0000   0.0000   0.0000   0.0000   0.0000   0.0000   0.0000   0.0000   0.0000 
  0.0000   0.0000   0.0000   0.0000   0.0000   0.0000   0.0000   0.0000   0.0000   0.0000 
  0.0000   0.0000   0.0000   0.0000   0.0000   0.0000   0.0000   0.0000   0.0000   0.0000 
  0.0000   0.0000   0.0000   0.0000   0.0000   0.0000   0.0000   0.0000   0.0000   0.0000 
  0.0000   0.0000   0.0000   0.0000   0.0000   0.0000   0.0000   0.0000   0.0000   0.0000 
  0.0000   0.0000   0.0000   0.0000   0.0000   0.0000   0.0000   0.0000   0.0000   0.0000 
  0.0000   0.0000   0.0000   0.0000   0.0000   0.0000   0.0000   0.0000   0.0000   0.0000 
  0.0000   0.0000   0.0000   0.0000   0.0000   0.0000   0.0000   0.0000   0.0000   0.0000 
  0.0000   0.0000   0.0000   0.0000   0.0000   0.0000   0.0000   0.0000   0.0000   0.0000 
  0.0000   0.0000   0.0000   0.0000   0.0000   0.0000   0.0000   0.0000   0.0000   0.0000 
  0.0000   0.0000   0.0000   0.0000   0.0000   0.0000   0.0000   0.0000   0.0000   0.0000 
  0.0000   0.0000   0.0000   0.0000   0.0000   0.0000   0.0000   0.0000   0.0000   0.0000 
  0.0000   0.0000   0.0000   0.0000   0.0000   0.0000   0.0000   0.0000   0.0000   0.0000 
  0.0000   0.0000   0.0000   0.0000   0.0000   0.0000   0.0000   0.0000   0.0000   0.0000 
  0.0000   0.0000   0.0000   0.0000   0.0000   0.0000   0.0000   0.0000   0.0000   0.0000 
  0.0000   0.0000   0.0000   0.0000   0.0000   0.0000   0.0000   0.0000   0.0000   0.0000 
  0.0000   0.0000   0.0000   0.0000   0.0000   0.0000   0.0000   0.0000   0.0000   0.0000 
  0.0000   0.0000   0.0000   0.0000   0.0000   0.0000   0.0000   0.0000   0.0000   0.0000 
  0.0000   0.0000   0.0000   0.0000   0.0000   0.0000   0.0000   0.0000   0.0000   0.0000 
  0.0000   0.0000   0.0000   0.0000   0.0000   0.0000   0.0000   0.0000   0.0000   0.0000 
  0.0000   0.0000   0.0000   0.0000   0.0000   0.0000   0.0000   0.0000   0.0000   0.0000 
  0.0000   0.0000   0.0000   0.0000   0.0000   0.0000   0.0000   0.0000   0.0000   0.0000 
  0.0000   0.0000   0.0000   0.0000   0.0000   0.0000   0.0000   0.0000   0.0000   0.0000 
  0.0000   0.0000   0.0000   0.0000   0.0000   0.0000   0.0000   0.0000   0.0000   0.0000 
  0.0000   0.0000   0.0000   0.0000   0.0000   0.0000   0.0000   0.0000   0.0000   0.0000 
  0.0000   0.0000   0.0000   0.0000   0.0000   0.0000   0.0000   0.0000   0.0000   0.0000 
  0.0000   0.0000   0.0000   0.0000   0.0000   0.0000   0.0000   0.0000   0.0000   0.0000 
  0.0000   0.0000   0.0000   0.0000   0.0000   0.0000   0.0000   0.0000   0.0000   0.0000 
  0.0000   0.0000   0.0000   0.0000   0.0000   0.0000   0.0000   0.0000   0.0000   0.0000 
  0.0000   0.0000   0.0000   0.0000   0.0000   0.0000   0.0000   0.0000   0.0000   0.0000 
  0.0000   0.0000   0.0000   0.0000   0.0000   0.0000   0.0000   0.0000   0.0000   0.0000 
  0.0000   0.0000   0.0000   0.0000   0.0000   0.0000   0.0000   0.0000   0.0000   0.0000 
  0.0000   0.0000   0.0000   0.0000   0.0000   0.0000   0.0000   0.0000   0.0000   0.0000 
  0.0000   0.0000   0.0000   0.0000   0.0000   0.0000   0.0000   0.0000   0.0000   0.0000 
  0.0000   0.0000   0.0000   0.0000   0.0000   0.0000   0.0000   0.0000   0.0000   0.0000 
  0.0000   0.0000   0.0000   0.0000   0.0000   0.0000   0.0000   0.0000   0.0000   0.0000 
  0.0000   0.0000   0.0000   0.0000   0.0000   0.0000   0.0000   0.0000   0.0000   0.0000 
  0.0000   0.0000   0.0000   0.0000   0.0000   0.0000   0.0000   0.0000   0.0000   0.0000 
  0.0000   0.0000   0.0000   0.0000   0.0000   0.0000   0.0000   0.0000   0.0000   0.0000 
  0.0000   0.0000   0.0000   0.0000   0.0000   0.0000   0.0000   0.0000   0.0000   0.0000 
  0.0000   0.0000   0.0000   0.0000   0.0000   0.0000   0.0000   0.0000   0.0000   0.0000 
  0.0000   0.0000   0.0000   0.0000   0.0000   0.0000   0.0000   0.0000   0.0000   0.0000 
  0.0000   0.0000   0.0000   0.0000   0.0000   0.0000   0.0000   0.0000   0.0000   0.0000 
  0.0000   0.0000   0.0000   0.0000   0.0000   0.0000   0.0000   0.0000   0.0000   0.0000 
  0.0000   0.0000   0.0000   0.0000   0.0000   0.0000   0.0000   0.0000   0.0000   0.0000 
  0.0000   0.0000   0.0000   0.0000   0.0000   0.0000   0.0000   0.0000   0.0000   0.0000 
  0.0000   0.0000   0.0000   0.0000   0.0000   0.0000   0.0000   0.0000   0.0000   0.0000 
  0.0000   0.0000   0.0000   0.0000   0.0000   0.0000   0.0000   0.0000   0.0000   0.0000 
  0.0000   0.0000   0.0000   0.0000   0.0000   0.0000   0.0000   0.0000   0.0000   0.0000 
  0.0000   0.0000   0.0000   0.0000   0.0000   0.0000   0.0000   0.0000   0.0000   0.0000 
  0.0000   0.0000   0.0000   0.0000   0.0000   0.0000   0.0000   0.0000   0.0000   0.0000 
