z-axis acceleration data

  0.9131   0.9780   0.9805   0.9468   0.8335   0.8691   0.1743  -0.6729  -0.7529  -0.7813 
  0.9072   0.7417   0.9741   0.9565   0.8374   0.8604   0.1650  -0.6763  -0.7847  -0.8350 
  0.9365   0.9688   1.0156   0.9541   0.8501   0.8569   0.1582  -0.7583  -0.7646  -0.7861 
  0.9150   0.9180   0.9951   0.9561   0.8169   0.8545   0.1777  -0.7305  -0.8057  -0.7827 
  0.9102   0.9907   1.0762   0.9570   0.7397   0.8550   0.1685  -0.7036  -0.8750  -0.7612 
  0.9160   0.9858   0.9458   0.9722   0.6689   0.8369   0.1724  -0.7568  -0.9160  -0.8179 
  0.8242   0.9331   0.6514   0.9688   0.6069   0.8291   0.1689  -0.8115  -0.8042  -0.7832 
  0.6890   0.9673   1.0103   0.9565   0.5674   0.8340   0.1753  -0.8047  -0.7974  -0.7881 
  1.1338   1.0166   0.8389   0.9595   0.5820   0.8638   0.1816  -0.8350  -0.6641  -0.8286 
  0.5615   1.0176   0.9380   0.9502   0.6885   0.8511   0.1729  -0.8945  -0.3804  -0.8638 
  1.0347   1.0059   0.9556   0.9380   0.8354   0.8633   0.1807  -0.9565  -0.3228  -0.8516 
  1.3291   0.9839   0.9634   0.9370   0.9971   0.8779   0.1851  -0.9214  -0.9326  -0.8550 
  1.3213   0.9761   0.9683   0.9160   1.2095   0.8628   0.1865  -0.9048  -0.7573  -0.8843 
  1.3179   0.9878   0.9575   0.9111   1.3130   0.8745   0.1826  -0.8877  -0.8369  -0.8647 
  1.3374   0.9814   0.9609   0.9028   1.3159   0.8838   0.1899  -0.8911  -0.7695  -0.8657 
  1.3223   0.9678   0.9482   0.8965   1.2959   0.8530   0.1987  -0.8677  -0.6328  -0.8608 
  1.0591   0.9639   0.9463   0.8945   1.2290   0.8564   0.1846  -0.8667  -0.5522  -0.8340 
  0.5576   0.9746   0.9546   0.9053   1.1733   0.8638   0.1914  -0.8467  -0.6563  -0.7925 
  0.7095   0.9736   0.9590   0.9189   1.1289   0.8555   0.1904  -0.8442  -0.7544  -0.8052 
  1.3696   0.9565   0.9585   0.9219   1.1089   0.8394   0.1846  -0.8682  -0.6006  -0.7759 
  0.6860   0.9590   0.9565   0.8989   1.0757   0.8438   0.1860  -0.8418  -0.3618  -0.7588 
  0.9663   0.9736   0.9468   1.1064   1.0322   0.8257   0.1846  -0.8271  -0.5166  -0.7432 
  0.9058   0.9854   0.9517   1.1221   0.9834   0.8184   0.1909  -0.8267  -0.7124  -0.7402 
  1.0332   1.0015   0.9541   0.9365   0.9746   0.8086   0.1924  -0.8257  -0.8110  -0.7354 
  0.7690   0.9829   0.9380   1.0518   0.9849   0.7886   0.1768  -0.8037  -0.7705  -0.7573 
  0.8657   0.9863   0.9517   0.9312   1.0122   0.7573   0.1899  -0.8120  -0.8867  -0.7520 
  0.8945   0.9766   0.9434   0.9443   1.0469   0.7573   0.1792  -0.8057  -0.9507  -0.7583 
  0.9209   0.9683   0.9492   0.9312   1.0742   0.7598   0.1860  -0.8066  -0.9858  -0.7920 
  0.9189   1.1709   0.9429   0.9155   1.1172   0.7588   0.1841  -0.7993  -0.9551  -0.7290 
  0.9248   1.0273   0.9155   0.8979   1.1514   0.7515   0.1709  -0.7759  -1.0562  -0.7725 
  0.9302   0.9600   1.0854   0.8887   1.1851   0.7856   0.1719  -0.7803  -1.1265  -0.7500 
  0.9355   0.9663   1.1187   0.8730   1.1362   0.8242   0.1807  -0.7529  -1.0718  -0.7148 
  0.9272   0.9800   0.9448   0.8691   1.1484   0.9028   0.1797  -0.7310  -1.0610  -0.7295 
  0.9312   0.9712   1.0601   0.8589   1.1846   1.0605   0.1860  -0.7305  -1.1680  -0.7197 
  0.9224   0.9585   0.9341   0.8398   1.1401   1.2021   0.1787  -0.6904  -0.7490  -0.7378 
  0.9092   0.9639   0.9487   0.8452   1.0757   1.2124   0.1743  -0.9561  -1.1558  -0.7363 
  0.9019   0.9683   0.9443   0.8477   1.0337   1.0869   0.1738  -1.1553  -0.8989  -0.7051 
  0.9014   0.9766   0.9492   0.8599   0.9399   1.0127   0.1802  -0.7603  -0.9727  -0.7300 
  0.9106   0.9727   0.9526   0.8154   0.8569   0.9531   0.1738  -1.2393  -0.8535  -0.7212 
  0.9141   0.9565   0.9424   0.7705   0.6680   0.8647   0.1948  -0.7363  -0.7959  -0.7290 
  0.9165   0.9521   0.9380   0.7534   0.5283   0.8110   0.1675  -0.9868  -0.9053  -0.6934 
  0.9033   0.9624   0.9409   0.7520   0.3828   0.7432   0.1724  -0.8613  -0.8594  -0.6499 
  0.9224   0.9365   0.9302   0.7437   0.2168   0.6987   0.1709  -0.8306  -0.9087  -0.6479 
  0.9316   0.9287   0.9248   0.8945   0.0283   0.6694   0.1646  -0.9873  -1.0171  -0.7485 
  0.9380   0.9624   0.9185   0.8174  -0.1216   0.6719   0.1704  -0.9409  -1.0332  -0.7109 
  0.9199   0.9575   0.8979   1.0508  -0.2646   0.6978   0.1729  -1.0430  -1.1177  -0.6758 
  0.9072   0.9463   0.8794   0.8555  -0.3716   0.7075   0.1606  -0.4463  -1.0693  -0.7231 
  0.8926   0.9102   0.8755   1.3608  -0.4463   0.7383   0.1567  -0.9390  -1.0068  -0.6787 
  0.8838   0.8931   0.8774   0.8862  -0.5142   0.7676   0.1650  -1.1523  -1.0215  -0.6802 
  0.8862   0.9170   0.8774   0.9917  -0.6152   0.7622   0.1538  -0.7441  -0.9219  -0.6328 
  0.9004   0.9639   0.8647   0.9858  -0.8052   0.7788   0.1523  -0.5962  -0.8735  -0.7222 
  0.9155   0.9648   0.8481   0.9756  -1.1494   0.7778   0.1699  -0.6494  -0.7822  -0.7598 
  0.9204   0.9380   0.8721   0.9507  -1.9326   0.7798   0.1577  -0.5542  -0.7104  -0.7607 
  0.9307   0.9326   0.8604   1.0903  -2.8198   0.7988   0.1519  -0.6680  -0.5103  -0.7104 
  0.9146   0.9800   0.8501   1.3413  -2.3618   0.8267   0.1455  -1.1665  -0.3447  -0.7378 
  0.9116   1.0010   0.8071   1.5205  -0.5864   0.8604   0.1616  -0.9702  -0.1895  -0.7549 
  0.8965   0.7061   0.7959   1.5796   0.6675   0.8623   0.1699  -0.9575   0.0215  -0.7490 
  0.8779   0.8374   0.9971   1.6152   2.2446   0.8633   0.1572  -1.2505   0.1533  -0.7080 
  0.8623   0.9302   0.9404   1.6465  -1.7080   0.8740   0.1323  -0.7041   0.1987  -0.7266 
  0.8682   0.9600   1.0342   1.6475  -3.0801   0.9219   0.1396  -1.1260   0.3589  -0.8838 
  0.8687   0.9922   1.0967   1.5938  -1.3721   0.9463   0.1079  -0.6201   0.5503  -0.8149 
  0.8838   1.0073   1.1182   1.5859   0.1416   0.9814   0.0884  -0.7334   0.6445  -0.8232 
  0.8960   1.2598   1.1514   1.5522   0.3149   1.0459   0.1123  -0.9780   0.8311  -0.8936 
  0.9160   1.0703   1.0942   1.4170   0.8159   1.0591   0.0854  -0.7002   0.9897  -0.9004 
  0.9009   0.8701   1.0371   1.3691   0.4893   1.0073   0.0576  -0.7241   1.2158  -0.8135 
  0.8818   0.9429   1.0010   1.2168   0.5225   1.0200  -0.0088  -0.6221   1.5552  -0.7700 
  0.8257   0.9814   0.9668   1.1294  -0.3477   1.1011  -0.1157  -0.6113   2.3174  -0.8965 
  0.9326   0.9688   0.9409   0.9971   0.2354   1.1030  -0.0830  -0.6055   2.6768  -0.7803 
  1.0708   0.9712   0.9194   0.8345   0.1211   0.9712  -0.0806  -0.3604   1.5435  -0.5957 
  1.2153   0.9863   0.9487   0.6636   0.0869   0.9209  -0.0747  -0.3457   0.1006  -0.7124 
  0.8818   1.0474   1.0059   0.5234   0.0303   0.9058  -0.1289  -0.3018  -1.4780  -0.6016 
  1.0898   1.0820   1.0776   0.3389   0.0454   0.8042  -0.1611  -0.1597  -2.8794  -0.5518 
  0.5298   1.1255   1.1274   0.1812   0.2539   0.7183  -0.1851   0.0181   3.2432  -0.5337 
  1.0132   1.1870   1.1782   0.0215   0.3506   0.7188  -0.2236   0.1582   4.3667  -0.5522 
  1.2710   1.2544   1.2637  -0.1050   0.2686   0.6011  -0.2324   0.3315  -2.0527  -0.3892 
  0.8047   1.2930   1.4077  -0.1963   0.2915   0.4932  -0.1543   0.5103  -0.5303  -0.3584 
  0.8726   1.3477   1.4448  -0.3232   0.3037   0.4297  -0.2061   0.6494  -0.2681  -0.3286 
  0.8706   1.4053   1.4233  -0.4160   0.3276   0.3457  -0.2109   0.7764  -0.5337  -0.1021 
  0.8618   1.4590   1.3066  -0.5415   0.2925   0.2290  -0.2603   0.8931  -0.1924   0.0068 
  0.8721   1.4072   1.2227  -0.8608   0.2207   0.1226  -0.2783   1.0283  -0.1196   0.0859 
  0.8750   1.3892   1.2197  -1.4517   0.2627   0.0649  -0.2744   1.1353   0.0024   0.2495 
  0.8643   1.3506   1.1064  -2.0278   0.2671  -0.0098  -0.2466   1.2046   0.1445   0.3984 
  0.8765   1.2837   1.0571  -1.5693   0.2329  -0.1802  -0.3076   1.3823   0.3394   0.4404 
  0.9077   1.2388   0.9175  -0.1958   0.1973  -0.2944  -0.1816   1.6812   0.3755   0.6230 
  0.9150   1.1772   0.7412   0.9370   0.1787  -0.4116  -0.2056   2.1064   0.3716   0.7524 
  0.9497   1.1333   0.5874   2.3789   0.1650  -0.5425  -0.3018   2.8091   0.2388   0.8213 
  0.9751   0.9604   0.4243  -1.3765   0.0913  -0.6699  -0.2896   2.1431   0.1548   0.9160 
  1.0063   1.0342   0.2446  -3.0288   0.1226  -0.7690  -0.2852   0.7021   0.1284   0.9937 
  1.0298   0.8877   0.1382   0.7725   0.1045  -0.8394  -0.3413  -0.5693   0.0986   1.1035 
  1.0400   0.7778  -0.0063  -0.8638   0.1172  -0.9634  -0.3433  -2.0117   0.1333   1.2686 
  1.0190   0.6909  -0.1772   1.4692   0.1011  -1.0703  -0.3940  -1.1772   0.1255   1.4116 
  0.9761   0.6094  -0.2847   0.6064   0.0884  -1.1943  -0.5044  -1.1914   0.1475   1.6523 
  0.9019   0.5029  -0.3828   0.6851   0.0732  -1.6836  -0.5708   1.0898   0.1084   2.1006 
  0.8159   0.3672  -0.5557   0.4595   0.0938  -1.9780  -0.6895   0.7876   0.1050   2.8867 
  0.6870   0.2642  -1.0332   0.1362   0.0957  -3.1953  -0.7617  -0.3296   0.1074   2.4551 
  0.6250   0.1709  -1.8960  -0.2129   0.0513  -1.2358  -0.8232  -0.4014   0.1182   1.1064 
  0.6021   0.0610  -1.3721  -0.0166   0.0356   0.5288  -0.8389  -0.0259   0.1899  -0.1025 
  0.5903  -0.0571  -0.3823  -0.2642   0.0298   1.6948  -0.9985  -0.0742   0.2134  -1.0068 
  0.6323  -0.1772   0.7373  -0.0654   0.0723  -0.1187  -1.4097  -0.0679   0.2637  -1.7046 
  0.7188  -0.2646   2.6250  -0.4683   0.0264  -1.5474  -1.8892  -0.0132   0.3169  -1.2002 
  0.8374  -0.3853   0.6729  -0.2344  -0.0713 -10.3662  -1.8398   0.1641   0.3218   0.0532 
  0.9946  -0.4614  -2.6865   0.1489  -0.0801   3.2729  -0.0938   0.1353   0.3516   3.0420 
  1.1069  -0.5151   0.5308   0.1426   0.0229   0.1484  -0.9419   0.0381   0.4038  -0.0210 
  1.1968  -0.6147  -0.0679   0.2573   0.0347  -0.1563  -0.0205   0.0435   0.3911  -0.3267 
  1.2607  -0.8535   0.8115   0.1895  -0.0195  -0.7148   4.1465   0.1074   0.3696  -0.4370 
  1.2925  -1.6665   2.4077   0.2778  -0.0508  -3.1055  -2.6157   0.0635   0.3384  -0.4458 
  1.3262  -2.3872   0.1436   0.3550  -0.0396   0.0645   0.4287   0.0615   0.2856  -0.1519 
  1.3770  -0.8174  -0.1650   0.3472  -0.0269   0.6182   3.6855  -0.0161   0.2524  -0.0059 
  1.3862  -0.3789  -1.0156   0.3486  -0.0547  -0.6206   1.1416  -0.0259   0.1729   0.0845 
  1.3862   1.5229  -0.1113   0.3032  -0.0864   0.9297   2.8638  -0.0659   0.0757   0.1855 
  1.3892   2.8682   0.2070   0.2661  -0.0879  -0.0952  -0.6753  -0.0332   0.0044   0.3130 
  1.3867  -3.0542   0.1045   0.2520  -0.0503   0.0137   0.1494   0.0254  -0.1167   0.3340 
  1.3262  -5.2437  -0.0425   0.2441  -0.0493  -0.2554  -0.1064   0.0742  -0.2046   0.2617 
  1.2275   2.3745  -0.1870   0.2075  -0.0698  -0.6538   0.3267   0.1211  -0.2646   0.2383 
  1.2441  -0.6226  -0.1489   0.1821  -0.0723  -0.0132   0.1182   0.1528  -0.2339   0.3594 
  1.2007  -0.0669  -0.0278   0.1523  -0.0615   0.1294   0.1938   0.1772  -0.2710   0.4355 
  1.1255  -0.3975   0.0293   0.1187  -0.0674  -0.0742   0.0801   0.2437  -0.4858   0.4023 
  1.1475  -0.5356   0.0381   0.1294  -0.0625  -0.1001   0.0415   0.2651  -0.6284   0.3032 
  1.0762  -0.4302   0.0210   0.1440  -0.0806   0.0313  -0.0400   0.3291  -0.3442   0.2393 
  1.1099  -0.0649   0.0703   0.0649  -0.0781  -0.0137  -0.0986   0.3247  -0.4878   0.1650 
  0.8481   0.1938   0.1016   0.0215  -0.1016  -0.1099  -0.1846   0.2803  -0.7490   0.1528 
  1.3232  -0.2119   0.0762   0.0889  -0.1719  -0.0664  -0.2217   0.1826  -0.7603   0.1460 
  1.0410  -0.2490   0.0771   0.1143  -0.2427  -0.0962  -0.1870   0.0786  -0.7461   0.1836 
  0.8882  -0.1421  -0.0044   0.1499  -0.2495  -0.1714  -0.1797  -0.0898  -0.8145   0.2212 
  0.7539   0.0200   0.0181   0.1372  -0.1978  -0.1626  -0.2285  -0.3081  -0.8179   0.2349 
  0.6655   0.1768   0.0205   0.1021  -0.1328  -0.1689  -0.2324  -0.4136  -0.5581   0.2554 
  0.5273   0.2686   0.0059   0.0791  -0.0859  -0.1885  -0.2319  -0.5225  -0.5132   0.2539 
  0.3926   0.2817   0.0122   0.0791  -0.0259  -0.2158  -0.2178  -0.6465  -0.5815   0.2603 
  0.2207   0.2593   0.0010   0.0845   0.0234  -0.1973  -0.1895  -0.5405  -0.5620   0.2598 
  0.0933   0.3481   0.0601   0.0781   0.0459  -0.2251  -0.2090  -0.7656  -0.5073   0.2505 
  0.0171   0.3882   0.0591   0.0698   0.0493  -0.2246  -0.2559  -0.9551  -0.4004   0.2578 
 -0.0898   0.3511   0.0796   0.0728   0.0547  -0.1694  -0.2515  -1.3232  -0.3721   0.2349 
 -0.1582   0.3384   0.1206   0.0806   0.0947  -0.2041  -0.2783  -1.1699  -0.3906   0.2324 
 -0.1943   0.2866   0.1533   0.0913   0.0811  -0.2568  -0.2808  -1.4736  -0.4102   0.2261 
 -0.2671   0.2754   0.0991   0.0820   0.0869  -0.2290  -0.3091  -1.7710  -0.4619   0.2197 
 -0.3481   0.2661   0.0215   0.0708   0.1045  -0.2266  -0.3232  -1.5234  -0.4976   0.2119 
 -0.4287   0.2300   0.0386   0.0518   0.1748  -0.2607  -0.2974  -1.4849  -0.5098   0.2231 
 -0.5454   0.2266   0.1118   0.0269   0.3022  -0.2900  -0.3174  -1.5229  -0.5171   0.2476 
 -0.8223   0.2393   0.1396   0.0229   0.5591  -0.2935  -0.2847  -1.2793  -0.5200   0.2715 
 -1.4204   0.2212   0.1099  -0.0244   0.5693  -0.2646  -0.2549  -1.0835  -0.5098   0.2813 
 -2.3115   0.2197   0.0684  -0.0400   0.7471  -0.2729  -0.2539  -1.0234  -0.4878   0.2988 
 -0.8032   0.1543   0.0737  -0.0332   0.7734  -0.2837  -0.2710  -0.9722  -0.4932   0.3013 
 -0.1113   0.0010   0.0430  -0.0269   0.7676  -0.2969  -0.2681  -0.8975  -0.4927   0.3105 
  1.2051   0.0405   0.0161  -0.0356   0.7935  -0.2900  -0.2378  -0.7607  -0.5020   0.2915 
  3.3076   0.2236   0.0137  -0.0449   0.8447  -0.2793  -0.2305  -0.7109  -0.5205   0.2896 
 -3.4761   0.3018   0.0161  -0.0645   0.8086  -0.2837  -0.2349  -0.7168  -0.4912   0.2905 
 -6.0229   0.1968   0.0200  -0.0884   0.8018  -0.2861  -0.2271  -0.7144  -0.4917   0.2935 
  1.1338   0.0762   0.0254  -0.1094   0.7925  -0.2793  -0.2051  -0.6934  -0.4731   0.3145 
  0.8623   0.0137   0.0488  -0.0879   0.7480  -0.2861  -0.2134  -0.6895  -0.4595   0.3218 
  1.9546   0.0610   0.0259  -0.0923   0.7676  -0.2930  -0.2148  -0.6904  -0.4805   0.3452 
 -0.5713   0.0894   0.0220  -0.0991   0.7441  -0.3140  -0.2339  -0.7251  -0.5303   0.3374 
 -0.4233   0.1079   0.0073  -0.1064   0.7744  -0.2969  -0.2344  -0.7622  -0.5625   0.3491 
 -0.4106   0.1025  -0.0088  -0.0576   0.7544  -0.2734  -0.2368  -0.7920  -0.5972   0.3237 
 -0.2041   0.1191  -0.0493  -0.0020   0.7490  -0.2949  -0.2456  -0.8071  -0.5879   0.2993 
  0.0122   0.1318  -0.0835   0.0347   0.7515  -0.3091  -0.2339  -0.7598  -0.5479   0.2983 
 -0.0171   0.1519  -0.1162   0.1030   0.7441  -0.3755  -0.2446  -0.7173  -0.5273   0.3369 
 -0.0942   0.1753  -0.2041   0.1992   0.7349  -0.4297  -0.2500  -0.6499  -0.5298   0.3877 
 -0.0039   0.1768  -0.2412   0.2617   0.7163  -0.3838  -0.2236  -0.6514  -0.5537   0.4067 
  0.1450   0.1934  -0.2749   0.2983   0.6987  -0.3374  -0.2598  -0.7085  -0.6406   0.3501 
  0.3325   0.2109  -0.2583   0.4395   0.7041  -0.3164  -0.2896  -0.6929  -0.7202   0.3018 
  0.3105   0.2090  -0.2173   0.5098   0.7183  -0.3140  -0.2778  -0.5947  -0.7739   0.2305 
  0.3232   0.1909  -0.1934   0.5137   0.7202  -0.3115  -0.2866  -0.5112  -0.7437   0.1357 
  0.3633   0.1890  -0.1753   0.6060   0.7251  -0.2886  -0.2852  -0.4395  -0.6724   0.0654 
  0.4043   0.1841  -0.0718   0.8755   0.7129  -0.2769  -0.2583  -0.3833  -0.6455  -0.0542 
  0.3872   0.1826  -0.0571   1.1323   0.7061  -0.2217  -0.2534  -0.3418  -0.6274  -0.1982 
  0.3345   0.1919  -0.0430   1.0698   0.6968  -0.1924  -0.2617  -0.3472  -0.5801  -0.2778 
  0.3398   0.1563   0.0112   1.1040   0.6860  -0.1929  -0.2378  -0.3657  -0.5786  -0.2676 
  0.3281   0.1299   0.0879   1.2129   0.6665  -0.2285  -0.2046  -0.3818  -0.6025  -0.2310 
  0.3130   0.1519   0.1079   1.0811   0.6553  -0.2280  -0.1782  -0.3940  -0.6191  -0.5283 
  0.3315   0.0591   0.1626   0.9385   0.6675  -0.1777  -0.2012  -0.4229  -0.6440  -0.7021 
  0.3218   0.0664   0.2432   0.9951   0.6646  -0.2036  -0.2144  -0.4482  -0.6753  -0.8584 
  0.2969   0.1807   0.4038   1.0029   0.6660  -0.2920  -0.2085  -0.4722  -0.6753  -0.8535 
  0.2769   0.1396   0.3511   0.9531   0.6880  -0.2725  -0.1929  -0.4897  -0.6870  -1.2891 
  0.2280   0.0854   0.5986   1.0991   0.6973  -0.2148  -0.1758  -0.5298  -0.6631  -1.3496 
  0.2095  -0.0752   0.8418   1.1772   0.7109  -0.2036  -0.2183  -0.5259  -0.6616  -1.4683 
  0.2144  -0.2007   1.0015   1.0933   0.7217  -0.2710  -0.2739  -0.5586  -0.6733  -1.5229 
  0.1855  -0.2119   0.9160   0.9492   0.7271  -0.3418  -0.2798  -0.5547   0.0000  -1.4658 
  0.1973  -0.2510   1.0200   1.0703   0.7383  -0.3496  -0.2617  -0.5620   0.0000  -1.2354 
  0.1880  -0.2612   1.1592   1.2202   0.7573  -0.2710  -0.3174  -0.5488   0.0000  -1.1045 
  0.1621  -0.2446   1.1240   1.2764   0.7642  -0.2817  -0.3423  -0.5366   0.0000  -1.0732 
  0.1787  -0.2324   1.0703   1.2554   0.7822  -0.3809  -0.3032  -0.5151   0.0000  -1.0171 
  0.1914  -0.1294   1.0420   1.2480   0.7915  -0.4014  -0.4448  -0.5034   0.0000  -0.8608 
  0.1958  -0.0449   1.0835   1.2163   0.7979  -0.2930  -0.7119  -0.4922   0.0000  -0.7705 
  0.1655   0.0176   1.1460   1.1870   0.8184  -0.2036  -0.9082  -0.5063   0.0000  -0.8086 
  0.1753   0.0376   1.1338   1.1079   0.8071  -0.2881  -0.5762  -0.5332   0.0000  -0.7456 
  0.1743   0.0811   1.1489   1.0923   0.8120  -0.2568  -0.3730  -0.5479   0.0000  -0.6914 
  0.1724   0.2217   1.1279   1.0938   0.8179  -0.1245  -0.4629  -0.5562   0.0000  -0.6680 
  0.1885   0.3091   1.1089   1.0840   0.8101  -0.0024  -0.4668  -0.5308   0.0000  -0.6367 
  0.1768   0.2817   1.0742   1.0605   0.8179  -0.0342  -0.2578   0.0000   0.0000  -0.6382 
  0.1699   0.2939   1.0825   1.0034   0.8291  -0.0479  -0.4272   0.0000   0.0000  -0.6694 
  0.1611   0.5928   1.0791   0.9561   0.8218   0.0688  -0.7031   0.0000   0.0000  -0.7202 
  0.1631   0.7471   1.0679   0.8779   0.8286   0.0801  -0.6064   0.0000   0.0000  -0.7617 
  0.1797   0.7622   1.0659   0.7783   0.8301   0.0181  -0.3218   0.0000   0.0000  -0.8159 
  0.1865   0.9946   1.0684   0.7622   0.8286   0.0747  -0.3262   0.0000   0.0000  -0.8433 
  0.1724   1.2432   1.0313   0.7334   0.0000   0.0283  -0.4683   0.0000   0.0000  -0.8325 
  0.1660   1.1860   1.0020   0.5415   0.0000  -0.1265  -0.4351   0.0000   0.0000  -0.7871 
  0.1558   1.2695   0.0000   0.5049   0.0000  -0.1997  -0.3711   0.0000   0.0000  -0.7505 
  0.2065   1.5796   0.0000   0.8779   0.0000  -0.1787  -0.2227   0.0000   0.0000  -0.7041 
  0.2329   1.5679   0.0000   0.4878   0.0000  -0.1377  -0.2290   0.0000   0.0000  -0.6753 
  0.2441   1.4131   0.0000   1.0454   0.0000  -0.1128  -0.2227   0.0000   0.0000  -0.6631 
  0.2437   1.3535   0.0000   0.8291   0.0000  -0.0601  -0.2080   0.0000   0.0000  -0.6519 
  0.2002   1.3296   0.0000   0.6797   0.0000  -0.0215  -0.2056   0.0000   0.0000  -0.6353 
  0.2026   1.3389   0.0000   0.9937   0.0000  -0.0049  -0.1948   0.0000   0.0000  -0.6128 
  0.2119   1.2422   0.0000   0.8462   0.0000  -0.0400  -0.1782   0.0000   0.0000  -0.5913 
  0.2012   1.2876   0.0000   0.8623   0.0000  -0.0605  -0.1553   0.0000   0.0000  -0.5898 
  0.1665   1.2456   0.0000   0.8560   0.0000  -0.1021  -0.1504   0.0000   0.0000  -0.5801 
  0.1172   1.1914   0.0000   0.8330   0.0000  -0.1270  -0.1709   0.0000   0.0000  -0.5869 
  0.0850   1.1191   0.0000   0.8413   0.0000  -0.1470  -0.1729   0.0000   0.0000  -0.6035 
  0.0366   1.0576   0.0000   0.8379   0.0000  -0.1650  -0.1470   0.0000   0.0000  -0.5835 
  0.0303   1.0361   0.0000   0.8813   0.0000  -0.1685  -0.1138   0.0000   0.0000  -0.5718 
  0.0049   0.9839   0.0000   0.8608   0.0000  -0.1489  -0.1040   0.0000   0.0000  -0.5796 
 -0.0146   0.9595   0.0000   0.8525   0.0000  -0.1372  -0.0557   0.0000   0.0000  -0.5938 
 -0.0820   0.9307   0.0000   0.8379   0.0000  -0.1543  -0.0264   0.0000   0.0000  -0.6274 
 -0.1396   0.9209   0.0000   0.0000   0.0000  -0.1611  -0.0142   0.0000   0.0000  -0.6353 
 -0.1616   0.9097   0.0000   0.0000   0.0000  -0.1343  -0.0103   0.0000   0.0000  -0.6504 
 -0.1421   0.8984   0.0000   0.0000   0.0000  -0.1489  -0.0137   0.0000   0.0000  -0.6699 
 -0.1328   0.8975   0.0000   0.0000   0.0000  -0.1689  -0.0044   0.0000   0.0000  -0.6904 
 -0.1108   0.8799   0.0000   0.0000   0.0000  -0.1772   0.0098   0.0000   0.0000  -0.7349 
 -0.0049   0.8862   0.0000   0.0000   0.0000  -0.1860   0.0337   0.0000   0.0000  -0.7554 
  0.1489   0.8750   0.0000   0.0000   0.0000  -0.1304   0.0405   0.0000   0.0000  -0.7617 
  0.2471   0.9087   0.0000   0.0000   0.0000  -0.1421   0.0542   0.0000   0.0000  -0.7568 
  0.2959   0.8862   0.0000   0.0000   0.0000  -0.2251   0.0864   0.0000   0.0000  -0.7485 
  0.4590   0.8965   0.0000   0.0000   0.0000  -0.1846   0.0908   0.0000   0.0000  -0.7451 
  0.6875   0.8862   0.0000   0.0000   0.0000  -0.1953   0.0693   0.0000   0.0000  -0.7417 
  0.7217   0.0000   0.0000   0.0000   0.0000  -0.1948   0.0894   0.0000   0.0000  -0.7378 
  0.7109   0.0000   0.0000   0.0000   0.0000  -0.1553   0.0605   0.0000   0.0000  -0.7617 
  0.8545   0.0000   0.0000   0.0000   0.0000   0.0000   0.0586   0.0000   0.0000  -0.7661 
  0.9629   0.0000   0.0000   0.0000   0.0000   0.0000   0.0410   0.0000   0.0000  -0.7705 
  0.9434   0.0000   0.0000   0.0000   0.0000   0.0000   0.0142   0.0000   0.0000  -0.7261 
  1.0396   0.0000   0.0000   0.0000   0.0000   0.0000   0.0156   0.0000   0.0000  -0.7183 
  1.2974   0.0000   0.0000   0.0000   0.0000   0.0000   0.0181   0.0000   0.0000  -0.7075 
  1.3838   0.0000   0.0000   0.0000   0.0000   0.0000  -0.0034   0.0000   0.0000  -0.7031 
  1.4004   0.0000   0.0000   0.0000   0.0000   0.0000  -0.0122   0.0000   0.0000  -0.7061 
  1.6089   0.0000   0.0000   0.0000   0.0000   0.0000   0.0098   0.0000   0.0000  -0.7275 
  1.6128   0.0000   0.0000   0.0000   0.0000   0.0000   0.0000   0.0000   0.0000  -0.7134 
  1.4033   0.0000   0.0000   0.0000   0.0000   0.0000   0.0000   0.0000   0.0000  -0.7163 
  1.3140   0.0000   0.0000   0.0000   0.0000   0.0000   0.0000   0.0000   0.0000  -0.7129 
  1.2944   0.0000   0.0000   0.0000   0.0000   0.0000   0.0000   0.0000   0.0000  -0.6919 
  1.2529   0.0000   0.0000   0.0000   0.0000   0.0000   0.0000   0.0000   0.0000  -0.6899 
  1.2217   0.0000   0.0000   0.0000   0.0000   0.0000   0.0000   0.0000   0.0000  -0.6724 
  1.2056   0.0000   0.0000   0.0000   0.0000   0.0000   0.0000   0.0000   0.0000  -0.6606 
  1.1465   0.0000   0.0000   0.0000   0.0000   0.0000   0.0000   0.0000   0.0000  -0.6475 
  1.0430   0.0000   0.0000   0.0000   0.0000   0.0000   0.0000   0.0000   0.0000  -0.6260 
  0.9707   0.0000   0.0000   0.0000   0.0000   0.0000   0.0000   0.0000   0.0000  -0.6118 
  0.9346   0.0000   0.0000   0.0000   0.0000   0.0000   0.0000   0.0000   0.0000  -0.5854 
  0.8950   0.0000   0.0000   0.0000   0.0000   0.0000   0.0000   0.0000   0.0000  -0.5854 
  0.8726   0.0000   0.0000   0.0000   0.0000   0.0000   0.0000   0.0000   0.0000  -0.5781 
  0.8364   0.0000   0.0000   0.0000   0.0000   0.0000   0.0000   0.0000   0.0000  -0.5605 
  0.0000   0.0000   0.0000   0.0000   0.0000   0.0000   0.0000   0.0000   0.0000  -0.5376 
  0.0000   0.0000   0.0000   0.0000   0.0000   0.0000   0.0000   0.0000   0.0000  -0.5527 
  0.0000   0.0000   0.0000   0.0000   0.0000   0.0000   0.0000   0.0000   0.0000  -0.5518 
  0.0000   0.0000   0.0000   0.0000   0.0000   0.0000   0.0000   0.0000   0.0000  -0.5566 
  0.0000   0.0000   0.0000   0.0000   0.0000   0.0000   0.0000   0.0000   0.0000  -0.5562 
  0.0000   0.0000   0.0000   0.0000   0.0000   0.0000   0.0000   0.0000   0.0000  -0.5513 
  0.0000   0.0000   0.0000   0.0000   0.0000   0.0000   0.0000   0.0000   0.0000  -0.5439 
  0.0000   0.0000   0.0000   0.0000   0.0000   0.0000   0.0000   0.0000   0.0000   0.0000 
  0.0000   0.0000   0.0000   0.0000   0.0000   0.0000   0.0000   0.0000   0.0000   0.0000 
  0.0000   0.0000   0.0000   0.0000   0.0000   0.0000   0.0000   0.0000   0.0000   0.0000 
  0.0000   0.0000   0.0000   0.0000   0.0000   0.0000   0.0000   0.0000   0.0000   0.0000 
  0.0000   0.0000   0.0000   0.0000   0.0000   0.0000   0.0000   0.0000   0.0000   0.0000 
  0.0000   0.0000   0.0000   0.0000   0.0000   0.0000   0.0000   0.0000   0.0000   0.0000 
  0.0000   0.0000   0.0000   0.0000   0.0000   0.0000   0.0000   0.0000   0.0000   0.0000 
  0.0000   0.0000   0.0000   0.0000   0.0000   0.0000   0.0000   0.0000   0.0000   0.0000 
  0.0000   0.0000   0.0000   0.0000   0.0000   0.0000   0.0000   0.0000   0.0000   0.0000 
  0.0000   0.0000   0.0000   0.0000   0.0000   0.0000   0.0000   0.0000   0.0000   0.0000 
  0.0000   0.0000   0.0000   0.0000   0.0000   0.0000   0.0000   0.0000   0.0000   0.0000 
  0.0000   0.0000   0.0000   0.0000   0.0000   0.0000   0.0000   0.0000   0.0000   0.0000 
  0.0000   0.0000   0.0000   0.0000   0.0000   0.0000   0.0000   0.0000   0.0000   0.0000 
  0.0000   0.0000   0.0000   0.0000   0.0000   0.0000   0.0000   0.0000   0.0000   0.0000 
  0.0000   0.0000   0.0000   0.0000   0.0000   0.0000   0.0000   0.0000   0.0000   0.0000 
  0.0000   0.0000   0.0000   0.0000   0.0000   0.0000   0.0000   0.0000   0.0000   0.0000 
  0.0000   0.0000   0.0000   0.0000   0.0000   0.0000   0.0000   0.0000   0.0000   0.0000 
  0.0000   0.0000   0.0000   0.0000   0.0000   0.0000   0.0000   0.0000   0.0000   0.0000 
  0.0000   0.0000   0.0000   0.0000   0.0000   0.0000   0.0000   0.0000   0.0000   0.0000 
  0.0000   0.0000   0.0000   0.0000   0.0000   0.0000   0.0000   0.0000   0.0000   0.0000 
  0.0000   0.0000   0.0000   0.0000   0.0000   0.0000   0.0000   0.0000   0.0000   0.0000 
  0.0000   0.0000   0.0000   0.0000   0.0000   0.0000   0.0000   0.0000   0.0000   0.0000 
  0.0000   0.0000   0.0000   0.0000   0.0000   0.0000   0.0000   0.0000   0.0000   0.0000 
  0.0000   0.0000   0.0000   0.0000   0.0000   0.0000   0.0000   0.0000   0.0000   0.0000 
  0.0000   0.0000   0.0000   0.0000   0.0000   0.0000   0.0000   0.0000   0.0000   0.0000 
  0.0000   0.0000   0.0000   0.0000   0.0000   0.0000   0.0000   0.0000   0.0000   0.0000 
  0.0000   0.0000   0.0000   0.0000   0.0000   0.0000   0.0000   0.0000   0.0000   0.0000 
  0.0000   0.0000   0.0000   0.0000   0.0000   0.0000   0.0000   0.0000   0.0000   0.0000 
  0.0000   0.0000   0.0000   0.0000   0.0000   0.0000   0.0000   0.0000   0.0000   0.0000 
  0.0000   0.0000   0.0000   0.0000   0.0000   0.0000   0.0000   0.0000   0.0000   0.0000 
  0.0000   0.0000   0.0000   0.0000   0.0000   0.0000   0.0000   0.0000   0.0000   0.0000 
  0.0000   0.0000   0.0000   0.0000   0.0000   0.0000   0.0000   0.0000   0.0000   0.0000 
  0.0000   0.0000   0.0000   0.0000   0.0000   0.0000   0.0000   0.0000   0.0000   0.0000 
  0.0000   0.0000   0.0000   0.0000   0.0000   0.0000   0.0000   0.0000   0.0000   0.0000 
  0.0000   0.0000   0.0000   0.0000   0.0000   0.0000   0.0000   0.0000   0.0000   0.0000 
  0.0000   0.0000   0.0000   0.0000   0.0000   0.0000   0.0000   0.0000   0.0000   0.0000 
  0.0000   0.0000   0.0000   0.0000   0.0000   0.0000   0.0000   0.0000   0.0000   0.0000 
  0.0000   0.0000   0.0000   0.0000   0.0000   0.0000   0.0000   0.0000   0.0000   0.0000 
  0.0000   0.0000   0.0000   0.0000   0.0000   0.0000   0.0000   0.0000   0.0000   0.0000 
  0.0000   0.0000   0.0000   0.0000   0.0000   0.0000   0.0000   0.0000   0.0000   0.0000 
  0.0000   0.0000   0.0000   0.0000   0.0000   0.0000   0.0000   0.0000   0.0000   0.0000 
  0.0000   0.0000   0.0000   0.0000   0.0000   0.0000   0.0000   0.0000   0.0000   0.0000 
  0.0000   0.0000   0.0000   0.0000   0.0000   0.0000   0.0000   0.0000   0.0000   0.0000 
  0.0000   0.0000   0.0000   0.0000   0.0000   0.0000   0.0000   0.0000   0.0000   0.0000 
  0.0000   0.0000   0.0000   0.0000   0.0000   0.0000   0.0000   0.0000   0.0000   0.0000 
  0.0000   0.0000   0.0000   0.0000   0.0000   0.0000   0.0000   0.0000   0.0000   0.0000 
  0.0000   0.0000   0.0000   0.0000   0.0000   0.0000   0.0000   0.0000   0.0000   0.0000 
  0.0000   0.0000   0.0000   0.0000   0.0000   0.0000   0.0000   0.0000   0.0000   0.0000 
  0.0000   0.0000   0.0000   0.0000   0.0000   0.0000   0.0000   0.0000   0.0000   0.0000 
  0.0000   0.0000   0.0000   0.0000   0.0000   0.0000   0.0000   0.0000   0.0000   0.0000 
  0.0000   0.0000   0.0000   0.0000   0.0000   0.0000   0.0000   0.0000   0.0000   0.0000 
  0.0000   0.0000   0.0000   0.0000   0.0000   0.0000   0.0000   0.0000   0.0000   0.0000 
  0.0000   0.0000   0.0000   0.0000   0.0000   0.0000   0.0000   0.0000   0.0000   0.0000 
  0.0000   0.0000   0.0000   0.0000   0.0000   0.0000   0.0000   0.0000   0.0000   0.0000 
  0.0000   0.0000   0.0000   0.0000   0.0000   0.0000   0.0000   0.0000   0.0000   0.0000 
  0.0000   0.0000   0.0000   0.0000   0.0000   0.0000   0.0000   0.0000   0.0000   0.0000 
  0.0000   0.0000   0.0000   0.0000   0.0000   0.0000   0.0000   0.0000   0.0000   0.0000 
  0.0000   0.0000   0.0000   0.0000   0.0000   0.0000   0.0000   0.0000   0.0000   0.0000 
  0.0000   0.0000   0.0000   0.0000   0.0000   0.0000   0.0000   0.0000   0.0000   0.0000 
  0.0000   0.0000   0.0000   0.0000   0.0000   0.0000   0.0000   0.0000   0.0000   0.0000 
  0.0000   0.0000   0.0000   0.0000   0.0000   0.0000   0.0000   0.0000   0.0000   0.0000 
  0.0000   0.0000   0.0000   0.0000   0.0000   0.0000   0.0000   0.0000   0.0000   0.0000 
  0.0000   0.0000   0.0000   0.0000   0.0000   0.0000   0.0000   0.0000   0.0000   0.0000 
  0.0000   0.0000   0.0000   0.0000   0.0000   0.0000   0.0000   0.0000   0.0000   0.0000 
  0.0000   0.0000   0.0000   0.0000   0.0000   0.0000   0.0000   0.0000   0.0000   0.0000 
  0.0000   0.0000   0.0000   0.0000   0.0000   0.0000   0.0000   0.0000   0.0000   0.0000 
  0.0000   0.0000   0.0000   0.0000   0.0000   0.0000   0.0000   0.0000   0.0000   0.0000 
  0.0000   0.0000   0.0000   0.0000   0.0000   0.0000   0.0000   0.0000   0.0000   0.0000 
  0.0000   0.0000   0.0000   0.0000   0.0000   0.0000   0.0000   0.0000   0.0000   0.0000 
  0.0000   0.0000   0.0000   0.0000   0.0000   0.0000   0.0000   0.0000   0.0000   0.0000 
  0.0000   0.0000   0.0000   0.0000   0.0000   0.0000   0.0000   0.0000   0.0000   0.0000 
  0.0000   0.0000   0.0000   0.0000   0.0000   0.0000   0.0000   0.0000   0.0000   0.0000 
  0.0000   0.0000   0.0000   0.0000   0.0000   0.0000   0.0000   0.0000   0.0000   0.0000 
  0.0000   0.0000   0.0000   0.0000   0.0000   0.0000   0.0000   0.0000   0.0000   0.0000 
  0.0000   0.0000   0.0000   0.0000   0.0000   0.0000   0.0000   0.0000   0.0000   0.0000 
  0.0000   0.0000   0.0000   0.0000   0.0000   0.0000   0.0000   0.0000   0.0000   0.0000 
  0.0000   0.0000   0.0000   0.0000   0.0000   0.0000   0.0000   0.0000   0.0000   0.0000 
  0.0000   0.0000   0.0000   0.0000   0.0000   0.0000   0.0000   0.0000   0.0000   0.0000 
  0.0000   0.0000   0.0000   0.0000   0.0000   0.0000   0.0000   0.0000   0.0000   0.0000 
  0.0000   0.0000   0.0000   0.0000   0.0000   0.0000   0.0000   0.0000   0.0000   0.0000 
  0.0000   0.0000   0.0000   0.0000   0.0000   0.0000   0.0000   0.0000   0.0000   0.0000 
  0.0000   0.0000   0.0000   0.0000   0.0000   0.0000   0.0000   0.0000   0.0000   0.0000 
  0.0000   0.0000   0.0000   0.0000   0.0000   0.0000   0.0000   0.0000   0.0000   0.0000 
  0.0000   0.0000   0.0000   0.0000   0.0000   0.0000   0.0000   0.0000   0.0000   0.0000 
  0.0000   0.0000   0.0000   0.0000   0.0000   0.0000   0.0000   0.0000   0.0000   0.0000 
  0.0000   0.0000   0.0000   0.0000   0.0000   0.0000   0.0000   0.0000   0.0000   0.0000 
  0.0000   0.0000   0.0000   0.0000   0.0000   0.0000   0.0000   0.0000   0.0000   0.0000 
  0.0000   0.0000   0.0000   0.0000   0.0000   0.0000   0.0000   0.0000   0.0000   0.0000 
  0.0000   0.0000   0.0000   0.0000   0.0000   0.0000   0.0000   0.0000   0.0000   0.0000 
  0.0000   0.0000   0.0000   0.0000   0.0000   0.0000   0.0000   0.0000   0.0000   0.0000 
  0.0000   0.0000   0.0000   0.0000   0.0000   0.0000   0.0000   0.0000   0.0000   0.0000 
  0.0000   0.0000   0.0000   0.0000   0.0000   0.0000   0.0000   0.0000   0.0000   0.0000 
  0.0000   0.0000   0.0000   0.0000   0.0000   0.0000   0.0000   0.0000   0.0000   0.0000 
  0.0000   0.0000   0.0000   0.0000   0.0000   0.0000   0.0000   0.0000   0.0000   0.0000 
  0.0000   0.0000   0.0000   0.0000   0.0000   0.0000   0.0000   0.0000   0.0000   0.0000 
  0.0000   0.0000   0.0000   0.0000   0.0000   0.0000   0.0000   0.0000   0.0000   0.0000 
  0.0000   0.0000   0.0000   0.0000   0.0000   0.0000   0.0000   0.0000   0.0000   0.0000 
  0.0000   0.0000   0.0000   0.0000   0.0000   0.0000   0.0000   0.0000   0.0000   0.0000 
  0.0000   0.0000   0.0000   0.0000   0.0000   0.0000   0.0000   0.0000   0.0000   0.0000 
  0.0000   0.0000   0.0000   0.0000   0.0000   0.0000   0.0000   0.0000   0.0000   0.0000 
  0.0000   0.0000   0.0000   0.0000   0.0000   0.0000   0.0000   0.0000   0.0000   0.0000 
  0.0000   0.0000   0.0000   0.0000   0.0000   0.0000   0.0000   0.0000   0.0000   0.0000 
  0.0000   0.0000   0.0000   0.0000   0.0000   0.0000   0.0000   0.0000   0.0000   0.0000 
  0.0000   0.0000   0.0000   0.0000   0.0000   0.0000   0.0000   0.0000   0.0000   0.0000 
  0.0000   0.0000   0.0000   0.0000   0.0000   0.0000   0.0000   0.0000   0.0000   0.0000 
  0.0000   0.0000   0.0000   0.0000   0.0000   0.0000   0.0000   0.0000   0.0000   0.0000 
  0.0000   0.0000   0.0000   0.0000   0.0000   0.0000   0.0000   0.0000   0.0000   0.0000 
  0.0000   0.0000   0.0000   0.0000   0.0000   0.0000   0.0000   0.0000   0.0000   0.0000 
  0.0000   0.0000   0.0000   0.0000   0.0000   0.0000   0.0000   0.0000   0.0000   0.0000 
  0.0000   0.0000   0.0000   0.0000   0.0000   0.0000   0.0000   0.0000   0.0000   0.0000 
  0.0000   0.0000   0.0000   0.0000   0.0000   0.0000   0.0000   0.0000   0.0000   0.0000 
  0.0000   0.0000   0.0000   0.0000   0.0000   0.0000   0.0000   0.0000   0.0000   0.0000 
  0.0000   0.0000   0.0000   0.0000   0.0000   0.0000   0.0000   0.0000   0.0000   0.0000 
  0.0000   0.0000   0.0000   0.0000   0.0000   0.0000   0.0000   0.0000   0.0000   0.0000 
  0.0000   0.0000   0.0000   0.0000   0.0000   0.0000   0.0000   0.0000   0.0000   0.0000 
  0.0000   0.0000   0.0000   0.0000   0.0000   0.0000   0.0000   0.0000   0.0000   0.0000 
  0.0000   0.0000   0.0000   0.0000   0.0000   0.0000   0.0000   0.0000   0.0000   0.0000 
  0.0000   0.0000   0.0000   0.0000   0.0000   0.0000   0.0000   0.0000   0.0000   0.0000 
  0.0000   0.0000   0.0000   0.0000   0.0000   0.0000   0.0000   0.0000   0.0000   0.0000 
  0.0000   0.0000   0.0000   0.0000   0.0000   0.0000   0.0000   0.0000   0.0000   0.0000 
  0.0000   0.0000   0.0000   0.0000   0.0000   0.0000   0.0000   0.0000   0.0000   0.0000 
  0.0000   0.0000   0.0000   0.0000   0.0000   0.0000   0.0000   0.0000   0.0000   0.0000 
  0.0000   0.0000   0.0000   0.0000   0.0000   0.0000   0.0000   0.0000   0.0000   0.0000 
  0.0000   0.0000   0.0000   0.0000   0.0000   0.0000   0.0000   0.0000   0.0000   0.0000 
  0.0000   0.0000   0.0000   0.0000   0.0000   0.0000   0.0000   0.0000   0.0000   0.0000 
  0.0000   0.0000   0.0000   0.0000   0.0000   0.0000   0.0000   0.0000   0.0000   0.0000 
  0.0000   0.0000   0.0000   0.0000   0.0000   0.0000   0.0000   0.0000   0.0000   0.0000 
  0.0000   0.0000   0.0000   0.0000   0.0000   0.0000   0.0000   0.0000   0.0000   0.0000 
  0.0000   0.0000   0.0000   0.0000   0.0000   0.0000   0.0000   0.0000   0.0000   0.0000 
  0.0000   0.0000   0.0000   0.0000   0.0000   0.0000   0.0000   0.0000   0.0000   0.0000 
  0.0000   0.0000   0.0000   0.0000   0.0000   0.0000   0.0000   0.0000   0.0000   0.0000 
  0.0000   0.0000   0.0000   0.0000   0.0000   0.0000   0.0000   0.0000   0.0000   0.0000 
  0.0000   0.0000   0.0000   0.0000   0.0000   0.0000   0.0000   0.0000   0.0000   0.0000 
  0.0000   0.0000   0.0000   0.0000   0.0000   0.0000   0.0000   0.0000   0.0000   0.0000 
  0.0000   0.0000   0.0000   0.0000   0.0000   0.0000   0.0000   0.0000   0.0000   0.0000 
  0.0000   0.0000   0.0000   0.0000   0.0000   0.0000   0.0000   0.0000   0.0000   0.0000 
  0.0000   0.0000   0.0000   0.0000   0.0000   0.0000   0.0000   0.0000   0.0000   0.0000 
  0.0000   0.0000   0.0000   0.0000   0.0000   0.0000   0.0000   0.0000   0.0000   0.0000 
  0.0000   0.0000   0.0000   0.0000   0.0000   0.0000   0.0000   0.0000   0.0000   0.0000 
  0.0000   0.0000   0.0000   0.0000   0.0000   0.0000   0.0000   0.0000   0.0000   0.0000 
  0.0000   0.0000   0.0000   0.0000   0.0000   0.0000   0.0000   0.0000   0.0000   0.0000 
  0.0000   0.0000   0.0000   0.0000   0.0000   0.0000   0.0000   0.0000   0.0000   0.0000 
  0.0000   0.0000   0.0000   0.0000   0.0000   0.0000   0.0000   0.0000   0.0000   0.0000 
  0.0000   0.0000   0.0000   0.0000   0.0000   0.0000   0.0000   0.0000   0.0000   0.0000 
  0.0000   0.0000   0.0000   0.0000   0.0000   0.0000   0.0000   0.0000   0.0000   0.0000 
  0.0000   0.0000   0.0000   0.0000   0.0000   0.0000   0.0000   0.0000   0.0000   0.0000 
  0.0000   0.0000   0.0000   0.0000   0.0000   0.0000   0.0000   0.0000   0.0000   0.0000 
  0.0000   0.0000   0.0000   0.0000   0.0000   0.0000   0.0000   0.0000   0.0000   0.0000 
  0.0000   0.0000   0.0000   0.0000   0.0000   0.0000   0.0000   0.0000   0.0000   0.0000 
  0.0000   0.0000   0.0000   0.0000   0.0000   0.0000   0.0000   0.0000   0.0000   0.0000 
  0.0000   0.0000   0.0000   0.0000   0.0000   0.0000   0.0000   0.0000   0.0000   0.0000 
  0.0000   0.0000   0.0000   0.0000   0.0000   0.0000   0.0000   0.0000   0.0000   0.0000 
  0.0000   0.0000   0.0000   0.0000   0.0000   0.0000   0.0000   0.0000   0.0000   0.0000 
  0.0000   0.0000   0.0000   0.0000   0.0000   0.0000   0.0000   0.0000   0.0000   0.0000 
  0.0000   0.0000   0.0000   0.0000   0.0000   0.0000   0.0000   0.0000   0.0000   0.0000 
  0.0000   0.0000   0.0000   0.0000   0.0000   0.0000   0.0000   0.0000   0.0000   0.0000 
  0.0000   0.0000   0.0000   0.0000   0.0000   0.0000   0.0000   0.0000   0.0000   0.0000 
  0.0000   0.0000   0.0000   0.0000   0.0000   0.0000   0.0000   0.0000   0.0000   0.0000 
  0.0000   0.0000   0.0000   0.0000   0.0000   0.0000   0.0000   0.0000   0.0000   0.0000 
  0.0000   0.0000   0.0000   0.0000   0.0000   0.0000   0.0000   0.0000   0.0000   0.0000 
  0.0000   0.0000   0.0000   0.0000   0.0000   0.0000   0.0000   0.0000   0.0000   0.0000 
  0.0000   0.0000   0.0000   0.0000   0.0000   0.0000   0.0000   0.0000   0.0000   0.0000 
  0.0000   0.0000   0.0000   0.0000   0.0000   0.0000   0.0000   0.0000   0.0000   0.0000 
  0.0000   0.0000   0.0000   0.0000   0.0000   0.0000   0.0000   0.0000   0.0000   0.0000 
  0.0000   0.0000   0.0000   0.0000   0.0000   0.0000   0.0000   0.0000   0.0000   0.0000 
  0.0000   0.0000   0.0000   0.0000   0.0000   0.0000   0.0000   0.0000   0.0000   0.0000 
  0.0000   0.0000   0.0000   0.0000   0.0000   0.0000   0.0000   0.0000   0.0000   0.0000 
  0.0000   0.0000   0.0000   0.0000   0.0000   0.0000   0.0000   0.0000   0.0000   0.0000 
  0.0000   0.0000   0.0000   0.0000   0.0000   0.0000   0.0000   0.0000   0.0000   0.0000 
  0.0000   0.0000   0.0000   0.0000   0.0000   0.0000   0.0000   0.0000   0.0000   0.0000 
  0.0000   0.0000   0.0000   0.0000   0.0000   0.0000   0.0000   0.0000   0.0000   0.0000 
  0.0000   0.0000   0.0000   0.0000   0.0000   0.0000   0.0000   0.0000   0.0000   0.0000 
  0.0000   0.0000   0.0000   0.0000   0.0000   0.0000   0.0000   0.0000   0.0000   0.0000 
  0.0000   0.0000   0.0000   0.0000   0.0000   0.0000   0.0000   0.0000   0.0000   0.0000 
  0.0000   0.0000   0.0000   0.0000   0.0000   0.0000   0.0000   0.0000   0.0000   0.0000 
  0.0000   0.0000   0.0000   0.0000   0.0000   0.0000   0.0000   0.0000   0.0000   0.0000 
  0.0000   0.0000   0.0000   0.0000   0.0000   0.0000   0.0000   0.0000   0.0000   0.0000 
  0.0000   0.0000   0.0000   0.0000   0.0000   0.0000   0.0000   0.0000   0.0000   0.0000 
  0.0000   0.0000   0.0000   0.0000   0.0000   0.0000   0.0000   0.0000   0.0000   0.0000 
  0.0000   0.0000   0.0000   0.0000   0.0000   0.0000   0.0000   0.0000   0.0000   0.0000 
  0.0000   0.0000   0.0000   0.0000   0.0000   0.0000   0.0000   0.0000   0.0000   0.0000 
  0.0000   0.0000   0.0000   0.0000   0.0000   0.0000   0.0000   0.0000   0.0000   0.0000 
  0.0000   0.0000   0.0000   0.0000   0.0000   0.0000   0.0000   0.0000   0.0000   0.0000 
  0.0000   0.0000   0.0000   0.0000   0.0000   0.0000   0.0000   0.0000   0.0000   0.0000 
  0.0000   0.0000   0.0000   0.0000   0.0000   0.0000   0.0000   0.0000   0.0000   0.0000 
  0.0000   0.0000   0.0000   0.0000   0.0000   0.0000   0.0000   0.0000   0.0000   0.0000 
  0.0000   0.0000   0.0000   0.0000   0.0000   0.0000   0.0000   0.0000   0.0000   0.0000 
  0.0000   0.0000   0.0000   0.0000   0.0000   0.0000   0.0000   0.0000   0.0000   0.0000 
  0.0000   0.0000   0.0000   0.0000   0.0000   0.0000   0.0000   0.0000   0.0000   0.0000 
  0.0000   0.0000   0.0000   0.0000   0.0000   0.0000   0.0000   0.0000   0.0000   0.0000 
  0.0000   0.0000   0.0000   0.0000   0.0000   0.0000   0.0000   0.0000   0.0000   0.0000 
  0.0000   0.0000   0.0000   0.0000   0.0000   0.0000   0.0000   0.0000   0.0000   0.0000 
  0.0000   0.0000   0.0000   0.0000   0.0000   0.0000   0.0000   0.0000   0.0000   0.0000 
  0.0000   0.0000   0.0000   0.0000   0.0000   0.0000   0.0000   0.0000   0.0000   0.0000 
  0.0000   0.0000   0.0000   0.0000   0.0000   0.0000   0.0000   0.0000   0.0000   0.0000 
  0.0000   0.0000   0.0000   0.0000   0.0000   0.0000   0.0000   0.0000   0.0000   0.0000 
  0.0000   0.0000   0.0000   0.0000   0.0000   0.0000   0.0000   0.0000   0.0000   0.0000 
  0.0000   0.0000   0.0000   0.0000   0.0000   0.0000   0.0000   0.0000   0.0000   0.0000 
  0.0000   0.0000   0.0000   0.0000   0.0000   0.0000   0.0000   0.0000   0.0000   0.0000 
  0.0000   0.0000   0.0000   0.0000   0.0000   0.0000   0.0000   0.0000   0.0000   0.0000 
  0.0000   0.0000   0.0000   0.0000   0.0000   0.0000   0.0000   0.0000   0.0000   0.0000 
  0.0000   0.0000   0.0000   0.0000   0.0000   0.0000   0.0000   0.0000   0.0000   0.0000 
  0.0000   0.0000   0.0000   0.0000   0.0000   0.0000   0.0000   0.0000   0.0000   0.0000 
  0.0000   0.0000   0.0000   0.0000   0.0000   0.0000   0.0000   0.0000   0.0000   0.0000 
  0.0000   0.0000   0.0000   0.0000   0.0000   0.0000   0.0000   0.0000   0.0000   0.0000 
  0.0000   0.0000   0.0000   0.0000   0.0000   0.0000   0.0000   0.0000   0.0000   0.0000 
  0.0000   0.0000   0.0000   0.0000   0.0000   0.0000   0.0000   0.0000   0.0000   0.0000 
  0.0000   0.0000   0.0000   0.0000   0.0000   0.0000   0.0000   0.0000   0.0000   0.0000 
  0.0000   0.0000   0.0000   0.0000   0.0000   0.0000   0.0000   0.0000   0.0000   0.0000 
  0.0000   0.0000   0.0000   0.0000   0.0000   0.0000   0.0000   0.0000   0.0000   0.0000 
  0.0000   0.0000   0.0000   0.0000   0.0000   0.0000   0.0000   0.0000   0.0000   0.0000 
  0.0000   0.0000   0.0000   0.0000   0.0000   0.0000   0.0000   0.0000   0.0000   0.0000 
  0.0000   0.0000   0.0000   0.0000   0.0000   0.0000   0.0000   0.0000   0.0000   0.0000 
  0.0000   0.0000   0.0000   0.0000   0.0000   0.0000   0.0000   0.0000   0.0000   0.0000 
  0.0000   0.0000   0.0000   0.0000   0.0000   0.0000   0.0000   0.0000   0.0000   0.0000 
  0.0000   0.0000   0.0000   0.0000   0.0000   0.0000   0.0000   0.0000   0.0000   0.0000 
  0.0000   0.0000   0.0000   0.0000   0.0000   0.0000   0.0000   0.0000   0.0000   0.0000 
  0.0000   0.0000   0.0000   0.0000   0.0000   0.0000   0.0000   0.0000   0.0000   0.0000 
  0.0000   0.0000   0.0000   0.0000   0.0000   0.0000   0.0000   0.0000   0.0000   0.0000 
  0.0000   0.0000   0.0000   0.0000   0.0000   0.0000   0.0000   0.0000   0.0000   0.0000 
  0.0000   0.0000   0.0000   0.0000   0.0000   0.0000   0.0000   0.0000   0.0000   0.0000 
  0.0000   0.0000   0.0000   0.0000   0.0000   0.0000   0.0000   0.0000   0.0000   0.0000 
  0.0000   0.0000   0.0000   0.0000   0.0000   0.0000   0.0000   0.0000   0.0000   0.0000 
  0.0000   0.0000   0.0000   0.0000   0.0000   0.0000   0.0000   0.0000   0.0000   0.0000 
  0.0000   0.0000   0.0000   0.0000   0.0000   0.0000   0.0000   0.0000   0.0000   0.0000 
  0.0000   0.0000   0.0000   0.0000   0.0000   0.0000   0.0000   0.0000   0.0000   0.0000 
  0.0000   0.0000   0.0000   0.0000   0.0000   0.0000   0.0000   0.0000   0.0000   0.0000 
  0.0000   0.0000   0.0000   0.0000   0.0000   0.0000   0.0000   0.0000   0.0000   0.0000 
  0.0000   0.0000   0.0000   0.0000   0.0000   0.0000   0.0000   0.0000   0.0000   0.0000 
  0.0000   0.0000   0.0000   0.0000   0.0000   0.0000   0.0000   0.0000   0.0000   0.0000 
  0.0000   0.0000   0.0000   0.0000   0.0000   0.0000   0.0000   0.0000   0.0000   0.0000 
  0.0000   0.0000   0.0000   0.0000   0.0000   0.0000   0.0000   0.0000   0.0000   0.0000 
  0.0000   0.0000   0.0000   0.0000   0.0000   0.0000   0.0000   0.0000   0.0000   0.0000 
  0.0000   0.0000   0.0000   0.0000   0.0000   0.0000   0.0000   0.0000   0.0000   0.0000 
  0.0000   0.0000   0.0000   0.0000   0.0000   0.0000   0.0000   0.0000   0.0000   0.0000 
  0.0000   0.0000   0.0000   0.0000   0.0000   0.0000   0.0000   0.0000   0.0000   0.0000 
  0.0000   0.0000   0.0000   0.0000   0.0000   0.0000   0.0000   0.0000   0.0000   0.0000 
  0.0000   0.0000   0.0000   0.0000   0.0000   0.0000   0.0000   0.0000   0.0000   0.0000 
  0.0000   0.0000   0.0000   0.0000   0.0000   0.0000   0.0000   0.0000   0.0000   0.0000 
  0.0000   0.0000   0.0000   0.0000   0.0000   0.0000   0.0000   0.0000   0.0000   0.0000 
  0.0000   0.0000   0.0000   0.0000   0.0000   0.0000   0.0000   0.0000   0.0000   0.0000 
  0.0000   0.0000   0.0000   0.0000   0.0000   0.0000   0.0000   0.0000   0.0000   0.0000 
  0.0000   0.0000   0.0000   0.0000   0.0000   0.0000   0.0000   0.0000   0.0000   0.0000 
  0.0000   0.0000   0.0000   0.0000   0.0000   0.0000   0.0000   0.0000   0.0000   0.0000 
  0.0000   0.0000   0.0000   0.0000   0.0000   0.0000   0.0000   0.0000   0.0000   0.0000 
  0.0000   0.0000   0.0000   0.0000   0.0000   0.0000   0.0000   0.0000   0.0000   0.0000 
  0.0000   0.0000   0.0000   0.0000   0.0000   0.0000   0.0000   0.0000   0.0000   0.0000 
  0.0000   0.0000   0.0000   0.0000   0.0000   0.0000   0.0000   0.0000   0.0000   0.0000 
  0.0000   0.0000   0.0000   0.0000   0.0000   0.0000   0.0000   0.0000   0.0000   0.0000 
  0.0000   0.0000   0.0000   0.0000   0.0000   0.0000   0.0000   0.0000   0.0000   0.0000 
  0.0000   0.0000   0.0000   0.0000   0.0000   0.0000   0.0000   0.0000   0.0000   0.0000 
  0.0000   0.0000   0.0000   0.0000   0.0000   0.0000   0.0000   0.0000   0.0000   0.0000 
  0.0000   0.0000   0.0000   0.0000   0.0000   0.0000   0.0000   0.0000   0.0000   0.0000 
  0.0000   0.0000   0.0000   0.0000   0.0000   0.0000   0.0000   0.0000   0.0000   0.0000 
  0.0000   0.0000   0.0000   0.0000   0.0000   0.0000   0.0000   0.0000   0.0000   0.0000 
  0.0000   0.0000   0.0000   0.0000   0.0000   0.0000   0.0000   0.0000   0.0000   0.0000 
  0.0000   0.0000   0.0000   0.0000   0.0000   0.0000   0.0000   0.0000   0.0000   0.0000 
  0.0000   0.0000   0.0000   0.0000   0.0000   0.0000   0.0000   0.0000   0.0000   0.0000 
  0.0000   0.0000   0.0000   0.0000   0.0000   0.0000   0.0000   0.0000   0.0000   0.0000 
  0.0000   0.0000   0.0000   0.0000   0.0000   0.0000   0.0000   0.0000   0.0000   0.0000 
  0.0000   0.0000   0.0000   0.0000   0.0000   0.0000   0.0000   0.0000   0.0000   0.0000 
  0.0000   0.0000   0.0000   0.0000   0.0000   0.0000   0.0000   0.0000   0.0000   0.0000 
  0.0000   0.0000   0.0000   0.0000   0.0000   0.0000   0.0000   0.0000   0.0000   0.0000 
  0.0000   0.0000   0.0000   0.0000   0.0000   0.0000   0.0000   0.0000   0.0000   0.0000 
  0.0000   0.0000   0.0000   0.0000   0.0000   0.0000   0.0000   0.0000   0.0000   0.0000 
  0.0000   0.0000   0.0000   0.0000   0.0000   0.0000   0.0000   0.0000   0.0000   0.0000 
  0.0000   0.0000   0.0000   0.0000   0.0000   0.0000   0.0000   0.0000   0.0000   0.0000 
  0.0000   0.0000   0.0000   0.0000   0.0000   0.0000   0.0000   0.0000   0.0000   0.0000 
  0.0000   0.0000   0.0000   0.0000   0.0000   0.0000   0.0000   0.0000   0.0000   0.0000 
  0.0000   0.0000   0.0000   0.0000   0.0000   0.0000   0.0000   0.0000   0.0000   0.0000 
  0.0000   0.0000   0.0000   0.0000   0.0000   0.0000   0.0000   0.0000   0.0000   0.0000 
  0.0000   0.0000   0.0000   0.0000   0.0000   0.0000   0.0000   0.0000   0.0000   0.0000 
  0.0000   0.0000   0.0000   0.0000   0.0000   0.0000   0.0000   0.0000   0.0000   0.0000 
  0.0000   0.0000   0.0000   0.0000   0.0000   0.0000   0.0000   0.0000   0.0000   0.0000 
  0.0000   0.0000   0.0000   0.0000   0.0000   0.0000   0.0000   0.0000   0.0000   0.0000 
  0.0000   0.0000   0.0000   0.0000   0.0000   0.0000   0.0000   0.0000   0.0000   0.0000 
  0.0000   0.0000   0.0000   0.0000   0.0000   0.0000   0.0000   0.0000   0.0000   0.0000 
  0.0000   0.0000   0.0000   0.0000   0.0000   0.0000   0.0000   0.0000   0.0000   0.0000 
  0.0000   0.0000   0.0000   0.0000   0.0000   0.0000   0.0000   0.0000   0.0000   0.0000 
  0.0000   0.0000   0.0000   0.0000   0.0000   0.0000   0.0000   0.0000   0.0000   0.0000 
  0.0000   0.0000   0.0000   0.0000   0.0000   0.0000   0.0000   0.0000   0.0000   0.0000 
  0.0000   0.0000   0.0000   0.0000   0.0000   0.0000   0.0000   0.0000   0.0000   0.0000 
  0.0000   0.0000   0.0000   0.0000   0.0000   0.0000   0.0000   0.0000   0.0000   0.0000 
  0.0000   0.0000   0.0000   0.0000   0.0000   0.0000   0.0000   0.0000   0.0000   0.0000 
  0.0000   0.0000   0.0000   0.0000   0.0000   0.0000   0.0000   0.0000   0.0000   0.0000 
  0.0000   0.0000   0.0000   0.0000   0.0000   0.0000   0.0000   0.0000   0.0000   0.0000 
  0.0000   0.0000   0.0000   0.0000   0.0000   0.0000   0.0000   0.0000   0.0000   0.0000 
  0.0000   0.0000   0.0000   0.0000   0.0000   0.0000   0.0000   0.0000   0.0000   0.0000 
  0.0000   0.0000   0.0000   0.0000   0.0000   0.0000   0.0000   0.0000   0.0000   0.0000 
  0.0000   0.0000   0.0000   0.0000   0.0000   0.0000   0.0000   0.0000   0.0000   0.0000 
  0.0000   0.0000   0.0000   0.0000   0.0000   0.0000   0.0000   0.0000   0.0000   0.0000 
  0.0000   0.0000   0.0000   0.0000   0.0000   0.0000   0.0000   0.0000   0.0000   0.0000 
  0.0000   0.0000   0.0000   0.0000   0.0000   0.0000   0.0000   0.0000   0.0000   0.0000 
  0.0000   0.0000   0.0000   0.0000   0.0000   0.0000   0.0000   0.0000   0.0000   0.0000 
  0.0000   0.0000   0.0000   0.0000   0.0000   0.0000   0.0000   0.0000   0.0000   0.0000 
  0.0000   0.0000   0.0000   0.0000   0.0000   0.0000   0.0000   0.0000   0.0000   0.0000 
  0.0000   0.0000   0.0000   0.0000   0.0000   0.0000   0.0000   0.0000   0.0000   0.0000 
  0.0000   0.0000   0.0000   0.0000   0.0000   0.0000   0.0000   0.0000   0.0000   0.0000 
  0.0000   0.0000   0.0000   0.0000   0.0000   0.0000   0.0000   0.0000   0.0000   0.0000 
  0.0000   0.0000   0.0000   0.0000   0.0000   0.0000   0.0000   0.0000   0.0000   0.0000 
  0.0000   0.0000   0.0000   0.0000   0.0000   0.0000   0.0000   0.0000   0.0000   0.0000 
  0.0000   0.0000   0.0000   0.0000   0.0000   0.0000   0.0000   0.0000   0.0000   0.0000 
  0.0000   0.0000   0.0000   0.0000   0.0000   0.0000   0.0000   0.0000   0.0000   0.0000 
  0.0000   0.0000   0.0000   0.0000   0.0000   0.0000   0.0000   0.0000   0.0000   0.0000 
  0.0000   0.0000   0.0000   0.0000   0.0000   0.0000   0.0000   0.0000   0.0000   0.0000 
  0.0000   0.0000   0.0000   0.0000   0.0000   0.0000   0.0000   0.0000   0.0000   0.0000 
  0.0000   0.0000   0.0000   0.0000   0.0000   0.0000   0.0000   0.0000   0.0000   0.0000 
  0.0000   0.0000   0.0000   0.0000   0.0000   0.0000   0.0000   0.0000   0.0000   0.0000 
  0.0000   0.0000   0.0000   0.0000   0.0000   0.0000   0.0000   0.0000   0.0000   0.0000 
  0.0000   0.0000   0.0000   0.0000   0.0000   0.0000   0.0000   0.0000   0.0000   0.0000 
  0.0000   0.0000   0.0000   0.0000   0.0000   0.0000   0.0000   0.0000   0.0000   0.0000 
  0.0000   0.0000   0.0000   0.0000   0.0000   0.0000   0.0000   0.0000   0.0000   0.0000 
  0.0000   0.0000   0.0000   0.0000   0.0000   0.0000   0.0000   0.0000   0.0000   0.0000 
  0.0000   0.0000   0.0000   0.0000   0.0000   0.0000   0.0000   0.0000   0.0000   0.0000 
  0.0000   0.0000   0.0000   0.0000   0.0000   0.0000   0.0000   0.0000   0.0000   0.0000 
  0.0000   0.0000   0.0000   0.0000   0.0000   0.0000   0.0000   0.0000   0.0000   0.0000 
  0.0000   0.0000   0.0000   0.0000   0.0000   0.0000   0.0000   0.0000   0.0000   0.0000 
  0.0000   0.0000   0.0000   0.0000   0.0000   0.0000   0.0000   0.0000   0.0000   0.0000 
  0.0000   0.0000   0.0000   0.0000   0.0000   0.0000   0.0000   0.0000   0.0000   0.0000 
  0.0000   0.0000   0.0000   0.0000   0.0000   0.0000   0.0000   0.0000   0.0000   0.0000 
  0.0000   0.0000   0.0000   0.0000   0.0000   0.0000   0.0000   0.0000   0.0000   0.0000 
  0.0000   0.0000   0.0000   0.0000   0.0000   0.0000   0.0000   0.0000   0.0000   0.0000 
  0.0000   0.0000   0.0000   0.0000   0.0000   0.0000   0.0000   0.0000   0.0000   0.0000 
  0.0000   0.0000   0.0000   0.0000   0.0000   0.0000   0.0000   0.0000   0.0000   0.0000 
  0.0000   0.0000   0.0000   0.0000   0.0000   0.0000   0.0000   0.0000   0.0000   0.0000 
  0.0000   0.0000   0.0000   0.0000   0.0000   0.0000   0.0000   0.0000   0.0000   0.0000 
  0.0000   0.0000   0.0000   0.0000   0.0000   0.0000   0.0000   0.0000   0.0000   0.0000 
  0.0000   0.0000   0.0000   0.0000   0.0000   0.0000   0.0000   0.0000   0.0000   0.0000 
  0.0000   0.0000   0.0000   0.0000   0.0000   0.0000   0.0000   0.0000   0.0000   0.0000 
  0.0000   0.0000   0.0000   0.0000   0.0000   0.0000   0.0000   0.0000   0.0000   0.0000 
  0.0000   0.0000   0.0000   0.0000   0.0000   0.0000   0.0000   0.0000   0.0000   0.0000 
  0.0000   0.0000   0.0000   0.0000   0.0000   0.0000   0.0000   0.0000   0.0000   0.0000 
  0.0000   0.0000   0.0000   0.0000   0.0000   0.0000   0.0000   0.0000   0.0000   0.0000 
  0.0000   0.0000   0.0000   0.0000   0.0000   0.0000   0.0000   0.0000   0.0000   0.0000 
  0.0000   0.0000   0.0000   0.0000   0.0000   0.0000   0.0000   0.0000   0.0000   0.0000 
  0.0000   0.0000   0.0000   0.0000   0.0000   0.0000   0.0000   0.0000   0.0000   0.0000 
  0.0000   0.0000   0.0000   0.0000   0.0000   0.0000   0.0000   0.0000   0.0000   0.0000 
  0.0000   0.0000   0.0000   0.0000   0.0000   0.0000   0.0000   0.0000   0.0000   0.0000 
  0.0000   0.0000   0.0000   0.0000   0.0000   0.0000   0.0000   0.0000   0.0000   0.0000 
  0.0000   0.0000   0.0000   0.0000   0.0000   0.0000   0.0000   0.0000   0.0000   0.0000 
  0.0000   0.0000   0.0000   0.0000   0.0000   0.0000   0.0000   0.0000   0.0000   0.0000 
  0.0000   0.0000   0.0000   0.0000   0.0000   0.0000   0.0000   0.0000   0.0000   0.0000 
  0.0000   0.0000   0.0000   0.0000   0.0000   0.0000   0.0000   0.0000   0.0000   0.0000 
  0.0000   0.0000   0.0000   0.0000   0.0000   0.0000   0.0000   0.0000   0.0000   0.0000 
  0.0000   0.0000   0.0000   0.0000   0.0000   0.0000   0.0000   0.0000   0.0000   0.0000 
  0.0000   0.0000   0.0000   0.0000   0.0000   0.0000   0.0000   0.0000   0.0000   0.0000 
  0.0000   0.0000   0.0000   0.0000   0.0000   0.0000   0.0000   0.0000   0.0000   0.0000 
  0.0000   0.0000   0.0000   0.0000   0.0000   0.0000   0.0000   0.0000   0.0000   0.0000 
  0.0000   0.0000   0.0000   0.0000   0.0000   0.0000   0.0000   0.0000   0.0000   0.0000 
  0.0000   0.0000   0.0000   0.0000   0.0000   0.0000   0.0000   0.0000   0.0000   0.0000 
  0.0000   0.0000   0.0000   0.0000   0.0000   0.0000   0.0000   0.0000   0.0000   0.0000 
  0.0000   0.0000   0.0000   0.0000   0.0000   0.0000   0.0000   0.0000   0.0000   0.0000 
  0.0000   0.0000   0.0000   0.0000   0.0000   0.0000   0.0000   0.0000   0.0000   0.0000 
  0.0000   0.0000   0.0000   0.0000   0.0000   0.0000   0.0000   0.0000   0.0000   0.0000 
  0.0000   0.0000   0.0000   0.0000   0.0000   0.0000   0.0000   0.0000   0.0000   0.0000 
  0.0000   0.0000   0.0000   0.0000   0.0000   0.0000   0.0000   0.0000   0.0000   0.0000 
  0.0000   0.0000   0.0000   0.0000   0.0000   0.0000   0.0000   0.0000   0.0000   0.0000 
  0.0000   0.0000   0.0000   0.0000   0.0000   0.0000   0.0000   0.0000   0.0000   0.0000 
  0.0000   0.0000   0.0000   0.0000   0.0000   0.0000   0.0000   0.0000   0.0000   0.0000 
  0.0000   0.0000   0.0000   0.0000   0.0000   0.0000   0.0000   0.0000   0.0000   0.0000 
  0.0000   0.0000   0.0000   0.0000   0.0000   0.0000   0.0000   0.0000   0.0000   0.0000 
  0.0000   0.0000   0.0000   0.0000   0.0000   0.0000   0.0000   0.0000   0.0000   0.0000 
  0.0000   0.0000   0.0000   0.0000   0.0000   0.0000   0.0000   0.0000   0.0000   0.0000 
  0.0000   0.0000   0.0000   0.0000   0.0000   0.0000   0.0000   0.0000   0.0000   0.0000 
  0.0000   0.0000   0.0000   0.0000   0.0000   0.0000   0.0000   0.0000   0.0000   0.0000 
  0.0000   0.0000   0.0000   0.0000   0.0000   0.0000   0.0000   0.0000   0.0000   0.0000 
  0.0000   0.0000   0.0000   0.0000   0.0000   0.0000   0.0000   0.0000   0.0000   0.0000 
  0.0000   0.0000   0.0000   0.0000   0.0000   0.0000   0.0000   0.0000   0.0000   0.0000 
  0.0000   0.0000   0.0000   0.0000   0.0000   0.0000   0.0000   0.0000   0.0000   0.0000 
  0.0000   0.0000   0.0000   0.0000   0.0000   0.0000   0.0000   0.0000   0.0000   0.0000 
  0.0000   0.0000   0.0000   0.0000   0.0000   0.0000   0.0000   0.0000   0.0000   0.0000 
  0.0000   0.0000   0.0000   0.0000   0.0000   0.0000   0.0000   0.0000   0.0000   0.0000 
  0.0000   0.0000   0.0000   0.0000   0.0000   0.0000   0.0000   0.0000   0.0000   0.0000 
  0.0000   0.0000   0.0000   0.0000   0.0000   0.0000   0.0000   0.0000   0.0000   0.0000 
  0.0000   0.0000   0.0000   0.0000   0.0000   0.0000   0.0000   0.0000   0.0000   0.0000 
  0.0000   0.0000   0.0000   0.0000   0.0000   0.0000   0.0000   0.0000   0.0000   0.0000 
  0.0000   0.0000   0.0000   0.0000   0.0000   0.0000   0.0000   0.0000   0.0000   0.0000 
  0.0000   0.0000   0.0000   0.0000   0.0000   0.0000   0.0000   0.0000   0.0000   0.0000 
  0.0000   0.0000   0.0000   0.0000   0.0000   0.0000   0.0000   0.0000   0.0000   0.0000 
  0.0000   0.0000   0.0000   0.0000   0.0000   0.0000   0.0000   0.0000   0.0000   0.0000 
  0.0000   0.0000   0.0000   0.0000   0.0000   0.0000   0.0000   0.0000   0.0000   0.0000 
  0.0000   0.0000   0.0000   0.0000   0.0000   0.0000   0.0000   0.0000   0.0000   0.0000 
  0.0000   0.0000   0.0000   0.0000   0.0000   0.0000   0.0000   0.0000   0.0000   0.0000 
  0.0000   0.0000   0.0000   0.0000   0.0000   0.0000   0.0000   0.0000   0.0000   0.0000 
  0.0000   0.0000   0.0000   0.0000   0.0000   0.0000   0.0000   0.0000   0.0000   0.0000 
  0.0000   0.0000   0.0000   0.0000   0.0000   0.0000   0.0000   0.0000   0.0000   0.0000 
  0.0000   0.0000   0.0000   0.0000   0.0000   0.0000   0.0000   0.0000   0.0000   0.0000 
  0.0000   0.0000   0.0000   0.0000   0.0000   0.0000   0.0000   0.0000   0.0000   0.0000 
  0.0000   0.0000   0.0000   0.0000   0.0000   0.0000   0.0000   0.0000   0.0000   0.0000 
  0.0000   0.0000   0.0000   0.0000   0.0000   0.0000   0.0000   0.0000   0.0000   0.0000 
  0.0000   0.0000   0.0000   0.0000   0.0000   0.0000   0.0000   0.0000   0.0000   0.0000 
  0.0000   0.0000   0.0000   0.0000   0.0000   0.0000   0.0000   0.0000   0.0000   0.0000 
  0.0000   0.0000   0.0000   0.0000   0.0000   0.0000   0.0000   0.0000   0.0000   0.0000 
  0.0000   0.0000   0.0000   0.0000   0.0000   0.0000   0.0000   0.0000   0.0000   0.0000 
  0.0000   0.0000   0.0000   0.0000   0.0000   0.0000   0.0000   0.0000   0.0000   0.0000 
  0.0000   0.0000   0.0000   0.0000   0.0000   0.0000   0.0000   0.0000   0.0000   0.0000 
  0.0000   0.0000   0.0000   0.0000   0.0000   0.0000   0.0000   0.0000   0.0000   0.0000 
  0.0000   0.0000   0.0000   0.0000   0.0000   0.0000   0.0000   0.0000   0.0000   0.0000 
  0.0000   0.0000   0.0000   0.0000   0.0000   0.0000   0.0000   0.0000   0.0000   0.0000 
  0.0000   0.0000   0.0000   0.0000   0.0000   0.0000   0.0000   0.0000   0.0000   0.0000 
  0.0000   0.0000   0.0000   0.0000   0.0000   0.0000   0.0000   0.0000   0.0000   0.0000 
  0.0000   0.0000   0.0000   0.0000   0.0000   0.0000   0.0000   0.0000   0.0000   0.0000 
  0.0000   0.0000   0.0000   0.0000   0.0000   0.0000   0.0000   0.0000   0.0000   0.0000 
  0.0000   0.0000   0.0000   0.0000   0.0000   0.0000   0.0000   0.0000   0.0000   0.0000 
  0.0000   0.0000   0.0000   0.0000   0.0000   0.0000   0.0000   0.0000   0.0000   0.0000 
  0.0000   0.0000   0.0000   0.0000   0.0000   0.0000   0.0000   0.0000   0.0000   0.0000 
  0.0000   0.0000   0.0000   0.0000   0.0000   0.0000   0.0000   0.0000   0.0000   0.0000 
  0.0000   0.0000   0.0000   0.0000   0.0000   0.0000   0.0000   0.0000   0.0000   0.0000 
  0.0000   0.0000   0.0000   0.0000   0.0000   0.0000   0.0000   0.0000   0.0000   0.0000 
  0.0000   0.0000   0.0000   0.0000   0.0000   0.0000   0.0000   0.0000   0.0000   0.0000 
  0.0000   0.0000   0.0000   0.0000   0.0000   0.0000   0.0000   0.0000   0.0000   0.0000 
  0.0000   0.0000   0.0000   0.0000   0.0000   0.0000   0.0000   0.0000   0.0000   0.0000 
  0.0000   0.0000   0.0000   0.0000   0.0000   0.0000   0.0000   0.0000   0.0000   0.0000 
  0.0000   0.0000   0.0000   0.0000   0.0000   0.0000   0.0000   0.0000   0.0000   0.0000 
  0.0000   0.0000   0.0000   0.0000   0.0000   0.0000   0.0000   0.0000   0.0000   0.0000 
  0.0000   0.0000   0.0000   0.0000   0.0000   0.0000   0.0000   0.0000   0.0000   0.0000 
  0.0000   0.0000   0.0000   0.0000   0.0000   0.0000   0.0000   0.0000   0.0000   0.0000 
  0.0000   0.0000   0.0000   0.0000   0.0000   0.0000   0.0000   0.0000   0.0000   0.0000 
  0.0000   0.0000   0.0000   0.0000   0.0000   0.0000   0.0000   0.0000   0.0000   0.0000 
  0.0000   0.0000   0.0000   0.0000   0.0000   0.0000   0.0000   0.0000   0.0000   0.0000 
  0.0000   0.0000   0.0000   0.0000   0.0000   0.0000   0.0000   0.0000   0.0000   0.0000 
  0.0000   0.0000   0.0000   0.0000   0.0000   0.0000   0.0000   0.0000   0.0000   0.0000 
  0.0000   0.0000   0.0000   0.0000   0.0000   0.0000   0.0000   0.0000   0.0000   0.0000 
  0.0000   0.0000   0.0000   0.0000   0.0000   0.0000   0.0000   0.0000   0.0000   0.0000 
  0.0000   0.0000   0.0000   0.0000   0.0000   0.0000   0.0000   0.0000   0.0000   0.0000 
  0.0000   0.0000   0.0000   0.0000   0.0000   0.0000   0.0000   0.0000   0.0000   0.0000 
  0.0000   0.0000   0.0000   0.0000   0.0000   0.0000   0.0000   0.0000   0.0000   0.0000 
  0.0000   0.0000   0.0000   0.0000   0.0000   0.0000   0.0000   0.0000   0.0000   0.0000 
  0.0000   0.0000   0.0000   0.0000   0.0000   0.0000   0.0000   0.0000   0.0000   0.0000 
  0.0000   0.0000   0.0000   0.0000   0.0000   0.0000   0.0000   0.0000   0.0000   0.0000 
  0.0000   0.0000   0.0000   0.0000   0.0000   0.0000   0.0000   0.0000   0.0000   0.0000 
  0.0000   0.0000   0.0000   0.0000   0.0000   0.0000   0.0000   0.0000   0.0000   0.0000 
  0.0000   0.0000   0.0000   0.0000   0.0000   0.0000   0.0000   0.0000   0.0000   0.0000 
  0.0000   0.0000   0.0000   0.0000   0.0000   0.0000   0.0000   0.0000   0.0000   0.0000 
  0.0000   0.0000   0.0000   0.0000   0.0000   0.0000   0.0000   0.0000   0.0000   0.0000 
  0.0000   0.0000   0.0000   0.0000   0.0000   0.0000   0.0000   0.0000   0.0000   0.0000 
  0.0000   0.0000   0.0000   0.0000   0.0000   0.0000   0.0000   0.0000   0.0000   0.0000 
  0.0000   0.0000   0.0000   0.0000   0.0000   0.0000   0.0000   0.0000   0.0000   0.0000 
  0.0000   0.0000   0.0000   0.0000   0.0000   0.0000   0.0000   0.0000   0.0000   0.0000 
  0.0000   0.0000   0.0000   0.0000   0.0000   0.0000   0.0000   0.0000   0.0000   0.0000 
  0.0000   0.0000   0.0000   0.0000   0.0000   0.0000   0.0000   0.0000   0.0000   0.0000 
  0.0000   0.0000   0.0000   0.0000   0.0000   0.0000   0.0000   0.0000   0.0000   0.0000 
  0.0000   0.0000   0.0000   0.0000   0.0000   0.0000   0.0000   0.0000   0.0000   0.0000 
  0.0000   0.0000   0.0000   0.0000   0.0000   0.0000   0.0000   0.0000   0.0000   0.0000 
  0.0000   0.0000   0.0000   0.0000   0.0000   0.0000   0.0000   0.0000   0.0000   0.0000 
  0.0000   0.0000   0.0000   0.0000   0.0000   0.0000   0.0000   0.0000   0.0000   0.0000 
  0.0000   0.0000   0.0000   0.0000   0.0000   0.0000   0.0000   0.0000   0.0000   0.0000 
  0.0000   0.0000   0.0000   0.0000   0.0000   0.0000   0.0000   0.0000   0.0000   0.0000 
  0.0000   0.0000   0.0000   0.0000   0.0000   0.0000   0.0000   0.0000   0.0000   0.0000 
  0.0000   0.0000   0.0000   0.0000   0.0000   0.0000   0.0000   0.0000   0.0000   0.0000 
  0.0000   0.0000   0.0000   0.0000   0.0000   0.0000   0.0000   0.0000   0.0000   0.0000 
  0.0000   0.0000   0.0000   0.0000   0.0000   0.0000   0.0000   0.0000   0.0000   0.0000 
  0.0000   0.0000   0.0000   0.0000   0.0000   0.0000   0.0000   0.0000   0.0000   0.0000 
  0.0000   0.0000   0.0000   0.0000   0.0000   0.0000   0.0000   0.0000   0.0000   0.0000 
  0.0000   0.0000   0.0000   0.0000   0.0000   0.0000   0.0000   0.0000   0.0000   0.0000 
  0.0000   0.0000   0.0000   0.0000   0.0000   0.0000   0.0000   0.0000   0.0000   0.0000 
  0.0000   0.0000   0.0000   0.0000   0.0000   0.0000   0.0000   0.0000   0.0000   0.0000 
  0.0000   0.0000   0.0000   0.0000   0.0000   0.0000   0.0000   0.0000   0.0000   0.0000 
  0.0000   0.0000   0.0000   0.0000   0.0000   0.0000   0.0000   0.0000   0.0000   0.0000 
  0.0000   0.0000   0.0000   0.0000   0.0000   0.0000   0.0000   0.0000   0.0000   0.0000 
  0.0000   0.0000   0.0000   0.0000   0.0000   0.0000   0.0000   0.0000   0.0000   0.0000 
  0.0000   0.0000   0.0000   0.0000   0.0000   0.0000   0.0000   0.0000   0.0000   0.0000 
  0.0000   0.0000   0.0000   0.0000   0.0000   0.0000   0.0000   0.0000   0.0000   0.0000 
  0.0000   0.0000   0.0000   0.0000   0.0000   0.0000   0.0000   0.0000   0.0000   0.0000 
  0.0000   0.0000   0.0000   0.0000   0.0000   0.0000   0.0000   0.0000   0.0000   0.0000 
  0.0000   0.0000   0.0000   0.0000   0.0000   0.0000   0.0000   0.0000   0.0000   0.0000 
  0.0000   0.0000   0.0000   0.0000   0.0000   0.0000   0.0000   0.0000   0.0000   0.0000 
  0.0000   0.0000   0.0000   0.0000   0.0000   0.0000   0.0000   0.0000   0.0000   0.0000 
  0.0000   0.0000   0.0000   0.0000   0.0000   0.0000   0.0000   0.0000   0.0000   0.0000 
  0.0000   0.0000   0.0000   0.0000   0.0000   0.0000   0.0000   0.0000   0.0000   0.0000 
  0.0000   0.0000   0.0000   0.0000   0.0000   0.0000   0.0000   0.0000   0.0000   0.0000 
  0.0000   0.0000   0.0000   0.0000   0.0000   0.0000   0.0000   0.0000   0.0000   0.0000 
  0.0000   0.0000   0.0000   0.0000   0.0000   0.0000   0.0000   0.0000   0.0000   0.0000 
  0.0000   0.0000   0.0000   0.0000   0.0000   0.0000   0.0000   0.0000   0.0000   0.0000 
  0.0000   0.0000   0.0000   0.0000   0.0000   0.0000   0.0000   0.0000   0.0000   0.0000 
  0.0000   0.0000   0.0000   0.0000   0.0000   0.0000   0.0000   0.0000   0.0000   0.0000 
  0.0000   0.0000   0.0000   0.0000   0.0000   0.0000   0.0000   0.0000   0.0000   0.0000 
  0.0000   0.0000   0.0000   0.0000   0.0000   0.0000   0.0000   0.0000   0.0000   0.0000 
  0.0000   0.0000   0.0000   0.0000   0.0000   0.0000   0.0000   0.0000   0.0000   0.0000 
  0.0000   0.0000   0.0000   0.0000   0.0000   0.0000   0.0000   0.0000   0.0000   0.0000 
  0.0000   0.0000   0.0000   0.0000   0.0000   0.0000   0.0000   0.0000   0.0000   0.0000 
  0.0000   0.0000   0.0000   0.0000   0.0000   0.0000   0.0000   0.0000   0.0000   0.0000 
  0.0000   0.0000   0.0000   0.0000   0.0000   0.0000   0.0000   0.0000   0.0000   0.0000 
  0.0000   0.0000   0.0000   0.0000   0.0000   0.0000   0.0000   0.0000   0.0000   0.0000 
  0.0000   0.0000   0.0000   0.0000   0.0000   0.0000   0.0000   0.0000   0.0000   0.0000 
  0.0000   0.0000   0.0000   0.0000   0.0000   0.0000   0.0000   0.0000   0.0000   0.0000 
  0.0000   0.0000   0.0000   0.0000   0.0000   0.0000   0.0000   0.0000   0.0000   0.0000 
  0.0000   0.0000   0.0000   0.0000   0.0000   0.0000   0.0000   0.0000   0.0000   0.0000 
  0.0000   0.0000   0.0000   0.0000   0.0000   0.0000   0.0000   0.0000   0.0000   0.0000 
  0.0000   0.0000   0.0000   0.0000   0.0000   0.0000   0.0000   0.0000   0.0000   0.0000 
  0.0000   0.0000   0.0000   0.0000   0.0000   0.0000   0.0000   0.0000   0.0000   0.0000 
  0.0000   0.0000   0.0000   0.0000   0.0000   0.0000   0.0000   0.0000   0.0000   0.0000 
  0.0000   0.0000   0.0000   0.0000   0.0000   0.0000   0.0000   0.0000   0.0000   0.0000 
  0.0000   0.0000   0.0000   0.0000   0.0000   0.0000   0.0000   0.0000   0.0000   0.0000 
  0.0000   0.0000   0.0000   0.0000   0.0000   0.0000   0.0000   0.0000   0.0000   0.0000 
