y-axis acceleration data

 -0.1040  -0.0537  -0.0659   0.1533   0.2690   0.3594   0.9219  -0.4619  -0.4883  -0.5605 
 -0.1016  -0.0845  -0.0791   0.1250   0.2578   0.3843   0.9302  -0.5420  -0.5234  -0.5269 
 -0.1089   0.3394  -0.0977   0.1050   0.2607   0.4063   0.9473  -0.6475  -0.5796  -0.4990 
 -0.1230  -0.1714  -0.0889   0.1069   0.2588   0.3955   0.9478  -0.6021  -0.5400  -0.5591 
 -0.1060  -0.1284  -0.1357   0.1099   0.2637   0.3921   0.9492  -0.5669  -0.4102  -0.5796 
 -0.1182   0.0352  -0.0454   0.1152   0.2559   0.3901   0.9751  -0.6304  -0.3682  -0.6113 
 -0.1118  -0.1348   0.0195   0.1123   0.2251   0.3887   0.9595  -0.6606  -0.2930  -0.5767 
 -0.1123  -0.1938  -0.1870   0.1084   0.2021   0.3462   0.9473  -0.6387  -0.2334  -0.6089 
 -0.1685  -0.1353  -0.0161   0.1025   0.2192   0.3652   0.9292  -0.6396  -0.2495  -0.6040 
 -0.0205  -0.1563  -0.0532   0.0933   0.2422   0.3770   0.9307  -0.6694  -0.4272  -0.6304 
 -0.2554  -0.1699  -0.0405   0.0947   0.2871   0.3770   0.9468  -0.6514  -0.8530  -0.5781 
 -0.3071  -0.1255  -0.0425   0.1006   0.3525   0.3462   0.9341  -0.6606  -0.6372  -0.5806 
 -0.2393  -0.1504  -0.0293   0.0942   0.3701   0.3477   0.9443  -0.6494  -0.4634  -0.5703 
 -0.1973  -0.1353  -0.0210   0.0840   0.4263   0.3794   0.9434  -0.6284  -0.5703  -0.5679 
 -0.2349  -0.1045  -0.0122   0.0859   0.4019   0.3755   0.9512  -0.6157  -0.5986  -0.5649 
 -0.3022  -0.1025  -0.0278   0.0864   0.3540   0.3608   0.9619  -0.5742  -0.4712  -0.5547 
 -0.3374  -0.1172  -0.0298   0.0742   0.3418   0.3711   0.9536  -0.5093  -0.4326  -0.5552 
 -0.2031  -0.1318  -0.0088   0.0977   0.3423   0.3638   0.9326  -0.5122  -0.6304  -0.5791 
  0.0273  -0.1655  -0.0034   0.0981   0.3481   0.3618   0.9336  -0.5337  -0.6553  -0.6079 
 -0.2500  -0.1606   0.0015   0.0894   0.3950   0.3975   0.9424  -0.5151  -0.4644  -0.5947 
 -0.2964  -0.1396   0.0078   0.1079   0.4233   0.3682   0.9526  -0.5137  -0.3818  -0.5796 
  0.0298  -0.1118   0.0020   0.0796   0.4536   0.3701   0.9551  -0.5200  -0.5923  -0.6533 
 -0.4194  -0.1509   0.0088   0.0430   0.5083   0.3740   0.9556  -0.5376  -0.6377  -0.7148 
  0.0396  -0.1553  -0.0039   0.1084   0.5454   0.3530   0.9429  -0.5410  -0.5249  -0.6743 
 -0.3325  -0.1650  -0.0166   0.0791   0.5981   0.3452   0.9268  -0.5332  -0.4971  -0.5771 
 -0.1802  -0.1445  -0.0205   0.0923   0.6538   0.3086   0.9204  -0.5464  -0.5410  -0.5317 
 -0.1797  -0.1504  -0.0176   0.0781   0.6279   0.2876   0.9312  -0.5317  -0.5938  -0.5068 
 -0.1831  -0.1543  -0.0259   0.0737   0.6313   0.2559   0.9561  -0.5269  -0.6851  -0.5386 
 -0.1870  -0.2002  -0.0273   0.0786   0.6563   0.2407   0.9590  -0.5234  -0.7295  -0.4873 
 -0.2104  -0.1421  -0.0332   0.0835   0.6943   0.2676   0.9644  -0.5142  -0.8096  -0.5405 
 -0.2002  -0.1245  -0.0571   0.0762   0.7021   0.2598   0.9316  -0.4912  -0.7256  -0.5479 
 -0.2021  -0.1338  -0.0571   0.0596   0.7754   0.2813   0.9351  -0.4312  -0.7178  -0.5493 
 -0.2207  -0.1333  -0.0303   0.0718   0.8750   0.3989   0.9414  -0.4302  -0.8530  -0.6460 
 -0.2275  -0.1274  -0.0640   0.0796   0.8076   0.4546   0.9502  -0.4468  -0.9268  -0.6519 
 -0.2373  -0.1040  -0.0098   0.0557   0.7764   0.4590   0.9512  -0.4648  -1.0493  -0.5996 
 -0.2471  -0.0781  -0.0195   0.0615   0.7871   0.5522   0.9419  -0.4951  -0.9795  -0.6030 
 -0.2388  -0.0952  -0.0269   0.0327   0.6890   0.5552   0.9365  -0.4868  -1.1143  -0.5928 
 -0.2651  -0.0923  -0.0107   0.0288   0.7036   0.4771   0.9380  -0.5747  -0.9136  -0.6440 
 -0.2837  -0.1064  -0.0098   0.0630   0.5918   0.4087   0.9390  -0.5103  -0.8931  -0.6538 
 -0.2856  -0.0767  -0.0156   0.0811   0.5991   0.3115   0.9360  -0.7739  -0.9551  -0.6777 
 -0.2676  -0.0630  -0.0142   0.0610   0.5850   0.3037   0.9429  -0.6445  -1.0864  -0.6836 
 -0.2754  -0.0723  -0.0088   0.0420   0.5156   0.3003   0.9282  -0.5469  -1.2056  -0.6245 
 -0.2861  -0.0972  -0.0078   0.0576   0.5791   0.2920   0.9180  -0.5928  -1.3232  -0.6255 
 -0.3018  -0.0542  -0.0161   0.1191   0.5552   0.2896   0.9121  -0.5938  -1.3218  -0.6143 
 -0.2598  -0.0552  -0.0200   0.1206   0.5879   0.3408   0.8999  -0.5093  -1.2100  -0.5342 
 -0.2031  -0.0464  -0.0190   0.0693   0.5791   0.3657   0.9219  -0.5835  -1.2007  -0.6011 
 -0.1729  -0.0146  -0.0088   0.1182   0.5718   0.4063   0.9297  -0.8770  -1.1650  -0.6079 
 -0.1626  -0.0601  -0.0161  -0.0459   0.5850   0.4155   0.9224  -0.6201  -1.2437  -0.6294 
 -0.1553  -0.0303  -0.0186   0.1221   0.6328   0.4429   0.8945  -0.8257  -1.1772  -0.6050 
 -0.1431   0.0508  -0.0029   0.1167   0.6328   0.4795   0.8691  -1.0488  -1.1611  -0.6318 
 -0.1206  -0.0249  -0.0073   0.0767   0.5820   0.4751   0.8398  -1.1094  -0.9956  -0.6909 
 -0.1172  -0.1118  -0.0063   0.1455   0.5381   0.4697   0.8306  -1.0771  -0.9512  -0.6914 
 -0.1284  -0.0386  -0.0088   0.3340   0.5693   0.4653   0.8140  -0.9604  -0.7222  -0.7305 
 -0.1440  -0.0273  -0.0430   0.3960   0.5620   0.4536   0.7686  -0.9517  -0.6260  -0.7402 
 -0.1338  -0.1177  -0.0293   0.3848   1.0313   0.4790   0.7310  -0.9731  -0.5786  -0.7954 
 -0.1250  -0.0640   0.0059   0.3911   1.0972   0.5015   0.7212  -1.0317  -0.5415  -0.8774 
 -0.1074   0.0337   0.0044   0.5342   1.5088   0.5532   0.7476  -1.1006  -0.4380  -0.9263 
 -0.1025   0.0029  -0.0327   0.6079   1.5571   0.6396   0.7871  -1.0508  -0.4102  -0.9966 
 -0.0933  -0.0713   0.0073   0.5898  -0.5508   0.6919   0.8291  -1.1387  -0.3521  -1.1006 
 -0.0981  -0.0381   0.0005   0.5537  -3.4360   0.7217   0.8530  -1.0000  -0.2817  -1.2061 
 -0.1528   0.0068   0.0298   0.6392   3.7329   0.7134   0.8535  -1.2949  -0.2588  -1.1255 
 -0.1411  -0.0098   0.0488   0.6084   0.4209   0.7754   0.8623  -1.0210  -0.2393  -1.1997 
 -0.1499  -0.0449  -0.0039   0.5674  -1.0703   0.8486   0.8730  -0.9443  -0.2490  -1.2563 
 -0.1880  -0.0376   0.0298   0.6045  -1.1172   0.8594   0.9146  -1.0332  -0.2578  -1.2334 
 -0.2056   0.0586   0.1167   0.5767   3.2290   0.8809   1.0601  -0.9858  -0.2231  -1.2705 
 -0.1606   0.0293   0.0879   0.5645   0.4932   1.0005   1.1797  -0.8706  -0.1021  -1.2681 
 -0.0708  -0.0322   0.1089   0.6084   0.6489   0.9233   1.2974  -0.8535  -0.1274  -1.2358 
 -0.0322  -0.0479   0.2300   0.4053  -0.1499   0.8848   1.4634  -0.7632   0.0698  -1.1250 
 -0.1357  -0.0752   0.3066   0.4307  -0.4644   0.9175   1.6621  -0.6055  -0.3633  -1.0688 
 -0.0781  -0.0435   0.2822   0.3462  -0.6309   0.8960   1.8237  -0.5815  -0.0610  -1.2007 
  0.0073  -0.0029   0.3174   0.3579  -0.4087   0.7681   1.8657  -0.5098  -1.6841  -1.0781 
 -0.0547   0.0464   0.3325   0.3481  -0.2192   0.7656   1.8442  -0.3833  -2.1313  -1.0889 
  0.0923   0.1484   0.2988   0.3506   0.0708   0.7354   1.7427  -0.2686   1.0522  -0.9946 
 -0.1411   0.2036   0.4077   0.3652   0.2124   0.6875   1.6514  -0.2144   4.1606  -0.8672 
 -0.1860   0.2036   0.4414   0.3931   0.3940   0.6504   1.6147  -0.1914  -2.2617  -0.6846 
  0.0005   0.2197   0.4233   0.4370   0.3667   0.5981   1.6450  -0.1855  -1.2490  -0.6343 
 -0.0225   0.3213   0.5352   0.4785   0.1475   0.5518   1.6440  -0.1948  -1.1172  -0.6118 
 -0.0576   0.2954   0.5322   0.5679   0.2334   0.5425   1.5601  -0.1904  -0.0117  -0.4556 
 -0.0840   0.2471   0.5405   0.5522   0.3691   0.4995   1.5122  -0.1416   0.6758  -0.4341 
 -0.1050   0.2612   0.6001   0.6108   0.4224   0.4727   1.3374  -0.0977   0.9209  -0.3687 
 -0.0796   0.2529   0.5254   0.6221   0.3687   0.4424   1.1572  -0.0166   0.5742  -0.3066 
 -0.0913   0.2178   0.6040   0.6782   0.2861   0.3945   1.1650  -0.0244   0.0527  -0.2476 
 -0.0581   0.2886   0.7031   0.3765   0.2861   0.4399   1.0210   0.0347  -0.2983  -0.2188 
 -0.0518   0.2676   0.5420   0.6865   0.3369   0.4111   0.8784   0.0991  -0.2344  -0.1636 
 -0.0435   0.2939   0.5786   0.7041   0.4106   0.3872   0.7881   0.2017  -0.1030  -0.1211 
 -0.0308   0.3379   0.5547   0.9302   0.3853   0.3906   0.5933   0.5566   0.0000  -0.0947 
 -0.0146   0.2896   0.5693  -0.5840   0.4263   0.3955   0.4189   0.0781  -0.0386  -0.0337 
  0.0176   0.3369   0.6685  -0.8408   0.4072   0.3950   0.3276  -0.1260  -0.0962  -0.0132 
  0.0430   0.3345   0.6577  -0.2148   0.3682   0.4360   0.2563  -1.1670  -0.1763   0.0278 
  0.0488   0.3398   0.6997  -0.1226   0.4458   0.4751   0.1040  -2.4771  -0.2695   0.0479 
  0.0615   0.3691   0.7627  -0.3809   0.4800   0.3906   0.0054  -1.1689  -0.3022   0.0669 
  0.0503   0.3457   0.7715  -0.7573   0.4614   0.3198  -0.1094   8.5156  -0.3418   0.1157 
  0.0601   0.3491   0.7749   1.3374   0.4019   0.2466  -0.2495  -2.3037  -0.3262   0.2358 
  0.0718   0.3252   0.8247   0.7202   0.3750  -0.1626  -0.3677   1.2061  -0.2661   0.5786 
  0.0322   0.3164   0.9033  -0.1958   0.3765  -0.7646  -0.4902  -1.2271  -0.1680   0.5049 
  0.0156   0.3594   1.0308   1.0688   0.4199   0.2056  -0.5874  -0.3813  -0.1025  -0.0601 
 -0.0322   0.4028   0.8281   0.1250   0.3994   0.7104  -0.6792   0.5332  -0.0845  -0.4082 
 -0.0264   0.4595   1.5688   0.0073   0.3525   2.1172  -1.0796   0.8188  -0.0430  -2.7925 
 -0.0620   0.5454   0.7563  -0.0957   0.3267   0.4570  -2.1602   0.3394  -0.0527  -1.9180 
 -0.0562   0.6265   1.2046  -0.3286   0.3569  -3.0698  -3.5620  -0.1284  -0.0786   6.7651 
 -0.0781   0.7168  -1.3721  -0.0581   0.3745  -3.6089  -1.4956  -0.2524  -0.1079  -3.7461 
 -0.0630   0.8267  -1.7881   0.1924   0.4004  -3.9702   0.4175  -0.0718  -0.1079   1.2627 
 -0.0073   0.8145   3.6821   0.1470   0.3408  -1.7896   2.7495   0.0557  -0.0830   0.1675 
  0.1079   0.8496  -0.9487   0.3413   0.3208  -3.4390   3.9155   0.0854  -0.0767  -0.5771 
  0.1367   0.9229  -0.5815   0.3110   0.4360  -2.5020  -0.0435  -0.0713  -0.0596   0.1289 
  0.0859   1.1577  -1.6040   0.3843   0.4976   2.4038  -3.3350  -0.2148  -0.0820   0.7402 
  0.1685   1.0254   2.1626   0.2866   0.3750   2.0557  -1.6206  -0.3267  -0.1670   1.0444 
  0.2236   1.3271   0.3638   0.3667   0.2910  -0.5166  -1.9268  -0.2920  -0.2778   0.6724 
  0.2188   1.4136   0.6816   0.4512   0.3354   0.3413  -2.3213  -0.2104  -0.3198   0.1382 
  0.3032   0.6221  -0.3926   0.4106   0.3491   0.4688   2.7085  -0.2285  -0.3081  -0.2148 
  0.3223   1.2627  -0.6577   0.3516   0.3423  -1.8237   2.1494  -0.2642  -0.3184  -0.1772 
  0.3335  -4.5142  -0.5591   0.3047   0.3491   0.3950   0.7246  -0.2646  -0.3657  -0.0015 
  0.3438   0.2622  -0.2080   0.3062   0.3823   0.2041  -0.2236  -0.1963  -0.3623   0.1030 
  0.3965  -1.5093   0.2114   0.2954   0.3887  -0.0342  -0.5347  -0.1753  -0.3579   0.0859 
  0.3477  -2.3574   0.3540   0.2959   0.3652   0.1733  -0.3267  -0.1802  -0.5420  -0.1245 
  0.3184  -1.6958   0.2183   0.3037   0.3481   0.3022  -0.3955  -0.1191  -0.6729  -0.2856 
  0.4150  -0.7061   0.1860   0.3770   0.3672   0.3779  -0.1299  -0.0327  -0.7788  -0.3950 
  0.4336   0.5142   0.2290   0.3857   0.3809   0.0962   0.2158   0.0664  -1.1655  -0.3442 
  0.4131   0.3633   0.3350   0.3521   0.3657   0.3242   0.3389   0.1050  -1.5000  -0.2280 
  0.4849  -0.2329   0.4097   0.2524   0.3335   0.3799   0.2368   0.1182  -1.4351  -0.1797 
  0.5356  -0.5820   0.3936   0.3301   0.3149   0.3301   0.2349   0.1025  -1.2969  -0.1851 
  0.3833  -0.1528   0.4390   0.3262   0.3423   0.2476   0.2173   0.0439  -1.5947  -0.2388 
  0.4307   0.1777   0.3921   0.3291   0.3726   0.1592   0.1836  -0.0293  -1.9478  -0.2651 
  0.3286   0.2656   0.2832   0.3511   0.3770   0.2378   0.2026  -0.1362  -1.7832  -0.2993 
  0.2734   0.2461   0.2871   0.4082   0.2988   0.2979   0.2173  -0.3442  -1.5811  -0.3062 
  0.2661   0.3770   0.3374   0.3682   0.2310   0.2495   0.1982  -0.5532  -1.3315  -0.2861 
  0.2769   0.3574   0.3960   0.3413   0.2402   0.1855   0.0640  -0.7422  -1.2119  -0.2432 
  0.2505   0.3911   0.3813   0.3247   0.2998   0.1416   0.0767  -0.9585  -1.3286  -0.2476 
  0.3345   0.3164   0.3657   0.3281   0.3535   0.2124   0.0845  -1.1660  -1.5015  -0.2710 
  0.4204   0.3179   0.4277   0.3047   0.4365   0.2192   0.1089  -1.3042  -1.5645  -0.2529 
  0.4263   0.3340   0.5264   0.3481   0.6470   0.2017   0.0581  -1.4858  -1.3716  -0.2422 
  0.5117   0.3760   0.5630   0.3779   0.8262   0.1724  -0.0210  -1.9028  -1.1895  -0.2305 
  0.5952   0.3662   0.5259   0.3535   0.8892   0.0908  -0.0439  -1.9746  -1.1138  -0.2510 
  0.6147   0.2437   0.4951   0.3008   0.9814   0.1133  -0.1138  -2.0034  -1.0830  -0.2617 
  0.6943   0.2969   0.4448   0.2607   1.0757   0.1167  -0.0498  -2.3091  -1.0195  -0.2842 
  0.7427   0.4014   0.5161   0.2217   1.0059   0.1270   0.0127  -2.2271  -0.9600  -0.2861 
  0.7993   0.4497   0.5034   0.2158   0.8633   0.0601   0.0488  -2.0864  -0.8906  -0.2563 
  0.8223   0.4302   0.4072   0.2280   0.9180   0.0972   0.0864  -2.0898  -0.8350  -0.1733 
  0.8726   0.4019   0.3931   0.2759   1.0112   0.1123   0.0845  -2.0210  -0.7915  -0.1558 
  1.0254   0.4233   0.5000   0.2769   1.0396   0.0889   0.0493  -1.9531  -0.8003  -0.2031 
  1.1470   0.4604   0.5410   0.2686   1.1035   0.0591   0.0488  -1.9194  -0.8076  -0.3003 
  1.3564   0.4966   0.4458   0.2407   1.1240   0.0630   0.0068  -1.7388  -0.8135  -0.3232 
  1.5938   0.5005   0.4106   0.2437   1.1274   0.0977  -0.0098  -1.4614  -0.8174  -0.2656 
  0.9287   0.4961   0.4409   0.2837   1.2432   0.1382   0.0347  -1.1597  -0.7949  -0.2212 
  0.9648   0.3726   0.4595   0.2939   1.1841   0.1221   0.0591  -0.9248  -0.8013  -0.2148 
 -1.9111   0.3457   0.4482   0.2402   1.0659   0.0186   0.0239  -0.7871  -0.8345  -0.2354 
  0.3433   0.4482   0.4419   0.1660   1.1265   0.0352   0.0327  -0.7695  -0.8340  -0.2285 
  1.6646   0.6045   0.4819   0.1509   1.1650   0.1367   0.0356  -0.7544  -0.8506  -0.2080 
 -0.1904   0.5073   0.4678   0.2095   1.0674   0.1626   0.0107  -0.7310  -0.8042  -0.1987 
 -0.4658   0.2427   0.5000   0.2280   0.9238   0.1753  -0.0488  -0.7119  -0.7544  -0.2017 
 -0.4346   0.2139   0.4912   0.2256   0.9194   0.1943  -0.0776  -0.7192  -0.7476  -0.1846 
  0.7837   0.4023   0.4414   0.2144   0.9355   0.1875  -0.0488  -0.7627  -0.7769  -0.1719 
  0.6304   0.5479   0.3955   0.2178   0.9458   0.1055  -0.0186  -0.7803  -0.7681  -0.1821 
 -0.0703   0.4722   0.3564   0.2358   0.8760   0.0186   0.0391  -0.7813  -0.7378  -0.1484 
 -0.3784   0.3916   0.3286   0.2783   0.7676   0.0015   0.0620  -0.7266  -0.6846  -0.0747 
 -0.2246   0.3823   0.3296   0.3560   0.7314   0.0576   0.0410  -0.6826  -0.6572  -0.0176 
  0.1313   0.4194   0.3164   0.3594   0.7656   0.1411   0.0273  -0.6768  -0.6743  -0.0039 
  0.3569   0.4443   0.2617   0.3950   0.7847   0.2847   0.0068  -0.6963  -0.6899  -0.0112 
  0.3018   0.3608   0.2217   0.7456   0.7539   0.2954  -0.0190  -0.7061  -0.7061  -0.0449 
  0.1978   0.3398   0.1816   0.8716   0.7378   0.2676  -0.0303  -0.6646  -0.7334  -0.1104 
  0.2349   0.3828   0.1553   0.8740   0.7339   0.1953   0.0127  -0.5679  -0.7959  -0.1475 
  0.3779   0.4414   0.1563   0.8311   0.7183   0.2944   0.0581  -0.4873  -0.7896  -0.1851 
  0.3892   0.4189   0.2314   0.8481   0.7124   0.2988   0.0361  -0.4585  -0.7773  -0.2324 
  0.4307   0.3584   0.3511   0.8838   0.6704   0.3003  -0.0010  -0.4653  -0.8188  -0.3032 
  0.4780   0.3374   0.3730   0.8438   0.6582   0.2686  -0.0093  -0.4814  -0.8735  -0.3560 
  0.4121   0.3872   0.4990   0.6533   0.6621   0.1958  -0.0225  -0.5063  -0.8784  -0.4395 
  0.3403   0.3921   0.6177   0.8062   0.6509   0.1831  -0.0264  -0.5332  -0.8438  -0.5483 
  0.3354   0.3984   0.7632   0.9160   0.6333   0.1890  -0.0806  -0.5664  -0.8096  -0.6211 
  0.4063   0.3525   0.7959   0.8506   0.6021   0.1587  -0.1514  -0.5845  -0.8066  -0.7705 
  0.3887   0.3223   0.9717   0.7124   0.5840   0.0518  -0.2349  -0.6191  -0.7651  -1.0454 
  0.3877   0.4287   1.0913   0.7524   0.5737  -0.1016  -0.3315  -0.6660  -0.7544  -1.5825 
  0.3628   0.3633   1.0234   0.7266   0.5371  -0.1851  -0.3521  -0.7056  -0.7759  -1.5757 
  0.4282   0.3218   1.0215   0.5972   0.5083  -0.2275  -0.2749  -0.7505  -0.7881  -1.6152 
  0.4316   0.3628   1.0425   0.5767   0.5029  -0.1763  -0.1421  -0.7954  -0.7559  -1.8984 
  0.4414   0.3862   1.0811   0.6655   0.5049  -0.0942  -0.0405  -0.8369  -0.7144  -2.0176 
  0.4238   0.3682   0.8877   0.7769   0.5078   0.0288   0.0298  -0.8345  -0.7285  -2.1118 
  0.4814   0.2842   0.7500   0.6763   0.5166   0.1245   0.0913  -0.8438   0.0000  -2.0908 
  0.4946   0.2310   0.9316   0.6978   0.5142   0.2554   0.2104  -0.8721   0.0000  -1.9155 
  0.4531   0.2471   1.0957   0.8247   0.5078   0.3286   0.3340  -0.8882   0.0000  -1.7715 
  0.4565   0.2642   0.9282   0.7778   0.5132   0.4150   0.4160  -0.9004   0.0000  -1.7153 
  0.4805   0.2256   0.6367   0.9219   0.5283   0.6367   0.6274  -0.9048   0.0000  -1.6265 
  0.4824   0.2441   0.6372   0.8115   0.5288   0.9004   0.9414  -0.9053   0.0000  -1.4106 
  0.4404   0.2275   0.7075   0.7070   0.5215   1.0547   1.1392  -0.8984   0.0000  -1.1177 
  0.4868   0.2427   0.6743   0.6099   0.5176   0.9390   0.8818  -0.8604   0.0000  -0.9644 
  0.4829   0.2988   0.5151   0.6411   0.5068   1.0269   0.9648  -0.7979   0.0000  -0.8701 
  0.4248   0.4419   0.4526   0.6055   0.5127   1.2397   1.3428  -0.7461   0.0000  -0.7534 
  0.3970   0.4819   0.4917   0.5483   0.5269   1.2085   1.5596  -0.7119   0.0000  -0.6924 
  0.4229   0.4683   0.5225   0.4780   0.5254   1.1978   1.3828  -0.6787   0.0000  -0.6875 
  0.4429   0.5923   0.4429   0.4185   0.5249   1.5513   1.4111   0.0000   0.0000  -0.7119 
  0.4150   0.8179   0.3320   0.3901   0.5107   1.7495   1.5620   0.0000   0.0000  -0.7065 
  0.4136   0.8374   0.2646   0.3965   0.5005   1.7188   1.6011   0.0000   0.0000  -0.6772 
  0.3911   0.7646   0.2729   0.3794   0.4858   1.7847   1.4648   0.0000   0.0000  -0.6812 
  0.4077   0.6675   0.3091   0.4063   0.4785   1.8184   1.4878   0.0000   0.0000  -0.7217 
  0.4277   0.8130   0.3296   0.3984   0.4634   1.7129   1.5386   0.0000   0.0000  -0.7510 
  0.4736   0.8418   0.3584   0.4351   0.0000   1.7793   1.4712   0.0000   0.0000  -0.7090 
  0.4492   0.7769   0.3428   0.4829   0.0000   1.9736   1.3506   0.0000   0.0000  -0.6528 
  0.4224   0.7769   0.0000   0.5723   0.0000   1.7925   1.1592   0.0000   0.0000  -0.6016 
  0.4316   0.6758   0.0000   0.3618   0.0000   1.5513   1.0718   0.0000   0.0000  -0.6182 
  0.4629   0.6245   0.0000   0.4434   0.0000   1.4180   1.1553   0.0000   0.0000  -0.5874 
  0.4780   0.6279   0.0000   0.2549   0.0000   1.3491   1.2305   0.0000   0.0000  -0.5400 
  0.4761   0.7695   0.0000   0.4458   0.0000   1.2583   1.2329   0.0000   0.0000  -0.5059 
  0.4385   0.8135   0.0000   0.4897   0.0000   1.2153   1.1929   0.0000   0.0000  -0.4922 
  0.4277   0.6709   0.0000   0.2671   0.0000   1.1797   1.1699   0.0000   0.0000  -0.4653 
  0.4141   0.5645   0.0000   0.2012   0.0000   1.1191   1.1079   0.0000   0.0000  -0.4434 
  0.3906   0.5488   0.0000   0.2759   0.0000   1.0283   1.0815   0.0000   0.0000  -0.4575 
  0.3940   0.4502   0.0000   0.3364   0.0000   0.9414   1.1021   0.0000   0.0000  -0.4893 
  0.4043   0.3594   0.0000   0.4292   0.0000   0.9131   1.1177   0.0000   0.0000  -0.4849 
  0.3716   0.2866   0.0000   0.3687   0.0000   0.9219   1.1069   0.0000   0.0000  -0.4922 
  0.3374   0.2671   0.0000   0.4189   0.0000   0.9365   1.0635   0.0000   0.0000  -0.5122 
  0.3115   0.2451   0.0000   0.3735   0.0000   0.9043   1.0049   0.0000   0.0000  -0.5303 
  0.2935   0.1943   0.0000   0.4023   0.0000   0.9380   0.9575   0.0000   0.0000  -0.5737 
  0.2866   0.1602   0.0000   0.3350   0.0000   0.9844   0.9775   0.0000   0.0000  -0.6343 
  0.2651   0.1338   0.0000   0.3105   0.0000   1.0181   0.9951   0.0000   0.0000  -0.6807 
  0.2368   0.1152   0.0000   0.0000   0.0000   1.0127   0.9888   0.0000   0.0000  -0.6914 
  0.2163   0.0996   0.0000   0.0000   0.0000   0.9614   0.9692   0.0000   0.0000  -0.6938 
  0.1592   0.0835   0.0000   0.0000   0.0000   0.8975   0.9434   0.0000   0.0000  -0.6963 
  0.1582   0.0601   0.0000   0.0000   0.0000   0.8750   0.8838   0.0000   0.0000  -0.7290 
  0.1885   0.0225   0.0000   0.0000   0.0000   0.8677   0.8413   0.0000   0.0000  -0.7612 
  0.2593   0.0254   0.0000   0.0000   0.0000   0.8735   0.8301   0.0000   0.0000  -0.7739 
  0.2690   0.0229   0.0000   0.0000   0.0000   0.8467   0.8247   0.0000   0.0000  -0.7656 
  0.2422   0.0386   0.0000   0.0000   0.0000   0.8276   0.8394   0.0000   0.0000  -0.7466 
  0.2813   0.0122   0.0000   0.0000   0.0000   0.8359   0.8472   0.0000   0.0000  -0.7139 
  0.5200   0.0352   0.0000   0.0000   0.0000   0.8652   0.8770   0.0000   0.0000  -0.7095 
  0.4946   0.0430   0.0000   0.0000   0.0000   0.8911   0.9038   0.0000   0.0000  -0.6973 
  0.5918   0.0000   0.0000   0.0000   0.0000   0.8296   0.9121   0.0000   0.0000  -0.7031 
  0.7573   0.0000   0.0000   0.0000   0.0000   0.9243   0.8975   0.0000   0.0000  -0.7256 
  0.8252   0.0000   0.0000   0.0000   0.0000   0.0000   0.8682   0.0000   0.0000  -0.7520 
  0.6191   0.0000   0.0000   0.0000   0.0000   0.0000   0.8730   0.0000   0.0000  -0.7241 
  0.5039   0.0000   0.0000   0.0000   0.0000   0.0000   0.8950   0.0000   0.0000  -0.7119 
  0.5923   0.0000   0.0000   0.0000   0.0000   0.0000   0.9097   0.0000   0.0000  -0.7236 
  0.5093   0.0000   0.0000   0.0000   0.0000   0.0000   0.9067   0.0000   0.0000  -0.7314 
  0.3906   0.0000   0.0000   0.0000   0.0000   0.0000   0.8965   0.0000   0.0000  -0.7271 
  0.4897   0.0000   0.0000   0.0000   0.0000   0.0000   0.9019   0.0000   0.0000  -0.6846 
  0.5332   0.0000   0.0000   0.0000   0.0000   0.0000   0.9141   0.0000   0.0000  -0.6509 
  0.5420   0.0000   0.0000   0.0000   0.0000   0.0000   0.0000   0.0000   0.0000  -0.6152 
  0.4756   0.0000   0.0000   0.0000   0.0000   0.0000   0.0000   0.0000   0.0000  -0.5981 
  0.5400   0.0000   0.0000   0.0000   0.0000   0.0000   0.0000   0.0000   0.0000  -0.6060 
  0.5200   0.0000   0.0000   0.0000   0.0000   0.0000   0.0000   0.0000   0.0000  -0.6323 
  0.4458   0.0000   0.0000   0.0000   0.0000   0.0000   0.0000   0.0000   0.0000  -0.6489 
  0.3071   0.0000   0.0000   0.0000   0.0000   0.0000   0.0000   0.0000   0.0000  -0.6270 
  0.2378   0.0000   0.0000   0.0000   0.0000   0.0000   0.0000   0.0000   0.0000  -0.6274 
  0.2622   0.0000   0.0000   0.0000   0.0000   0.0000   0.0000   0.0000   0.0000  -0.6484 
  0.3076   0.0000   0.0000   0.0000   0.0000   0.0000   0.0000   0.0000   0.0000  -0.6758 
  0.3022   0.0000   0.0000   0.0000   0.0000   0.0000   0.0000   0.0000   0.0000  -0.7046 
  0.2573   0.0000   0.0000   0.0000   0.0000   0.0000   0.0000   0.0000   0.0000  -0.7168 
  0.1680   0.0000   0.0000   0.0000   0.0000   0.0000   0.0000   0.0000   0.0000  -0.7358 
  0.0811   0.0000   0.0000   0.0000   0.0000   0.0000   0.0000   0.0000   0.0000  -0.7319 
  0.0322   0.0000   0.0000   0.0000   0.0000   0.0000   0.0000   0.0000   0.0000  -0.7007 
  0.0000   0.0000   0.0000   0.0000   0.0000   0.0000   0.0000   0.0000   0.0000  -0.6772 
  0.0000   0.0000   0.0000   0.0000   0.0000   0.0000   0.0000   0.0000   0.0000  -0.6714 
  0.0000   0.0000   0.0000   0.0000   0.0000   0.0000   0.0000   0.0000   0.0000  -0.6572 
  0.0000   0.0000   0.0000   0.0000   0.0000   0.0000   0.0000   0.0000   0.0000  -0.6387 
  0.0000   0.0000   0.0000   0.0000   0.0000   0.0000   0.0000   0.0000   0.0000  -0.6348 
  0.0000   0.0000   0.0000   0.0000   0.0000   0.0000   0.0000   0.0000   0.0000  -0.6421 
  0.0000   0.0000   0.0000   0.0000   0.0000   0.0000   0.0000   0.0000   0.0000  -0.6597 
  0.0000   0.0000   0.0000   0.0000   0.0000   0.0000   0.0000   0.0000   0.0000   0.0000 
  0.0000   0.0000   0.0000   0.0000   0.0000   0.0000   0.0000   0.0000   0.0000   0.0000 
  0.0000   0.0000   0.0000   0.0000   0.0000   0.0000   0.0000   0.0000   0.0000   0.0000 
  0.0000   0.0000   0.0000   0.0000   0.0000   0.0000   0.0000   0.0000   0.0000   0.0000 
  0.0000   0.0000   0.0000   0.0000   0.0000   0.0000   0.0000   0.0000   0.0000   0.0000 
  0.0000   0.0000   0.0000   0.0000   0.0000   0.0000   0.0000   0.0000   0.0000   0.0000 
  0.0000   0.0000   0.0000   0.0000   0.0000   0.0000   0.0000   0.0000   0.0000   0.0000 
  0.0000   0.0000   0.0000   0.0000   0.0000   0.0000   0.0000   0.0000   0.0000   0.0000 
  0.0000   0.0000   0.0000   0.0000   0.0000   0.0000   0.0000   0.0000   0.0000   0.0000 
  0.0000   0.0000   0.0000   0.0000   0.0000   0.0000   0.0000   0.0000   0.0000   0.0000 
  0.0000   0.0000   0.0000   0.0000   0.0000   0.0000   0.0000   0.0000   0.0000   0.0000 
  0.0000   0.0000   0.0000   0.0000   0.0000   0.0000   0.0000   0.0000   0.0000   0.0000 
  0.0000   0.0000   0.0000   0.0000   0.0000   0.0000   0.0000   0.0000   0.0000   0.0000 
  0.0000   0.0000   0.0000   0.0000   0.0000   0.0000   0.0000   0.0000   0.0000   0.0000 
  0.0000   0.0000   0.0000   0.0000   0.0000   0.0000   0.0000   0.0000   0.0000   0.0000 
  0.0000   0.0000   0.0000   0.0000   0.0000   0.0000   0.0000   0.0000   0.0000   0.0000 
  0.0000   0.0000   0.0000   0.0000   0.0000   0.0000   0.0000   0.0000   0.0000   0.0000 
  0.0000   0.0000   0.0000   0.0000   0.0000   0.0000   0.0000   0.0000   0.0000   0.0000 
  0.0000   0.0000   0.0000   0.0000   0.0000   0.0000   0.0000   0.0000   0.0000   0.0000 
  0.0000   0.0000   0.0000   0.0000   0.0000   0.0000   0.0000   0.0000   0.0000   0.0000 
  0.0000   0.0000   0.0000   0.0000   0.0000   0.0000   0.0000   0.0000   0.0000   0.0000 
  0.0000   0.0000   0.0000   0.0000   0.0000   0.0000   0.0000   0.0000   0.0000   0.0000 
  0.0000   0.0000   0.0000   0.0000   0.0000   0.0000   0.0000   0.0000   0.0000   0.0000 
  0.0000   0.0000   0.0000   0.0000   0.0000   0.0000   0.0000   0.0000   0.0000   0.0000 
  0.0000   0.0000   0.0000   0.0000   0.0000   0.0000   0.0000   0.0000   0.0000   0.0000 
  0.0000   0.0000   0.0000   0.0000   0.0000   0.0000   0.0000   0.0000   0.0000   0.0000 
  0.0000   0.0000   0.0000   0.0000   0.0000   0.0000   0.0000   0.0000   0.0000   0.0000 
  0.0000   0.0000   0.0000   0.0000   0.0000   0.0000   0.0000   0.0000   0.0000   0.0000 
  0.0000   0.0000   0.0000   0.0000   0.0000   0.0000   0.0000   0.0000   0.0000   0.0000 
  0.0000   0.0000   0.0000   0.0000   0.0000   0.0000   0.0000   0.0000   0.0000   0.0000 
  0.0000   0.0000   0.0000   0.0000   0.0000   0.0000   0.0000   0.0000   0.0000   0.0000 
  0.0000   0.0000   0.0000   0.0000   0.0000   0.0000   0.0000   0.0000   0.0000   0.0000 
  0.0000   0.0000   0.0000   0.0000   0.0000   0.0000   0.0000   0.0000   0.0000   0.0000 
  0.0000   0.0000   0.0000   0.0000   0.0000   0.0000   0.0000   0.0000   0.0000   0.0000 
  0.0000   0.0000   0.0000   0.0000   0.0000   0.0000   0.0000   0.0000   0.0000   0.0000 
  0.0000   0.0000   0.0000   0.0000   0.0000   0.0000   0.0000   0.0000   0.0000   0.0000 
  0.0000   0.0000   0.0000   0.0000   0.0000   0.0000   0.0000   0.0000   0.0000   0.0000 
  0.0000   0.0000   0.0000   0.0000   0.0000   0.0000   0.0000   0.0000   0.0000   0.0000 
  0.0000   0.0000   0.0000   0.0000   0.0000   0.0000   0.0000   0.0000   0.0000   0.0000 
  0.0000   0.0000   0.0000   0.0000   0.0000   0.0000   0.0000   0.0000   0.0000   0.0000 
  0.0000   0.0000   0.0000   0.0000   0.0000   0.0000   0.0000   0.0000   0.0000   0.0000 
  0.0000   0.0000   0.0000   0.0000   0.0000   0.0000   0.0000   0.0000   0.0000   0.0000 
  0.0000   0.0000   0.0000   0.0000   0.0000   0.0000   0.0000   0.0000   0.0000   0.0000 
  0.0000   0.0000   0.0000   0.0000   0.0000   0.0000   0.0000   0.0000   0.0000   0.0000 
  0.0000   0.0000   0.0000   0.0000   0.0000   0.0000   0.0000   0.0000   0.0000   0.0000 
  0.0000   0.0000   0.0000   0.0000   0.0000   0.0000   0.0000   0.0000   0.0000   0.0000 
  0.0000   0.0000   0.0000   0.0000   0.0000   0.0000   0.0000   0.0000   0.0000   0.0000 
  0.0000   0.0000   0.0000   0.0000   0.0000   0.0000   0.0000   0.0000   0.0000   0.0000 
  0.0000   0.0000   0.0000   0.0000   0.0000   0.0000   0.0000   0.0000   0.0000   0.0000 
  0.0000   0.0000   0.0000   0.0000   0.0000   0.0000   0.0000   0.0000   0.0000   0.0000 
  0.0000   0.0000   0.0000   0.0000   0.0000   0.0000   0.0000   0.0000   0.0000   0.0000 
  0.0000   0.0000   0.0000   0.0000   0.0000   0.0000   0.0000   0.0000   0.0000   0.0000 
  0.0000   0.0000   0.0000   0.0000   0.0000   0.0000   0.0000   0.0000   0.0000   0.0000 
  0.0000   0.0000   0.0000   0.0000   0.0000   0.0000   0.0000   0.0000   0.0000   0.0000 
  0.0000   0.0000   0.0000   0.0000   0.0000   0.0000   0.0000   0.0000   0.0000   0.0000 
  0.0000   0.0000   0.0000   0.0000   0.0000   0.0000   0.0000   0.0000   0.0000   0.0000 
  0.0000   0.0000   0.0000   0.0000   0.0000   0.0000   0.0000   0.0000   0.0000   0.0000 
  0.0000   0.0000   0.0000   0.0000   0.0000   0.0000   0.0000   0.0000   0.0000   0.0000 
  0.0000   0.0000   0.0000   0.0000   0.0000   0.0000   0.0000   0.0000   0.0000   0.0000 
  0.0000   0.0000   0.0000   0.0000   0.0000   0.0000   0.0000   0.0000   0.0000   0.0000 
  0.0000   0.0000   0.0000   0.0000   0.0000   0.0000   0.0000   0.0000   0.0000   0.0000 
  0.0000   0.0000   0.0000   0.0000   0.0000   0.0000   0.0000   0.0000   0.0000   0.0000 
  0.0000   0.0000   0.0000   0.0000   0.0000   0.0000   0.0000   0.0000   0.0000   0.0000 
  0.0000   0.0000   0.0000   0.0000   0.0000   0.0000   0.0000   0.0000   0.0000   0.0000 
  0.0000   0.0000   0.0000   0.0000   0.0000   0.0000   0.0000   0.0000   0.0000   0.0000 
  0.0000   0.0000   0.0000   0.0000   0.0000   0.0000   0.0000   0.0000   0.0000   0.0000 
  0.0000   0.0000   0.0000   0.0000   0.0000   0.0000   0.0000   0.0000   0.0000   0.0000 
  0.0000   0.0000   0.0000   0.0000   0.0000   0.0000   0.0000   0.0000   0.0000   0.0000 
  0.0000   0.0000   0.0000   0.0000   0.0000   0.0000   0.0000   0.0000   0.0000   0.0000 
  0.0000   0.0000   0.0000   0.0000   0.0000   0.0000   0.0000   0.0000   0.0000   0.0000 
  0.0000   0.0000   0.0000   0.0000   0.0000   0.0000   0.0000   0.0000   0.0000   0.0000 
  0.0000   0.0000   0.0000   0.0000   0.0000   0.0000   0.0000   0.0000   0.0000   0.0000 
  0.0000   0.0000   0.0000   0.0000   0.0000   0.0000   0.0000   0.0000   0.0000   0.0000 
  0.0000   0.0000   0.0000   0.0000   0.0000   0.0000   0.0000   0.0000   0.0000   0.0000 
  0.0000   0.0000   0.0000   0.0000   0.0000   0.0000   0.0000   0.0000   0.0000   0.0000 
  0.0000   0.0000   0.0000   0.0000   0.0000   0.0000   0.0000   0.0000   0.0000   0.0000 
  0.0000   0.0000   0.0000   0.0000   0.0000   0.0000   0.0000   0.0000   0.0000   0.0000 
  0.0000   0.0000   0.0000   0.0000   0.0000   0.0000   0.0000   0.0000   0.0000   0.0000 
  0.0000   0.0000   0.0000   0.0000   0.0000   0.0000   0.0000   0.0000   0.0000   0.0000 
  0.0000   0.0000   0.0000   0.0000   0.0000   0.0000   0.0000   0.0000   0.0000   0.0000 
  0.0000   0.0000   0.0000   0.0000   0.0000   0.0000   0.0000   0.0000   0.0000   0.0000 
  0.0000   0.0000   0.0000   0.0000   0.0000   0.0000   0.0000   0.0000   0.0000   0.0000 
  0.0000   0.0000   0.0000   0.0000   0.0000   0.0000   0.0000   0.0000   0.0000   0.0000 
  0.0000   0.0000   0.0000   0.0000   0.0000   0.0000   0.0000   0.0000   0.0000   0.0000 
  0.0000   0.0000   0.0000   0.0000   0.0000   0.0000   0.0000   0.0000   0.0000   0.0000 
  0.0000   0.0000   0.0000   0.0000   0.0000   0.0000   0.0000   0.0000   0.0000   0.0000 
  0.0000   0.0000   0.0000   0.0000   0.0000   0.0000   0.0000   0.0000   0.0000   0.0000 
  0.0000   0.0000   0.0000   0.0000   0.0000   0.0000   0.0000   0.0000   0.0000   0.0000 
  0.0000   0.0000   0.0000   0.0000   0.0000   0.0000   0.0000   0.0000   0.0000   0.0000 
  0.0000   0.0000   0.0000   0.0000   0.0000   0.0000   0.0000   0.0000   0.0000   0.0000 
  0.0000   0.0000   0.0000   0.0000   0.0000   0.0000   0.0000   0.0000   0.0000   0.0000 
  0.0000   0.0000   0.0000   0.0000   0.0000   0.0000   0.0000   0.0000   0.0000   0.0000 
  0.0000   0.0000   0.0000   0.0000   0.0000   0.0000   0.0000   0.0000   0.0000   0.0000 
  0.0000   0.0000   0.0000   0.0000   0.0000   0.0000   0.0000   0.0000   0.0000   0.0000 
  0.0000   0.0000   0.0000   0.0000   0.0000   0.0000   0.0000   0.0000   0.0000   0.0000 
  0.0000   0.0000   0.0000   0.0000   0.0000   0.0000   0.0000   0.0000   0.0000   0.0000 
  0.0000   0.0000   0.0000   0.0000   0.0000   0.0000   0.0000   0.0000   0.0000   0.0000 
  0.0000   0.0000   0.0000   0.0000   0.0000   0.0000   0.0000   0.0000   0.0000   0.0000 
  0.0000   0.0000   0.0000   0.0000   0.0000   0.0000   0.0000   0.0000   0.0000   0.0000 
  0.0000   0.0000   0.0000   0.0000   0.0000   0.0000   0.0000   0.0000   0.0000   0.0000 
  0.0000   0.0000   0.0000   0.0000   0.0000   0.0000   0.0000   0.0000   0.0000   0.0000 
  0.0000   0.0000   0.0000   0.0000   0.0000   0.0000   0.0000   0.0000   0.0000   0.0000 
  0.0000   0.0000   0.0000   0.0000   0.0000   0.0000   0.0000   0.0000   0.0000   0.0000 
  0.0000   0.0000   0.0000   0.0000   0.0000   0.0000   0.0000   0.0000   0.0000   0.0000 
  0.0000   0.0000   0.0000   0.0000   0.0000   0.0000   0.0000   0.0000   0.0000   0.0000 
  0.0000   0.0000   0.0000   0.0000   0.0000   0.0000   0.0000   0.0000   0.0000   0.0000 
  0.0000   0.0000   0.0000   0.0000   0.0000   0.0000   0.0000   0.0000   0.0000   0.0000 
  0.0000   0.0000   0.0000   0.0000   0.0000   0.0000   0.0000   0.0000   0.0000   0.0000 
  0.0000   0.0000   0.0000   0.0000   0.0000   0.0000   0.0000   0.0000   0.0000   0.0000 
  0.0000   0.0000   0.0000   0.0000   0.0000   0.0000   0.0000   0.0000   0.0000   0.0000 
  0.0000   0.0000   0.0000   0.0000   0.0000   0.0000   0.0000   0.0000   0.0000   0.0000 
  0.0000   0.0000   0.0000   0.0000   0.0000   0.0000   0.0000   0.0000   0.0000   0.0000 
  0.0000   0.0000   0.0000   0.0000   0.0000   0.0000   0.0000   0.0000   0.0000   0.0000 
  0.0000   0.0000   0.0000   0.0000   0.0000   0.0000   0.0000   0.0000   0.0000   0.0000 
  0.0000   0.0000   0.0000   0.0000   0.0000   0.0000   0.0000   0.0000   0.0000   0.0000 
  0.0000   0.0000   0.0000   0.0000   0.0000   0.0000   0.0000   0.0000   0.0000   0.0000 
  0.0000   0.0000   0.0000   0.0000   0.0000   0.0000   0.0000   0.0000   0.0000   0.0000 
  0.0000   0.0000   0.0000   0.0000   0.0000   0.0000   0.0000   0.0000   0.0000   0.0000 
  0.0000   0.0000   0.0000   0.0000   0.0000   0.0000   0.0000   0.0000   0.0000   0.0000 
  0.0000   0.0000   0.0000   0.0000   0.0000   0.0000   0.0000   0.0000   0.0000   0.0000 
  0.0000   0.0000   0.0000   0.0000   0.0000   0.0000   0.0000   0.0000   0.0000   0.0000 
  0.0000   0.0000   0.0000   0.0000   0.0000   0.0000   0.0000   0.0000   0.0000   0.0000 
  0.0000   0.0000   0.0000   0.0000   0.0000   0.0000   0.0000   0.0000   0.0000   0.0000 
  0.0000   0.0000   0.0000   0.0000   0.0000   0.0000   0.0000   0.0000   0.0000   0.0000 
  0.0000   0.0000   0.0000   0.0000   0.0000   0.0000   0.0000   0.0000   0.0000   0.0000 
  0.0000   0.0000   0.0000   0.0000   0.0000   0.0000   0.0000   0.0000   0.0000   0.0000 
  0.0000   0.0000   0.0000   0.0000   0.0000   0.0000   0.0000   0.0000   0.0000   0.0000 
  0.0000   0.0000   0.0000   0.0000   0.0000   0.0000   0.0000   0.0000   0.0000   0.0000 
  0.0000   0.0000   0.0000   0.0000   0.0000   0.0000   0.0000   0.0000   0.0000   0.0000 
  0.0000   0.0000   0.0000   0.0000   0.0000   0.0000   0.0000   0.0000   0.0000   0.0000 
  0.0000   0.0000   0.0000   0.0000   0.0000   0.0000   0.0000   0.0000   0.0000   0.0000 
  0.0000   0.0000   0.0000   0.0000   0.0000   0.0000   0.0000   0.0000   0.0000   0.0000 
  0.0000   0.0000   0.0000   0.0000   0.0000   0.0000   0.0000   0.0000   0.0000   0.0000 
  0.0000   0.0000   0.0000   0.0000   0.0000   0.0000   0.0000   0.0000   0.0000   0.0000 
  0.0000   0.0000   0.0000   0.0000   0.0000   0.0000   0.0000   0.0000   0.0000   0.0000 
  0.0000   0.0000   0.0000   0.0000   0.0000   0.0000   0.0000   0.0000   0.0000   0.0000 
  0.0000   0.0000   0.0000   0.0000   0.0000   0.0000   0.0000   0.0000   0.0000   0.0000 
  0.0000   0.0000   0.0000   0.0000   0.0000   0.0000   0.0000   0.0000   0.0000   0.0000 
  0.0000   0.0000   0.0000   0.0000   0.0000   0.0000   0.0000   0.0000   0.0000   0.0000 
  0.0000   0.0000   0.0000   0.0000   0.0000   0.0000   0.0000   0.0000   0.0000   0.0000 
  0.0000   0.0000   0.0000   0.0000   0.0000   0.0000   0.0000   0.0000   0.0000   0.0000 
  0.0000   0.0000   0.0000   0.0000   0.0000   0.0000   0.0000   0.0000   0.0000   0.0000 
  0.0000   0.0000   0.0000   0.0000   0.0000   0.0000   0.0000   0.0000   0.0000   0.0000 
  0.0000   0.0000   0.0000   0.0000   0.0000   0.0000   0.0000   0.0000   0.0000   0.0000 
  0.0000   0.0000   0.0000   0.0000   0.0000   0.0000   0.0000   0.0000   0.0000   0.0000 
  0.0000   0.0000   0.0000   0.0000   0.0000   0.0000   0.0000   0.0000   0.0000   0.0000 
  0.0000   0.0000   0.0000   0.0000   0.0000   0.0000   0.0000   0.0000   0.0000   0.0000 
  0.0000   0.0000   0.0000   0.0000   0.0000   0.0000   0.0000   0.0000   0.0000   0.0000 
  0.0000   0.0000   0.0000   0.0000   0.0000   0.0000   0.0000   0.0000   0.0000   0.0000 
  0.0000   0.0000   0.0000   0.0000   0.0000   0.0000   0.0000   0.0000   0.0000   0.0000 
  0.0000   0.0000   0.0000   0.0000   0.0000   0.0000   0.0000   0.0000   0.0000   0.0000 
  0.0000   0.0000   0.0000   0.0000   0.0000   0.0000   0.0000   0.0000   0.0000   0.0000 
  0.0000   0.0000   0.0000   0.0000   0.0000   0.0000   0.0000   0.0000   0.0000   0.0000 
  0.0000   0.0000   0.0000   0.0000   0.0000   0.0000   0.0000   0.0000   0.0000   0.0000 
  0.0000   0.0000   0.0000   0.0000   0.0000   0.0000   0.0000   0.0000   0.0000   0.0000 
  0.0000   0.0000   0.0000   0.0000   0.0000   0.0000   0.0000   0.0000   0.0000   0.0000 
  0.0000   0.0000   0.0000   0.0000   0.0000   0.0000   0.0000   0.0000   0.0000   0.0000 
  0.0000   0.0000   0.0000   0.0000   0.0000   0.0000   0.0000   0.0000   0.0000   0.0000 
  0.0000   0.0000   0.0000   0.0000   0.0000   0.0000   0.0000   0.0000   0.0000   0.0000 
  0.0000   0.0000   0.0000   0.0000   0.0000   0.0000   0.0000   0.0000   0.0000   0.0000 
  0.0000   0.0000   0.0000   0.0000   0.0000   0.0000   0.0000   0.0000   0.0000   0.0000 
  0.0000   0.0000   0.0000   0.0000   0.0000   0.0000   0.0000   0.0000   0.0000   0.0000 
  0.0000   0.0000   0.0000   0.0000   0.0000   0.0000   0.0000   0.0000   0.0000   0.0000 
  0.0000   0.0000   0.0000   0.0000   0.0000   0.0000   0.0000   0.0000   0.0000   0.0000 
  0.0000   0.0000   0.0000   0.0000   0.0000   0.0000   0.0000   0.0000   0.0000   0.0000 
  0.0000   0.0000   0.0000   0.0000   0.0000   0.0000   0.0000   0.0000   0.0000   0.0000 
  0.0000   0.0000   0.0000   0.0000   0.0000   0.0000   0.0000   0.0000   0.0000   0.0000 
  0.0000   0.0000   0.0000   0.0000   0.0000   0.0000   0.0000   0.0000   0.0000   0.0000 
  0.0000   0.0000   0.0000   0.0000   0.0000   0.0000   0.0000   0.0000   0.0000   0.0000 
  0.0000   0.0000   0.0000   0.0000   0.0000   0.0000   0.0000   0.0000   0.0000   0.0000 
  0.0000   0.0000   0.0000   0.0000   0.0000   0.0000   0.0000   0.0000   0.0000   0.0000 
  0.0000   0.0000   0.0000   0.0000   0.0000   0.0000   0.0000   0.0000   0.0000   0.0000 
  0.0000   0.0000   0.0000   0.0000   0.0000   0.0000   0.0000   0.0000   0.0000   0.0000 
  0.0000   0.0000   0.0000   0.0000   0.0000   0.0000   0.0000   0.0000   0.0000   0.0000 
  0.0000   0.0000   0.0000   0.0000   0.0000   0.0000   0.0000   0.0000   0.0000   0.0000 
  0.0000   0.0000   0.0000   0.0000   0.0000   0.0000   0.0000   0.0000   0.0000   0.0000 
  0.0000   0.0000   0.0000   0.0000   0.0000   0.0000   0.0000   0.0000   0.0000   0.0000 
  0.0000   0.0000   0.0000   0.0000   0.0000   0.0000   0.0000   0.0000   0.0000   0.0000 
  0.0000   0.0000   0.0000   0.0000   0.0000   0.0000   0.0000   0.0000   0.0000   0.0000 
  0.0000   0.0000   0.0000   0.0000   0.0000   0.0000   0.0000   0.0000   0.0000   0.0000 
  0.0000   0.0000   0.0000   0.0000   0.0000   0.0000   0.0000   0.0000   0.0000   0.0000 
  0.0000   0.0000   0.0000   0.0000   0.0000   0.0000   0.0000   0.0000   0.0000   0.0000 
  0.0000   0.0000   0.0000   0.0000   0.0000   0.0000   0.0000   0.0000   0.0000   0.0000 
  0.0000   0.0000   0.0000   0.0000   0.0000   0.0000   0.0000   0.0000   0.0000   0.0000 
  0.0000   0.0000   0.0000   0.0000   0.0000   0.0000   0.0000   0.0000   0.0000   0.0000 
  0.0000   0.0000   0.0000   0.0000   0.0000   0.0000   0.0000   0.0000   0.0000   0.0000 
  0.0000   0.0000   0.0000   0.0000   0.0000   0.0000   0.0000   0.0000   0.0000   0.0000 
  0.0000   0.0000   0.0000   0.0000   0.0000   0.0000   0.0000   0.0000   0.0000   0.0000 
  0.0000   0.0000   0.0000   0.0000   0.0000   0.0000   0.0000   0.0000   0.0000   0.0000 
  0.0000   0.0000   0.0000   0.0000   0.0000   0.0000   0.0000   0.0000   0.0000   0.0000 
  0.0000   0.0000   0.0000   0.0000   0.0000   0.0000   0.0000   0.0000   0.0000   0.0000 
  0.0000   0.0000   0.0000   0.0000   0.0000   0.0000   0.0000   0.0000   0.0000   0.0000 
  0.0000   0.0000   0.0000   0.0000   0.0000   0.0000   0.0000   0.0000   0.0000   0.0000 
  0.0000   0.0000   0.0000   0.0000   0.0000   0.0000   0.0000   0.0000   0.0000   0.0000 
  0.0000   0.0000   0.0000   0.0000   0.0000   0.0000   0.0000   0.0000   0.0000   0.0000 
  0.0000   0.0000   0.0000   0.0000   0.0000   0.0000   0.0000   0.0000   0.0000   0.0000 
  0.0000   0.0000   0.0000   0.0000   0.0000   0.0000   0.0000   0.0000   0.0000   0.0000 
  0.0000   0.0000   0.0000   0.0000   0.0000   0.0000   0.0000   0.0000   0.0000   0.0000 
  0.0000   0.0000   0.0000   0.0000   0.0000   0.0000   0.0000   0.0000   0.0000   0.0000 
  0.0000   0.0000   0.0000   0.0000   0.0000   0.0000   0.0000   0.0000   0.0000   0.0000 
  0.0000   0.0000   0.0000   0.0000   0.0000   0.0000   0.0000   0.0000   0.0000   0.0000 
  0.0000   0.0000   0.0000   0.0000   0.0000   0.0000   0.0000   0.0000   0.0000   0.0000 
  0.0000   0.0000   0.0000   0.0000   0.0000   0.0000   0.0000   0.0000   0.0000   0.0000 
  0.0000   0.0000   0.0000   0.0000   0.0000   0.0000   0.0000   0.0000   0.0000   0.0000 
  0.0000   0.0000   0.0000   0.0000   0.0000   0.0000   0.0000   0.0000   0.0000   0.0000 
  0.0000   0.0000   0.0000   0.0000   0.0000   0.0000   0.0000   0.0000   0.0000   0.0000 
  0.0000   0.0000   0.0000   0.0000   0.0000   0.0000   0.0000   0.0000   0.0000   0.0000 
  0.0000   0.0000   0.0000   0.0000   0.0000   0.0000   0.0000   0.0000   0.0000   0.0000 
  0.0000   0.0000   0.0000   0.0000   0.0000   0.0000   0.0000   0.0000   0.0000   0.0000 
  0.0000   0.0000   0.0000   0.0000   0.0000   0.0000   0.0000   0.0000   0.0000   0.0000 
  0.0000   0.0000   0.0000   0.0000   0.0000   0.0000   0.0000   0.0000   0.0000   0.0000 
  0.0000   0.0000   0.0000   0.0000   0.0000   0.0000   0.0000   0.0000   0.0000   0.0000 
  0.0000   0.0000   0.0000   0.0000   0.0000   0.0000   0.0000   0.0000   0.0000   0.0000 
  0.0000   0.0000   0.0000   0.0000   0.0000   0.0000   0.0000   0.0000   0.0000   0.0000 
  0.0000   0.0000   0.0000   0.0000   0.0000   0.0000   0.0000   0.0000   0.0000   0.0000 
  0.0000   0.0000   0.0000   0.0000   0.0000   0.0000   0.0000   0.0000   0.0000   0.0000 
  0.0000   0.0000   0.0000   0.0000   0.0000   0.0000   0.0000   0.0000   0.0000   0.0000 
  0.0000   0.0000   0.0000   0.0000   0.0000   0.0000   0.0000   0.0000   0.0000   0.0000 
  0.0000   0.0000   0.0000   0.0000   0.0000   0.0000   0.0000   0.0000   0.0000   0.0000 
  0.0000   0.0000   0.0000   0.0000   0.0000   0.0000   0.0000   0.0000   0.0000   0.0000 
  0.0000   0.0000   0.0000   0.0000   0.0000   0.0000   0.0000   0.0000   0.0000   0.0000 
  0.0000   0.0000   0.0000   0.0000   0.0000   0.0000   0.0000   0.0000   0.0000   0.0000 
  0.0000   0.0000   0.0000   0.0000   0.0000   0.0000   0.0000   0.0000   0.0000   0.0000 
  0.0000   0.0000   0.0000   0.0000   0.0000   0.0000   0.0000   0.0000   0.0000   0.0000 
  0.0000   0.0000   0.0000   0.0000   0.0000   0.0000   0.0000   0.0000   0.0000   0.0000 
  0.0000   0.0000   0.0000   0.0000   0.0000   0.0000   0.0000   0.0000   0.0000   0.0000 
  0.0000   0.0000   0.0000   0.0000   0.0000   0.0000   0.0000   0.0000   0.0000   0.0000 
  0.0000   0.0000   0.0000   0.0000   0.0000   0.0000   0.0000   0.0000   0.0000   0.0000 
  0.0000   0.0000   0.0000   0.0000   0.0000   0.0000   0.0000   0.0000   0.0000   0.0000 
  0.0000   0.0000   0.0000   0.0000   0.0000   0.0000   0.0000   0.0000   0.0000   0.0000 
  0.0000   0.0000   0.0000   0.0000   0.0000   0.0000   0.0000   0.0000   0.0000   0.0000 
  0.0000   0.0000   0.0000   0.0000   0.0000   0.0000   0.0000   0.0000   0.0000   0.0000 
  0.0000   0.0000   0.0000   0.0000   0.0000   0.0000   0.0000   0.0000   0.0000   0.0000 
  0.0000   0.0000   0.0000   0.0000   0.0000   0.0000   0.0000   0.0000   0.0000   0.0000 
  0.0000   0.0000   0.0000   0.0000   0.0000   0.0000   0.0000   0.0000   0.0000   0.0000 
  0.0000   0.0000   0.0000   0.0000   0.0000   0.0000   0.0000   0.0000   0.0000   0.0000 
  0.0000   0.0000   0.0000   0.0000   0.0000   0.0000   0.0000   0.0000   0.0000   0.0000 
  0.0000   0.0000   0.0000   0.0000   0.0000   0.0000   0.0000   0.0000   0.0000   0.0000 
  0.0000   0.0000   0.0000   0.0000   0.0000   0.0000   0.0000   0.0000   0.0000   0.0000 
  0.0000   0.0000   0.0000   0.0000   0.0000   0.0000   0.0000   0.0000   0.0000   0.0000 
  0.0000   0.0000   0.0000   0.0000   0.0000   0.0000   0.0000   0.0000   0.0000   0.0000 
  0.0000   0.0000   0.0000   0.0000   0.0000   0.0000   0.0000   0.0000   0.0000   0.0000 
  0.0000   0.0000   0.0000   0.0000   0.0000   0.0000   0.0000   0.0000   0.0000   0.0000 
  0.0000   0.0000   0.0000   0.0000   0.0000   0.0000   0.0000   0.0000   0.0000   0.0000 
  0.0000   0.0000   0.0000   0.0000   0.0000   0.0000   0.0000   0.0000   0.0000   0.0000 
  0.0000   0.0000   0.0000   0.0000   0.0000   0.0000   0.0000   0.0000   0.0000   0.0000 
  0.0000   0.0000   0.0000   0.0000   0.0000   0.0000   0.0000   0.0000   0.0000   0.0000 
  0.0000   0.0000   0.0000   0.0000   0.0000   0.0000   0.0000   0.0000   0.0000   0.0000 
  0.0000   0.0000   0.0000   0.0000   0.0000   0.0000   0.0000   0.0000   0.0000   0.0000 
  0.0000   0.0000   0.0000   0.0000   0.0000   0.0000   0.0000   0.0000   0.0000   0.0000 
  0.0000   0.0000   0.0000   0.0000   0.0000   0.0000   0.0000   0.0000   0.0000   0.0000 
  0.0000   0.0000   0.0000   0.0000   0.0000   0.0000   0.0000   0.0000   0.0000   0.0000 
  0.0000   0.0000   0.0000   0.0000   0.0000   0.0000   0.0000   0.0000   0.0000   0.0000 
  0.0000   0.0000   0.0000   0.0000   0.0000   0.0000   0.0000   0.0000   0.0000   0.0000 
  0.0000   0.0000   0.0000   0.0000   0.0000   0.0000   0.0000   0.0000   0.0000   0.0000 
  0.0000   0.0000   0.0000   0.0000   0.0000   0.0000   0.0000   0.0000   0.0000   0.0000 
  0.0000   0.0000   0.0000   0.0000   0.0000   0.0000   0.0000   0.0000   0.0000   0.0000 
  0.0000   0.0000   0.0000   0.0000   0.0000   0.0000   0.0000   0.0000   0.0000   0.0000 
  0.0000   0.0000   0.0000   0.0000   0.0000   0.0000   0.0000   0.0000   0.0000   0.0000 
  0.0000   0.0000   0.0000   0.0000   0.0000   0.0000   0.0000   0.0000   0.0000   0.0000 
  0.0000   0.0000   0.0000   0.0000   0.0000   0.0000   0.0000   0.0000   0.0000   0.0000 
  0.0000   0.0000   0.0000   0.0000   0.0000   0.0000   0.0000   0.0000   0.0000   0.0000 
  0.0000   0.0000   0.0000   0.0000   0.0000   0.0000   0.0000   0.0000   0.0000   0.0000 
  0.0000   0.0000   0.0000   0.0000   0.0000   0.0000   0.0000   0.0000   0.0000   0.0000 
  0.0000   0.0000   0.0000   0.0000   0.0000   0.0000   0.0000   0.0000   0.0000   0.0000 
  0.0000   0.0000   0.0000   0.0000   0.0000   0.0000   0.0000   0.0000   0.0000   0.0000 
  0.0000   0.0000   0.0000   0.0000   0.0000   0.0000   0.0000   0.0000   0.0000   0.0000 
  0.0000   0.0000   0.0000   0.0000   0.0000   0.0000   0.0000   0.0000   0.0000   0.0000 
  0.0000   0.0000   0.0000   0.0000   0.0000   0.0000   0.0000   0.0000   0.0000   0.0000 
  0.0000   0.0000   0.0000   0.0000   0.0000   0.0000   0.0000   0.0000   0.0000   0.0000 
  0.0000   0.0000   0.0000   0.0000   0.0000   0.0000   0.0000   0.0000   0.0000   0.0000 
  0.0000   0.0000   0.0000   0.0000   0.0000   0.0000   0.0000   0.0000   0.0000   0.0000 
  0.0000   0.0000   0.0000   0.0000   0.0000   0.0000   0.0000   0.0000   0.0000   0.0000 
  0.0000   0.0000   0.0000   0.0000   0.0000   0.0000   0.0000   0.0000   0.0000   0.0000 
  0.0000   0.0000   0.0000   0.0000   0.0000   0.0000   0.0000   0.0000   0.0000   0.0000 
  0.0000   0.0000   0.0000   0.0000   0.0000   0.0000   0.0000   0.0000   0.0000   0.0000 
  0.0000   0.0000   0.0000   0.0000   0.0000   0.0000   0.0000   0.0000   0.0000   0.0000 
  0.0000   0.0000   0.0000   0.0000   0.0000   0.0000   0.0000   0.0000   0.0000   0.0000 
  0.0000   0.0000   0.0000   0.0000   0.0000   0.0000   0.0000   0.0000   0.0000   0.0000 
  0.0000   0.0000   0.0000   0.0000   0.0000   0.0000   0.0000   0.0000   0.0000   0.0000 
  0.0000   0.0000   0.0000   0.0000   0.0000   0.0000   0.0000   0.0000   0.0000   0.0000 
  0.0000   0.0000   0.0000   0.0000   0.0000   0.0000   0.0000   0.0000   0.0000   0.0000 
  0.0000   0.0000   0.0000   0.0000   0.0000   0.0000   0.0000   0.0000   0.0000   0.0000 
  0.0000   0.0000   0.0000   0.0000   0.0000   0.0000   0.0000   0.0000   0.0000   0.0000 
  0.0000   0.0000   0.0000   0.0000   0.0000   0.0000   0.0000   0.0000   0.0000   0.0000 
  0.0000   0.0000   0.0000   0.0000   0.0000   0.0000   0.0000   0.0000   0.0000   0.0000 
  0.0000   0.0000   0.0000   0.0000   0.0000   0.0000   0.0000   0.0000   0.0000   0.0000 
  0.0000   0.0000   0.0000   0.0000   0.0000   0.0000   0.0000   0.0000   0.0000   0.0000 
  0.0000   0.0000   0.0000   0.0000   0.0000   0.0000   0.0000   0.0000   0.0000   0.0000 
  0.0000   0.0000   0.0000   0.0000   0.0000   0.0000   0.0000   0.0000   0.0000   0.0000 
  0.0000   0.0000   0.0000   0.0000   0.0000   0.0000   0.0000   0.0000   0.0000   0.0000 
  0.0000   0.0000   0.0000   0.0000   0.0000   0.0000   0.0000   0.0000   0.0000   0.0000 
  0.0000   0.0000   0.0000   0.0000   0.0000   0.0000   0.0000   0.0000   0.0000   0.0000 
  0.0000   0.0000   0.0000   0.0000   0.0000   0.0000   0.0000   0.0000   0.0000   0.0000 
  0.0000   0.0000   0.0000   0.0000   0.0000   0.0000   0.0000   0.0000   0.0000   0.0000 
  0.0000   0.0000   0.0000   0.0000   0.0000   0.0000   0.0000   0.0000   0.0000   0.0000 
  0.0000   0.0000   0.0000   0.0000   0.0000   0.0000   0.0000   0.0000   0.0000   0.0000 
  0.0000   0.0000   0.0000   0.0000   0.0000   0.0000   0.0000   0.0000   0.0000   0.0000 
  0.0000   0.0000   0.0000   0.0000   0.0000   0.0000   0.0000   0.0000   0.0000   0.0000 
  0.0000   0.0000   0.0000   0.0000   0.0000   0.0000   0.0000   0.0000   0.0000   0.0000 
  0.0000   0.0000   0.0000   0.0000   0.0000   0.0000   0.0000   0.0000   0.0000   0.0000 
  0.0000   0.0000   0.0000   0.0000   0.0000   0.0000   0.0000   0.0000   0.0000   0.0000 
  0.0000   0.0000   0.0000   0.0000   0.0000   0.0000   0.0000   0.0000   0.0000   0.0000 
  0.0000   0.0000   0.0000   0.0000   0.0000   0.0000   0.0000   0.0000   0.0000   0.0000 
  0.0000   0.0000   0.0000   0.0000   0.0000   0.0000   0.0000   0.0000   0.0000   0.0000 
  0.0000   0.0000   0.0000   0.0000   0.0000   0.0000   0.0000   0.0000   0.0000   0.0000 
  0.0000   0.0000   0.0000   0.0000   0.0000   0.0000   0.0000   0.0000   0.0000   0.0000 
  0.0000   0.0000   0.0000   0.0000   0.0000   0.0000   0.0000   0.0000   0.0000   0.0000 
  0.0000   0.0000   0.0000   0.0000   0.0000   0.0000   0.0000   0.0000   0.0000   0.0000 
  0.0000   0.0000   0.0000   0.0000   0.0000   0.0000   0.0000   0.0000   0.0000   0.0000 
  0.0000   0.0000   0.0000   0.0000   0.0000   0.0000   0.0000   0.0000   0.0000   0.0000 
  0.0000   0.0000   0.0000   0.0000   0.0000   0.0000   0.0000   0.0000   0.0000   0.0000 
  0.0000   0.0000   0.0000   0.0000   0.0000   0.0000   0.0000   0.0000   0.0000   0.0000 
  0.0000   0.0000   0.0000   0.0000   0.0000   0.0000   0.0000   0.0000   0.0000   0.0000 
  0.0000   0.0000   0.0000   0.0000   0.0000   0.0000   0.0000   0.0000   0.0000   0.0000 
  0.0000   0.0000   0.0000   0.0000   0.0000   0.0000   0.0000   0.0000   0.0000   0.0000 
  0.0000   0.0000   0.0000   0.0000   0.0000   0.0000   0.0000   0.0000   0.0000   0.0000 
  0.0000   0.0000   0.0000   0.0000   0.0000   0.0000   0.0000   0.0000   0.0000   0.0000 
  0.0000   0.0000   0.0000   0.0000   0.0000   0.0000   0.0000   0.0000   0.0000   0.0000 
  0.0000   0.0000   0.0000   0.0000   0.0000   0.0000   0.0000   0.0000   0.0000   0.0000 
  0.0000   0.0000   0.0000   0.0000   0.0000   0.0000   0.0000   0.0000   0.0000   0.0000 
  0.0000   0.0000   0.0000   0.0000   0.0000   0.0000   0.0000   0.0000   0.0000   0.0000 
  0.0000   0.0000   0.0000   0.0000   0.0000   0.0000   0.0000   0.0000   0.0000   0.0000 
  0.0000   0.0000   0.0000   0.0000   0.0000   0.0000   0.0000   0.0000   0.0000   0.0000 
  0.0000   0.0000   0.0000   0.0000   0.0000   0.0000   0.0000   0.0000   0.0000   0.0000 
  0.0000   0.0000   0.0000   0.0000   0.0000   0.0000   0.0000   0.0000   0.0000   0.0000 
  0.0000   0.0000   0.0000   0.0000   0.0000   0.0000   0.0000   0.0000   0.0000   0.0000 
  0.0000   0.0000   0.0000   0.0000   0.0000   0.0000   0.0000   0.0000   0.0000   0.0000 
  0.0000   0.0000   0.0000   0.0000   0.0000   0.0000   0.0000   0.0000   0.0000   0.0000 
  0.0000   0.0000   0.0000   0.0000   0.0000   0.0000   0.0000   0.0000   0.0000   0.0000 
  0.0000   0.0000   0.0000   0.0000   0.0000   0.0000   0.0000   0.0000   0.0000   0.0000 
  0.0000   0.0000   0.0000   0.0000   0.0000   0.0000   0.0000   0.0000   0.0000   0.0000 
  0.0000   0.0000   0.0000   0.0000   0.0000   0.0000   0.0000   0.0000   0.0000   0.0000 
  0.0000   0.0000   0.0000   0.0000   0.0000   0.0000   0.0000   0.0000   0.0000   0.0000 
  0.0000   0.0000   0.0000   0.0000   0.0000   0.0000   0.0000   0.0000   0.0000   0.0000 
  0.0000   0.0000   0.0000   0.0000   0.0000   0.0000   0.0000   0.0000   0.0000   0.0000 
  0.0000   0.0000   0.0000   0.0000   0.0000   0.0000   0.0000   0.0000   0.0000   0.0000 
  0.0000   0.0000   0.0000   0.0000   0.0000   0.0000   0.0000   0.0000   0.0000   0.0000 
  0.0000   0.0000   0.0000   0.0000   0.0000   0.0000   0.0000   0.0000   0.0000   0.0000 
  0.0000   0.0000   0.0000   0.0000   0.0000   0.0000   0.0000   0.0000   0.0000   0.0000 
  0.0000   0.0000   0.0000   0.0000   0.0000   0.0000   0.0000   0.0000   0.0000   0.0000 
  0.0000   0.0000   0.0000   0.0000   0.0000   0.0000   0.0000   0.0000   0.0000   0.0000 
  0.0000   0.0000   0.0000   0.0000   0.0000   0.0000   0.0000   0.0000   0.0000   0.0000 
  0.0000   0.0000   0.0000   0.0000   0.0000   0.0000   0.0000   0.0000   0.0000   0.0000 
  0.0000   0.0000   0.0000   0.0000   0.0000   0.0000   0.0000   0.0000   0.0000   0.0000 
  0.0000   0.0000   0.0000   0.0000   0.0000   0.0000   0.0000   0.0000   0.0000   0.0000 
  0.0000   0.0000   0.0000   0.0000   0.0000   0.0000   0.0000   0.0000   0.0000   0.0000 
  0.0000   0.0000   0.0000   0.0000   0.0000   0.0000   0.0000   0.0000   0.0000   0.0000 
  0.0000   0.0000   0.0000   0.0000   0.0000   0.0000   0.0000   0.0000   0.0000   0.0000 
  0.0000   0.0000   0.0000   0.0000   0.0000   0.0000   0.0000   0.0000   0.0000   0.0000 
  0.0000   0.0000   0.0000   0.0000   0.0000   0.0000   0.0000   0.0000   0.0000   0.0000 
  0.0000   0.0000   0.0000   0.0000   0.0000   0.0000   0.0000   0.0000   0.0000   0.0000 
  0.0000   0.0000   0.0000   0.0000   0.0000   0.0000   0.0000   0.0000   0.0000   0.0000 
  0.0000   0.0000   0.0000   0.0000   0.0000   0.0000   0.0000   0.0000   0.0000   0.0000 
  0.0000   0.0000   0.0000   0.0000   0.0000   0.0000   0.0000   0.0000   0.0000   0.0000 
  0.0000   0.0000   0.0000   0.0000   0.0000   0.0000   0.0000   0.0000   0.0000   0.0000 
  0.0000   0.0000   0.0000   0.0000   0.0000   0.0000   0.0000   0.0000   0.0000   0.0000 
  0.0000   0.0000   0.0000   0.0000   0.0000   0.0000   0.0000   0.0000   0.0000   0.0000 
  0.0000   0.0000   0.0000   0.0000   0.0000   0.0000   0.0000   0.0000   0.0000   0.0000 
  0.0000   0.0000   0.0000   0.0000   0.0000   0.0000   0.0000   0.0000   0.0000   0.0000 
  0.0000   0.0000   0.0000   0.0000   0.0000   0.0000   0.0000   0.0000   0.0000   0.0000 
  0.0000   0.0000   0.0000   0.0000   0.0000   0.0000   0.0000   0.0000   0.0000   0.0000 
  0.0000   0.0000   0.0000   0.0000   0.0000   0.0000   0.0000   0.0000   0.0000   0.0000 
  0.0000   0.0000   0.0000   0.0000   0.0000   0.0000   0.0000   0.0000   0.0000   0.0000 
  0.0000   0.0000   0.0000   0.0000   0.0000   0.0000   0.0000   0.0000   0.0000   0.0000 
  0.0000   0.0000   0.0000   0.0000   0.0000   0.0000   0.0000   0.0000   0.0000   0.0000 
  0.0000   0.0000   0.0000   0.0000   0.0000   0.0000   0.0000   0.0000   0.0000   0.0000 
  0.0000   0.0000   0.0000   0.0000   0.0000   0.0000   0.0000   0.0000   0.0000   0.0000 
  0.0000   0.0000   0.0000   0.0000   0.0000   0.0000   0.0000   0.0000   0.0000   0.0000 
  0.0000   0.0000   0.0000   0.0000   0.0000   0.0000   0.0000   0.0000   0.0000   0.0000 
  0.0000   0.0000   0.0000   0.0000   0.0000   0.0000   0.0000   0.0000   0.0000   0.0000 
  0.0000   0.0000   0.0000   0.0000   0.0000   0.0000   0.0000   0.0000   0.0000   0.0000 
  0.0000   0.0000   0.0000   0.0000   0.0000   0.0000   0.0000   0.0000   0.0000   0.0000 
  0.0000   0.0000   0.0000   0.0000   0.0000   0.0000   0.0000   0.0000   0.0000   0.0000 
  0.0000   0.0000   0.0000   0.0000   0.0000   0.0000   0.0000   0.0000   0.0000   0.0000 
  0.0000   0.0000   0.0000   0.0000   0.0000   0.0000   0.0000   0.0000   0.0000   0.0000 
  0.0000   0.0000   0.0000   0.0000   0.0000   0.0000   0.0000   0.0000   0.0000   0.0000 
  0.0000   0.0000   0.0000   0.0000   0.0000   0.0000   0.0000   0.0000   0.0000   0.0000 
  0.0000   0.0000   0.0000   0.0000   0.0000   0.0000   0.0000   0.0000   0.0000   0.0000 
  0.0000   0.0000   0.0000   0.0000   0.0000   0.0000   0.0000   0.0000   0.0000   0.0000 
  0.0000   0.0000   0.0000   0.0000   0.0000   0.0000   0.0000   0.0000   0.0000   0.0000 
  0.0000   0.0000   0.0000   0.0000   0.0000   0.0000   0.0000   0.0000   0.0000   0.0000 
  0.0000   0.0000   0.0000   0.0000   0.0000   0.0000   0.0000   0.0000   0.0000   0.0000 
  0.0000   0.0000   0.0000   0.0000   0.0000   0.0000   0.0000   0.0000   0.0000   0.0000 
  0.0000   0.0000   0.0000   0.0000   0.0000   0.0000   0.0000   0.0000   0.0000   0.0000 
  0.0000   0.0000   0.0000   0.0000   0.0000   0.0000   0.0000   0.0000   0.0000   0.0000 
  0.0000   0.0000   0.0000   0.0000   0.0000   0.0000   0.0000   0.0000   0.0000   0.0000 
  0.0000   0.0000   0.0000   0.0000   0.0000   0.0000   0.0000   0.0000   0.0000   0.0000 
  0.0000   0.0000   0.0000   0.0000   0.0000   0.0000   0.0000   0.0000   0.0000   0.0000 
  0.0000   0.0000   0.0000   0.0000   0.0000   0.0000   0.0000   0.0000   0.0000   0.0000 
  0.0000   0.0000   0.0000   0.0000   0.0000   0.0000   0.0000   0.0000   0.0000   0.0000 
  0.0000   0.0000   0.0000   0.0000   0.0000   0.0000   0.0000   0.0000   0.0000   0.0000 
  0.0000   0.0000   0.0000   0.0000   0.0000   0.0000   0.0000   0.0000   0.0000   0.0000 
  0.0000   0.0000   0.0000   0.0000   0.0000   0.0000   0.0000   0.0000   0.0000   0.0000 
  0.0000   0.0000   0.0000   0.0000   0.0000   0.0000   0.0000   0.0000   0.0000   0.0000 
  0.0000   0.0000   0.0000   0.0000   0.0000   0.0000   0.0000   0.0000   0.0000   0.0000 
  0.0000   0.0000   0.0000   0.0000   0.0000   0.0000   0.0000   0.0000   0.0000   0.0000 
  0.0000   0.0000   0.0000   0.0000   0.0000   0.0000   0.0000   0.0000   0.0000   0.0000 
  0.0000   0.0000   0.0000   0.0000   0.0000   0.0000   0.0000   0.0000   0.0000   0.0000 
  0.0000   0.0000   0.0000   0.0000   0.0000   0.0000   0.0000   0.0000   0.0000   0.0000 
  0.0000   0.0000   0.0000   0.0000   0.0000   0.0000   0.0000   0.0000   0.0000   0.0000 
  0.0000   0.0000   0.0000   0.0000   0.0000   0.0000   0.0000   0.0000   0.0000   0.0000 
  0.0000   0.0000   0.0000   0.0000   0.0000   0.0000   0.0000   0.0000   0.0000   0.0000 
  0.0000   0.0000   0.0000   0.0000   0.0000   0.0000   0.0000   0.0000   0.0000   0.0000 
  0.0000   0.0000   0.0000   0.0000   0.0000   0.0000   0.0000   0.0000   0.0000   0.0000 
  0.0000   0.0000   0.0000   0.0000   0.0000   0.0000   0.0000   0.0000   0.0000   0.0000 
  0.0000   0.0000   0.0000   0.0000   0.0000   0.0000   0.0000   0.0000   0.0000   0.0000 
  0.0000   0.0000   0.0000   0.0000   0.0000   0.0000   0.0000   0.0000   0.0000   0.0000 
  0.0000   0.0000   0.0000   0.0000   0.0000   0.0000   0.0000   0.0000   0.0000   0.0000 
  0.0000   0.0000   0.0000   0.0000   0.0000   0.0000   0.0000   0.0000   0.0000   0.0000 
  0.0000   0.0000   0.0000   0.0000   0.0000   0.0000   0.0000   0.0000   0.0000   0.0000 
  0.0000   0.0000   0.0000   0.0000   0.0000   0.0000   0.0000   0.0000   0.0000   0.0000 
  0.0000   0.0000   0.0000   0.0000   0.0000   0.0000   0.0000   0.0000   0.0000   0.0000 
  0.0000   0.0000   0.0000   0.0000   0.0000   0.0000   0.0000   0.0000   0.0000   0.0000 
  0.0000   0.0000   0.0000   0.0000   0.0000   0.0000   0.0000   0.0000   0.0000   0.0000 
  0.0000   0.0000   0.0000   0.0000   0.0000   0.0000   0.0000   0.0000   0.0000   0.0000 
  0.0000   0.0000   0.0000   0.0000   0.0000   0.0000   0.0000   0.0000   0.0000   0.0000 
  0.0000   0.0000   0.0000   0.0000   0.0000   0.0000   0.0000   0.0000   0.0000   0.0000 
  0.0000   0.0000   0.0000   0.0000   0.0000   0.0000   0.0000   0.0000   0.0000   0.0000 
  0.0000   0.0000   0.0000   0.0000   0.0000   0.0000   0.0000   0.0000   0.0000   0.0000 
  0.0000   0.0000   0.0000   0.0000   0.0000   0.0000   0.0000   0.0000   0.0000   0.0000 
  0.0000   0.0000   0.0000   0.0000   0.0000   0.0000   0.0000   0.0000   0.0000   0.0000 
  0.0000   0.0000   0.0000   0.0000   0.0000   0.0000   0.0000   0.0000   0.0000   0.0000 
  0.0000   0.0000   0.0000   0.0000   0.0000   0.0000   0.0000   0.0000   0.0000   0.0000 
  0.0000   0.0000   0.0000   0.0000   0.0000   0.0000   0.0000   0.0000   0.0000   0.0000 
  0.0000   0.0000   0.0000   0.0000   0.0000   0.0000   0.0000   0.0000   0.0000   0.0000 
  0.0000   0.0000   0.0000   0.0000   0.0000   0.0000   0.0000   0.0000   0.0000   0.0000 
  0.0000   0.0000   0.0000   0.0000   0.0000   0.0000   0.0000   0.0000   0.0000   0.0000 
  0.0000   0.0000   0.0000   0.0000   0.0000   0.0000   0.0000   0.0000   0.0000   0.0000 
  0.0000   0.0000   0.0000   0.0000   0.0000   0.0000   0.0000   0.0000   0.0000   0.0000 
  0.0000   0.0000   0.0000   0.0000   0.0000   0.0000   0.0000   0.0000   0.0000   0.0000 
  0.0000   0.0000   0.0000   0.0000   0.0000   0.0000   0.0000   0.0000   0.0000   0.0000 
  0.0000   0.0000   0.0000   0.0000   0.0000   0.0000   0.0000   0.0000   0.0000   0.0000 
  0.0000   0.0000   0.0000   0.0000   0.0000   0.0000   0.0000   0.0000   0.0000   0.0000 
  0.0000   0.0000   0.0000   0.0000   0.0000   0.0000   0.0000   0.0000   0.0000   0.0000 
  0.0000   0.0000   0.0000   0.0000   0.0000   0.0000   0.0000   0.0000   0.0000   0.0000 
  0.0000   0.0000   0.0000   0.0000   0.0000   0.0000   0.0000   0.0000   0.0000   0.0000 
  0.0000   0.0000   0.0000   0.0000   0.0000   0.0000   0.0000   0.0000   0.0000   0.0000 
  0.0000   0.0000   0.0000   0.0000   0.0000   0.0000   0.0000   0.0000   0.0000   0.0000 
  0.0000   0.0000   0.0000   0.0000   0.0000   0.0000   0.0000   0.0000   0.0000   0.0000 
  0.0000   0.0000   0.0000   0.0000   0.0000   0.0000   0.0000   0.0000   0.0000   0.0000 
  0.0000   0.0000   0.0000   0.0000   0.0000   0.0000   0.0000   0.0000   0.0000   0.0000 
  0.0000   0.0000   0.0000   0.0000   0.0000   0.0000   0.0000   0.0000   0.0000   0.0000 
  0.0000   0.0000   0.0000   0.0000   0.0000   0.0000   0.0000   0.0000   0.0000   0.0000 
  0.0000   0.0000   0.0000   0.0000   0.0000   0.0000   0.0000   0.0000   0.0000   0.0000 
  0.0000   0.0000   0.0000   0.0000   0.0000   0.0000   0.0000   0.0000   0.0000   0.0000 
  0.0000   0.0000   0.0000   0.0000   0.0000   0.0000   0.0000   0.0000   0.0000   0.0000 
  0.0000   0.0000   0.0000   0.0000   0.0000   0.0000   0.0000   0.0000   0.0000   0.0000 
  0.0000   0.0000   0.0000   0.0000   0.0000   0.0000   0.0000   0.0000   0.0000   0.0000 
  0.0000   0.0000   0.0000   0.0000   0.0000   0.0000   0.0000   0.0000   0.0000   0.0000 
  0.0000   0.0000   0.0000   0.0000   0.0000   0.0000   0.0000   0.0000   0.0000   0.0000 
  0.0000   0.0000   0.0000   0.0000   0.0000   0.0000   0.0000   0.0000   0.0000   0.0000 
  0.0000   0.0000   0.0000   0.0000   0.0000   0.0000   0.0000   0.0000   0.0000   0.0000 
  0.0000   0.0000   0.0000   0.0000   0.0000   0.0000   0.0000   0.0000   0.0000   0.0000 
  0.0000   0.0000   0.0000   0.0000   0.0000   0.0000   0.0000   0.0000   0.0000   0.0000 
  0.0000   0.0000   0.0000   0.0000   0.0000   0.0000   0.0000   0.0000   0.0000   0.0000 
  0.0000   0.0000   0.0000   0.0000   0.0000   0.0000   0.0000   0.0000   0.0000   0.0000 
  0.0000   0.0000   0.0000   0.0000   0.0000   0.0000   0.0000   0.0000   0.0000   0.0000 
  0.0000   0.0000   0.0000   0.0000   0.0000   0.0000   0.0000   0.0000   0.0000   0.0000 
  0.0000   0.0000   0.0000   0.0000   0.0000   0.0000   0.0000   0.0000   0.0000   0.0000 
  0.0000   0.0000   0.0000   0.0000   0.0000   0.0000   0.0000   0.0000   0.0000   0.0000 
  0.0000   0.0000   0.0000   0.0000   0.0000   0.0000   0.0000   0.0000   0.0000   0.0000 
  0.0000   0.0000   0.0000   0.0000   0.0000   0.0000   0.0000   0.0000   0.0000   0.0000 
  0.0000   0.0000   0.0000   0.0000   0.0000   0.0000   0.0000   0.0000   0.0000   0.0000 
  0.0000   0.0000   0.0000   0.0000   0.0000   0.0000   0.0000   0.0000   0.0000   0.0000 
  0.0000   0.0000   0.0000   0.0000   0.0000   0.0000   0.0000   0.0000   0.0000   0.0000 
  0.0000   0.0000   0.0000   0.0000   0.0000   0.0000   0.0000   0.0000   0.0000   0.0000 
  0.0000   0.0000   0.0000   0.0000   0.0000   0.0000   0.0000   0.0000   0.0000   0.0000 
  0.0000   0.0000   0.0000   0.0000   0.0000   0.0000   0.0000   0.0000   0.0000   0.0000 
  0.0000   0.0000   0.0000   0.0000   0.0000   0.0000   0.0000   0.0000   0.0000   0.0000 
  0.0000   0.0000   0.0000   0.0000   0.0000   0.0000   0.0000   0.0000   0.0000   0.0000 
  0.0000   0.0000   0.0000   0.0000   0.0000   0.0000   0.0000   0.0000   0.0000   0.0000 
  0.0000   0.0000   0.0000   0.0000   0.0000   0.0000   0.0000   0.0000   0.0000   0.0000 
  0.0000   0.0000   0.0000   0.0000   0.0000   0.0000   0.0000   0.0000   0.0000   0.0000 
  0.0000   0.0000   0.0000   0.0000   0.0000   0.0000   0.0000   0.0000   0.0000   0.0000 
  0.0000   0.0000   0.0000   0.0000   0.0000   0.0000   0.0000   0.0000   0.0000   0.0000 
  0.0000   0.0000   0.0000   0.0000   0.0000   0.0000   0.0000   0.0000   0.0000   0.0000 
  0.0000   0.0000   0.0000   0.0000   0.0000   0.0000   0.0000   0.0000   0.0000   0.0000 
  0.0000   0.0000   0.0000   0.0000   0.0000   0.0000   0.0000   0.0000   0.0000   0.0000 
  0.0000   0.0000   0.0000   0.0000   0.0000   0.0000   0.0000   0.0000   0.0000   0.0000 
  0.0000   0.0000   0.0000   0.0000   0.0000   0.0000   0.0000   0.0000   0.0000   0.0000 
  0.0000   0.0000   0.0000   0.0000   0.0000   0.0000   0.0000   0.0000   0.0000   0.0000 
  0.0000   0.0000   0.0000   0.0000   0.0000   0.0000   0.0000   0.0000   0.0000   0.0000 
  0.0000   0.0000   0.0000   0.0000   0.0000   0.0000   0.0000   0.0000   0.0000   0.0000 
  0.0000   0.0000   0.0000   0.0000   0.0000   0.0000   0.0000   0.0000   0.0000   0.0000 
  0.0000   0.0000   0.0000   0.0000   0.0000   0.0000   0.0000   0.0000   0.0000   0.0000 
  0.0000   0.0000   0.0000   0.0000   0.0000   0.0000   0.0000   0.0000   0.0000   0.0000 
  0.0000   0.0000   0.0000   0.0000   0.0000   0.0000   0.0000   0.0000   0.0000   0.0000 
  0.0000   0.0000   0.0000   0.0000   0.0000   0.0000   0.0000   0.0000   0.0000   0.0000 
  0.0000   0.0000   0.0000   0.0000   0.0000   0.0000   0.0000   0.0000   0.0000   0.0000 
  0.0000   0.0000   0.0000   0.0000   0.0000   0.0000   0.0000   0.0000   0.0000   0.0000 
  0.0000   0.0000   0.0000   0.0000   0.0000   0.0000   0.0000   0.0000   0.0000   0.0000 
  0.0000   0.0000   0.0000   0.0000   0.0000   0.0000   0.0000   0.0000   0.0000   0.0000 
  0.0000   0.0000   0.0000   0.0000   0.0000   0.0000   0.0000   0.0000   0.0000   0.0000 
  0.0000   0.0000   0.0000   0.0000   0.0000   0.0000   0.0000   0.0000   0.0000   0.0000 
