y-axis gyroscope data

-14.0000  -6.6250   5.4375  -0.3750  16.0000   2.2500  -5.2500  -8.9375  56.1250 -13.0625 
-15.0000 -22.5000   7.8750  -2.1250  18.6875   5.1875  -4.1250 -15.8125  50.2500 -13.1875 
-14.4375 -15.4375   0.5000  -2.8125  12.3125   2.4375  -4.4375 -14.8125  49.1250 -26.4375 
-11.0625 -25.1875  -3.3750   0.5625  12.9375  -0.8125  -3.1875 -19.1875  61.0625 -34.4375 
-13.6250  -0.3125   0.6875   3.8125  12.8125  -0.8125  -1.3750 -17.3750  79.0000 -35.0000 
-16.6875 -26.0625  -0.1875   4.0000   5.3125   2.9375   0.5000 -13.3125  56.0625 -28.3750 
-11.2500 -46.3750   6.2500   3.5625  -0.4375   7.1875  -0.9375 -13.3750  30.5000 -30.8750 
-10.4375 -23.6875  -2.5000   3.1875   1.7500  14.1875  -6.8125 -15.0000   5.5625 -25.8750 
-27.5625 -18.8750   7.8125   5.5625   7.5000  19.0000  -7.4375 -13.4375 -53.6875 -22.2500 
 -8.5625 -20.5625  -1.6875   9.5000  11.0625  14.6875  -1.2500  -9.3125 -79.9375 -17.9375 
-22.3125 -10.4375  -0.2500  10.3750  13.6875   4.5000  -0.4375  -7.8125 -32.1875 -17.5000 
-25.0000 -12.8750  -0.8750   8.6250   7.3125   4.5625  -2.8125 -13.8125 -55.0625 -11.6250 
-21.9375 -18.6250  -1.5000   7.7500  12.1875   1.0000  -3.1875 -15.5625 -27.8125 -12.6250 
-22.1875  -9.6250  -5.2500   6.1875   3.8750   1.0000  -0.6250 -11.6250 -22.1875 -12.5000 
-21.4375  -4.5625  -8.1250   7.5625  -7.8750   0.4375   0.4375  -5.6875 -41.5000  -7.5000 
-21.9375  -9.3750  -6.7500   5.6875 -11.0625  -4.0000   0.7500  -1.2500 -46.8750  -5.6250 
-18.5000 -12.5000  -2.5625   4.5625  -4.4375  -3.4375  -3.2500  -2.7500 -39.8750 -12.1875 
 -9.4375 -14.1875   0.5625  -0.1875  -6.1250  -0.5625  -4.0000  -6.4375 -16.7500 -11.9375 
 -2.5625  -8.0000   2.2500  -4.5625  -1.0625   2.6875  -1.1250  -2.8750  -8.8125  -4.3750 
 -9.1875   0.4375   2.5625  -6.5000   3.7500   5.6875   2.1875  -2.7500 -27.3750   3.3750 
 -4.4375   5.0000   1.6250  -6.5000  10.9375   2.4375   1.3125  -7.0000 -34.1250   7.1250 
 -5.1250   2.8125   1.6875  -9.7500  16.5625   2.7500  -0.1875  -6.1250 -25.4375   8.7500 
-12.4375  -3.1250   2.7500 -12.9375  25.3125   5.1250  -1.7500  -5.5625  -4.8750  19.4375 
 -6.1875   0.3125   2.9375   2.0625  42.8750   5.6250  -2.0000  -5.5625   1.1250  25.1875 
 -9.4375   5.2500   2.9375  -7.4375  60.4375   5.5625  -3.6875  -4.6875  -6.7500  37.1875 
-13.5000   7.7500   5.1875  -5.5625  67.6875   7.2500  -3.2500  -1.2500 -12.3750  31.8125 
 -8.4375   9.5000   5.5000  -4.0000  83.7500  13.1875  -0.9375  -1.4375 -20.5625  25.2500 
 -7.1875   9.7500   4.1250  -4.1875  94.4375  20.8750   1.6875  -2.6250 -30.1875  14.9375 
 -5.6875   4.7500   2.5625  -3.0625 108.7500  29.0625  -0.0625  -2.6250 -30.3750   2.0000 
 -5.2500   8.2500   2.8750  -5.3750 124.9375  31.1875  -1.8750   1.0625  -5.8125  -0.5625 
 -2.6250  11.4375  -3.0000  -9.0000 140.5625  25.6250  -2.6250   4.0000   4.7500 -14.3125 
 -3.8750  11.1250  -9.1875  -8.8125 145.7500  15.6250  -2.0625  -3.3750   3.7500 -22.8750 
 -5.6875  13.8125   1.1875  -7.7500 155.8750  15.1250   2.1250 -10.8125   9.8125 -23.0625 
 -3.0625  16.5625  -2.2500  -8.0625 168.3750   4.1250   2.3750 -13.5625  -0.0625 -17.9375 
 -1.1250  18.7500  -1.1250  -8.9375 166.6250  -2.0000   0.4375 -13.1250   4.1250  -8.6875 
  1.7500  16.0625  -0.6250  -6.5000 161.3125  -0.8750  -0.3125  -5.3750  30.3750  -9.7500 
  5.5000  11.8125  -0.7500  -2.6250 160.3125  -7.1250  -0.1875   5.2500  50.6250 -11.6250 
  9.6875  12.0625  -0.6875   0.1250 146.3125  -9.4375   0.5625  -9.4375  72.5000  -9.3750 
 12.6250  15.6250  -1.6250  -0.6875 145.4375  -1.6250   1.3750   5.0000  79.6875  -6.0625 
 13.6875  20.4375  -0.8750  -7.7500 120.3750  14.7500   2.3125 -10.4375  80.2500  -0.1250 
 11.3750  18.6875  -0.3125  -7.7500 110.3750  25.6250   1.1875  -4.3125  86.9375   6.6250 
  7.5625  20.5625   0.8125   2.3125 106.0000  23.7500   0.0000  -1.2500  84.8750   4.3125 
  4.8750  21.5625   0.4375   9.3750  89.1875  14.9375  -0.6875   5.1875 114.2500  13.0000 
  6.6250  23.8750  -1.1875  18.5625  82.3125   2.5625  -0.0625   9.4375 139.8750  16.1250 
  5.0000  25.7500  -1.8125  19.6875  73.5000  -1.6875   1.7500  13.6875 152.7500   0.3750 
 -0.1875  21.6250  -0.5000   3.8750  69.6875  -1.1250   3.3750  12.0000 165.5000  -2.8750 
 -5.6250  10.3750  -2.6250  15.5000  68.5000  -6.5625   2.8750   6.5625 156.1875  -8.1250 
 -5.4375   0.8125  -4.6250  -1.6250  75.0000  -2.7500   2.1875  34.2500 160.6250  -7.3125 
 -0.1250  -2.3125  -3.5625   5.9375  76.4375   4.4375   2.5000  34.2500 166.6250 -11.8125 
  3.9375  -9.3750  -1.4375   4.7500  69.6875   7.3750   1.8125  43.8750 166.8125  -9.6875 
  5.5625 -17.0000  -2.1250   9.3125  61.7500   6.1875   4.6250  61.8750 176.5625   2.1875 
  4.6875  -6.7500  -3.5625  17.4375  52.0000   3.3125   9.0625  72.7500 173.1250   7.6875 
  1.6875   7.6250  -1.7500  21.1250  62.2500   1.4375  12.1875  67.5000 169.5625  12.3125 
 -0.9375   5.5625  -0.5000  28.3125 129.8125   4.3125   7.1250  93.5000 144.5000  10.3125 
  0.5625   3.8750  -2.1250  41.2500 289.7500   6.2500   0.5000 104.9375 130.8750  10.4375 
  0.3125   3.8125   1.5625  63.0000 389.3750  11.5625  -1.0625 107.1875 118.9375  13.4375 
  1.1875   4.5625   2.2500  77.1875 258.4375  16.4375   0.0000 119.1875 112.6875  20.6875 
 -0.4375  -1.7500  -5.8750  89.5000 376.6875  17.3125  -2.6250 132.6875 107.3750  27.8750 
 -3.3125   7.6875  -0.8750 103.6250 225.5000  25.3750  -3.9375 110.8125  98.5000  47.5625 
 -3.0000  13.7500   2.2500 117.4375 -616.1875  34.5000  -5.6250 143.4375  82.0625  68.3125 
  0.9375   8.1250   4.2500 132.9375  52.6875  44.9375  -7.1250 132.0000  69.1875  73.7500 
  6.0625  -3.4375   0.3750 141.8125 -167.0000  54.7500  -9.7500 138.0000  67.0625  94.4375 
  7.2500  -8.4375  -2.3750 152.1250 121.9375  75.9375  -4.9375 153.5625  67.6875 111.6250 
  5.9375  -2.6875   5.8750 157.3750 544.6875  83.3125   7.8125 155.3125  74.6250 124.3750 
 12.3750  -3.3750  10.0000 153.8125 -46.5000  95.1250  17.5625 159.1250  81.1250 130.3125 
 20.8750 -11.4375  13.5625 151.3750 273.4375 111.1875  17.6250 157.8125 100.6250 148.0625 
 21.9375  -5.1250  26.6875 142.0000 -97.9375 129.8125  22.8750 163.6250 138.0000 172.6250 
 13.1250   2.8125  37.5625 135.8750 -84.3125 128.4375  48.3750 161.5000 244.7500 156.7500 
 23.6875   4.7500  42.3750 126.1250 -145.3125 124.8750  77.8125 156.0000 334.2500 163.1250 
 19.1875   4.1875  55.5625 120.5000 -22.7500 121.5625  97.8125 152.8750 311.5625 171.6250 
 14.4375   7.7500  78.8125 106.9375  29.7500 132.1875  97.1875 148.3750 173.8125 174.2500 
 -1.8125  14.2500  96.5000  93.8125  59.8750 128.0625  92.1250 137.8750 226.5625 184.5000 
 20.9375  20.3125 112.1250  83.3125  83.8750 122.3125  91.7500 120.9375 355.7500 194.4375 
 13.8125  24.8750 137.6250  76.8750  69.0625 126.5625 108.1875 106.3750 -93.5000 196.9375 
 17.5625  39.2500 156.3125  63.3750  33.8750 124.1875 135.0000  90.1875 -460.6250 181.2500 
 23.3125  52.7500 171.5625  60.1250  11.3750 118.1875 153.3750  77.3750 -130.4375 177.5625 
 14.8125  69.7500 176.4375  59.3750 -24.8125 117.1875 164.6250  67.3750 122.6250 172.0000 
 11.0000  79.3750 161.0625  65.0000  -1.6875 111.2500 151.1250  69.1875 286.4375 156.0000 
 13.0000  97.0000 155.5000  67.6875  19.8125 103.4375 137.3750  66.6250 238.1875 149.5625 
 23.1875 112.1875 155.8125  67.0625   6.5625  95.3750 134.9375  64.4375  85.9375 138.6250 
 23.0625 125.2500 164.9375  85.5625  -2.6250  93.9375 130.5625  59.9375 -100.1875 122.6875 
 20.2500 138.8750 175.5000 116.7500 -14.3125  85.8750 130.8125  56.9375 -155.2500 112.5000 
 14.8750 145.5000 164.4375 387.2500  -3.8125  71.0000 131.0625  54.7500 -92.4375 103.7500 
 11.4375 143.2500 146.1875 333.3125  14.1250  69.9375 121.5625  71.5625  23.3125  93.6875 
 10.3750 143.3125 128.6875 312.7500  24.5000  63.2500 109.6875 104.0000 104.8125  89.6250 
 12.9375 144.4375 123.1250 316.8750  12.6875  64.8750  96.1250 185.4375 122.3750  87.1250 
 15.3125 149.1250 118.5000 232.5625  -6.5000  58.9375  84.0000 241.9375 104.5625  84.4375 
 19.1875 144.8125 116.9375 -197.1875  -4.0000  60.2500  80.1250 276.4375  56.9375  77.7500 
 18.5000 144.0625 116.7500 -17.1250  11.8125  62.5625  77.6250 164.3125  10.6250  69.1250 
 20.1250 138.9375 107.0000 -130.8125  21.0625  57.2500  73.0000 130.7500 -14.0000  62.8125 
 14.4375 135.2500  96.8125 334.8125   5.6250  59.6250  56.1875 235.9375 -30.0000  62.9375 
 13.6250 131.1875  87.0625 360.3750  -8.7500  75.2500  44.4375 -14.8125 -28.1250  73.0625 
 18.3750 120.9375  86.8750 -285.3125 -17.0625  84.4375  39.0625 -59.8125  -7.8125 101.8125 
 22.7500 112.7500  88.7500 355.3750   1.5000 129.7500  41.6250 -13.8125   5.8125 163.8125 
 21.1875 104.1875  82.2500 290.1875  13.4375 309.8750  50.8750 -69.6250  10.5000 232.0625 
 26.8750  93.5625 104.7500 -166.5625   2.9375 312.9375  67.6875 212.1875   3.3750 257.8125 
 37.6250  90.7500 293.6250   6.5625 -13.8125 365.0625  79.3125 246.6875 -10.9375 164.9375 
 39.1875  79.7500 311.0000 -53.5625 -12.3125 341.5000 101.5000  86.0000 -23.0000  -6.5000 
 28.7500  72.8125 264.5625  28.5000   6.1250 373.9375 116.9375 -79.0625 -31.9375 165.0000 
 12.7500  65.8750 225.9375  80.1250  13.9375 -507.6250 165.5625 -105.6875 -26.6875 282.9375 
  0.6250  65.1875 198.0625  18.1875 -13.3125 -85.7500 304.5625 -38.9375 -12.4375 -207.6250 
 -1.2500  64.8750  24.7500  51.7500 -29.0625 621.3750 364.8750  51.8750  -4.9375 -93.9375 
 -3.6250  75.8750 -193.9375  33.3125  -2.4375  44.0625 359.1250  82.8750  -6.1250 -312.3125 
 -8.1875  79.6250  26.2500  15.8125  18.6250 420.1875 228.3125  52.2500  -9.5000  90.0000 
-10.4375  75.8125 217.5625  15.1875  22.1875 1060.3750 304.5625  19.2500  -9.2500 301.4375 
 -4.0000  64.5625 432.1875  15.3750   7.9375 -254.6250 -223.7500  18.9375 -14.1250 263.3750 
  3.0000 161.3750 202.3125  33.8750  -9.7500 499.1250 -1384.5625  15.7500 -23.3125  99.4375 
  8.5625 329.3125 178.6250  38.1875 -16.3750 298.5000 479.8125  22.3125 -16.5625 -67.1250 
 14.1250 359.2500 -125.8750  42.3125  -8.3750 -100.0000  77.0625  14.8750  10.5000 -138.0625 
 20.3125 258.9375 -204.6250  13.5000   4.4375 178.5000 655.1250  -1.6250  26.7500 -101.0625 
 32.8750 300.1250 -198.3125 -11.8750   5.9375 516.6250 -44.5625  -7.0625  23.7500  -6.1875 
 45.9375 -74.1875  20.3125 -10.0000   9.8125 -179.8750 -94.3750  -9.5625  12.5000  50.8750 
 63.0625  41.1250 153.6250 -10.9375  13.1250 143.7500 -287.1250 -16.3750   5.6250  60.1250 
 71.8125 399.3125 136.7500  -0.7500   7.7500  23.4375 -192.1250 -17.1250 -27.3125  12.0000 
 81.7500 -222.1875  56.1875  23.0625   4.5000  99.3125 -35.8750 -10.9375 -109.3125 -26.8750 
 97.6250 210.2500   0.1250  41.2500   4.2500  51.3750 110.0625  -3.1250 -174.5625 -23.8125 
114.6250 274.1875 -10.5000  31.5625  -5.0000 -51.0000 119.1875   1.6250 -181.6875   2.0000 
130.2500  99.6250  18.1250  20.4375 -10.6250  -5.9375  65.2500  -7.8125 -209.1875  31.1875 
157.0625 -70.3750  38.8125   7.3750  -2.5000 -19.8750  16.8750 -30.8125 -241.0625  35.8125 
165.5625 -123.1250  43.2500  -6.6875   8.0625 -11.0625 -17.0000 -54.8750 -247.4375  26.0000 
167.8750 -55.0000  27.1250 -17.1875   2.0000 -33.7500 -34.3750 -76.8750 -218.8125  -0.8125 
159.1250  45.6250   4.0625  15.6250 -21.5625 -22.7500 -33.2500 -90.7500 -203.6875 -26.1250 
172.6875  81.3125  -8.5000  27.3750 -54.5000   0.7500 -44.1250 -88.6875 -148.4375 -35.3125 
160.6875  39.5000 -16.8125  26.0000 -75.7500   0.3125 -38.8125 -78.1875 -63.5000 -25.7500 
160.0625  14.5625  -1.5625  13.6875 -68.8750   3.8125 -29.0000 -68.5625 -19.2500  -5.1875 
145.4375  16.4375   6.6875  -2.0625 -49.3750  -9.2500 -23.4375 -54.0625 -72.3125  11.6250 
131.4375  28.5625   8.5000 -19.2500 -33.0625 -17.5625 -25.8750 -46.7500 -107.2500  16.7500 
116.8125  12.5000   1.6250 -12.6875 -20.2500  -9.0625 -26.1250 -81.3125 -106.8750  10.1250 
100.8750  -9.4375   1.2500  15.8125   7.6875  -7.5625 -11.3750 -168.5000 -77.3750  13.7500 
 88.1250  -9.1875  29.0625  39.8750  36.4375  -9.3750 -13.0625 -210.5625 -60.4375  17.5000 
 85.9375   3.2500  29.4375  47.1250  35.1250 -29.1250 -18.8125 -214.7500 -37.2500  10.0625 
 78.9375  -6.0000  19.8750  29.9375 -11.1875 -39.9375 -29.8750 -268.0625 -19.1250   3.2500 
 73.0625  -5.1250   2.6250   8.5000 -70.0000 -36.0625 -29.9375 -322.0000  -5.4375  -6.1250 
 64.8750  -5.2500   0.6875 -10.6875 -109.5625 -18.8750 -23.4375 -242.1250   6.3750 -10.5625 
 59.8125   4.3125   0.3750 -20.3125 -154.3125  -6.3125 -15.1875 -223.3750  21.1250 -10.6250 
 60.3125  13.6250 -16.6875 -12.7500 -204.6875  -8.8125  10.6250 -230.0000  32.0625  -6.5000 
 61.8750  -2.7500 -19.1250  -6.3750 -230.3750 -10.3125   2.1250 -179.3125  32.7500   4.5000 
 70.0000 -21.1875   0.4375  -1.1875 -179.0000 -14.0000 -12.8125 -163.6875  28.6250   3.1875 
 71.1875 -24.9375  16.3125  -2.6250 -102.4375  -6.5000 -24.9375 -176.6250  21.5000  -7.0000 
 70.3750  -1.6250  26.0625  -8.7500 -92.3125 -11.8750 -24.2500 -150.6250  15.1875 -11.8125 
177.9375   9.6875   8.9375 -20.6250 -109.3750 -15.5625 -23.6250 -88.7500  11.1250 -13.3125 
348.8750   2.8750  -9.9375 -16.3750 -116.2500 -10.8125 -21.7500 -27.3750  23.0000   1.0625 
395.4375 -38.3125 -15.0625 -16.8750 -111.1250   2.7500 -29.7500  23.4375  27.8750  12.0000 
286.1250 -48.1250  -2.6875 -26.5000 -112.8125   7.4375 -16.7500  49.1250  23.0625   9.4375 
269.2500  -2.7500   7.0625 -45.5625 -100.3750  -2.1875 -10.1250  57.1875  16.0000   1.9375 
281.3750  29.8750  10.3125 -58.8750 -73.5625 -13.5625 -17.3125  50.4375  11.5000  -1.3750 
-213.3125  27.5000  10.1875 -62.1875 -67.5000 -15.0000 -21.9375  41.1250  11.2500  -2.6250 
394.6250 -22.7500  11.8750 -60.8750 -71.7500   3.8125 -16.3125  43.8750  14.8125  -8.8750 
-78.1250 -75.4375  15.8750 -54.5625 -59.5000   8.1250 -16.5625  44.1875  20.9375 -12.5000 
 41.2500 -71.8125  14.0000 -50.6250 -35.2500  -3.9375 -18.0000  49.3125  25.2500 -14.1250 
254.2500 -23.3750   8.5000 -56.0000 -38.3125 -21.5000  -9.2500  54.0000  21.4375 -13.4375 
171.4375  17.6250  -0.3125 -68.0000 -43.7500 -18.7500   7.5000  64.3125  21.1875 -10.9375 
-51.1250  14.8125   0.7500 -76.1250 -40.8750  -8.9375  15.4375  69.6875  19.9375  -7.1875 
-143.1250 -12.9375  -1.5625 -71.7500 -42.8125 -18.6250  10.6875  71.9375  11.3125  -5.8750 
-79.1250 -31.3750  -3.8750 -71.6875 -39.7500 -28.1250   8.9375  68.1250  -4.5000 -13.8750 
 34.7500 -15.6250 -19.1875 -87.0625 -31.0000  -6.8750   2.0000  61.5625 -16.0000 -34.2500 
 74.5625   3.1250 -41.6250 -106.0625 -17.1875  30.0625  -3.5000  56.8125 -18.8750 -59.6875 
 41.3750   0.1250 -67.3750 -106.2500 -11.4375  54.2500  -5.9375  71.8750 -12.5625 -76.9375 
-15.6250   3.1875 -88.3125 -112.3125 -16.0625  33.6875  -2.1875  81.6250  -4.1875 -81.0000 
-25.8125  14.8750 -88.6875 -162.2500 -16.6875 -11.6250  -1.4375  83.1250   1.2500 -78.8125 
  8.8125  24.1875 -71.4375 -238.7500  -9.8125 -33.5000   3.2500  67.6250 -16.8750 -64.8125 
 29.8750  21.2500 -52.1250 -231.5000  -6.5625 -14.8125   8.3750  48.1250 -48.8750 -52.3125 
 28.0000   9.8750 -46.6250 -225.8125 -10.5000  11.0000   5.5625  26.6875 -73.3125 -45.5625 
 28.4375   2.1875 -53.3125 -257.2500 -15.1250   0.0000  -5.8750   8.0625 -80.4375 -48.0000 
 32.0000  13.0625 -54.6875 -243.8750 -14.5000 -17.0000  -2.7500  -0.6250 -69.9375 -52.5000 
 20.1250  19.9375 -67.4375 -184.9375  -4.1250 -18.7500   1.1875   0.0000 -51.5625 -73.0000 
 22.1875  19.9375 -96.7500 -153.4375   0.9375 -11.6875  -8.3125   2.3750 -24.4375 -118.5000 
 13.5000   8.8125 -129.8125 -156.4375  -3.5000 -11.5625 -22.1250  -0.3750  -6.0625 -186.6875 
 -4.6250   9.9375 -144.1875 -149.0000  -4.4375 -18.2500 -41.5625 -10.2500   6.3125 -223.3125 
-26.5000   3.4375 -172.6250 -138.4375  -5.3750 -32.2500 -60.5000 -18.0625   3.4375 -243.9375 
-35.0625  -7.0625 -220.8125 -138.6250  -9.5000 -58.0625 -69.2500 -26.0625  -1.5625 -290.7500 
-25.4375  13.3750 -280.3125 -146.0625 -12.0625 -76.6875 -71.1250 -30.9375  -2.4375 -358.8125 
-15.3125  12.8750 -280.4375 -139.1875 -12.1875 -76.8125 -65.2500 -34.6250   1.9375 -319.6250 
 -9.3125 -12.3750 -259.3750 -89.9375  -8.5625 -69.3750 -54.6875 -30.0000   4.0625 -333.0000 
-13.4375 -33.9375 -254.5000 -21.3750  -4.5625 -50.0000 -51.3125 -27.0625   2.0625 -278.5000 
 -3.8125 -63.3750 -193.2500  -2.8750  -8.3125 -20.0625 -58.8125 -27.4375   0.0625 -193.5625 
-11.5625 -66.8750 -160.0625 -31.1875 -14.9375  -3.3750 -68.0000 -25.1250   0.0000 -162.6250 
-17.2500 -54.0000 -158.3750 -36.6250 -20.0625 -31.5000 -88.8750 -29.1250   0.0000 -156.6875 
-25.6250 -49.7500 -173.6875  31.1875 -24.5625 -56.8125 -101.4375 -35.3125   0.0000 -118.4375 
-20.3750 -49.0625 -172.0000  83.4375 -26.3750 -61.7500 -121.3750 -39.5000   0.0000 -68.5625 
-17.1250 -40.1875 -168.6875  20.5000 -28.1875 -84.5625 -147.0000 -43.0000   0.0000 -22.9375 
-11.6875 -21.6250 -162.3750 -30.8125 -32.7500 -127.6250 -178.3125 -34.0000   0.0000  18.3125 
 -4.9375   5.9375 -148.1875 -15.4375 -34.9375 -146.4375 -164.6250 -15.8125   0.0000  52.9375 
-12.4375  20.6250 -131.4375  46.9375 -31.5625 -149.9375 -134.4375   0.0625   0.0000  67.0000 
-16.9375   2.5625 -89.9375  38.4375 -25.1250 -203.5000 -213.1875  10.0000   0.0000  59.7500 
-22.8750 -45.1250 -45.1250   7.1875 -19.5000 -218.3750 -236.3125   9.6250   0.0000  47.3750 
-15.3125 -85.8125 -34.4375  19.5625 -13.0625 -154.7500 -166.3125  -4.1875   0.0000  40.5000 
 -6.1875 -104.8750 -42.5625  28.1250 -11.8750 -142.6875 -147.4375 -24.0000   0.0000  40.4375 
 -3.1250 -126.5000 -50.8750  21.0000 -10.6250 -151.7500 -187.9375   0.0000   0.0000  44.0625 
 -7.3750 -196.3125 -43.1250  33.2500  -6.3125 -120.0000 -188.5625   0.0000   0.0000  53.1875 
-12.0000 -269.6250 -13.6250  57.0000  -7.6250 -127.7500 -137.4375   0.0000   0.0000  58.0000 
-10.4375 -249.3125  18.0000  60.1875 -10.1875 -166.1250 -101.3125   0.0000   0.0000  63.6250 
 -3.1250 -229.1250  35.8750  38.1250  -5.4375 -146.8125 -75.5625   0.0000   0.0000  67.6250 
  0.2500 -249.3750  39.5000   6.1875   0.5625 -71.1875 -53.5000   0.0000   0.0000  64.9375 
 -0.3125 -269.8750  27.2500 -14.3750   0.0000 -40.8750 -72.5625   0.0000   0.0000  58.4375 
 -4.1250 -273.5000   6.3125 -31.1875   0.0000 -26.0625 -87.8125   0.0000   0.0000  50.4375 
 -9.4375 -257.1250   0.0000 -63.5625   0.0000  13.7500 -62.4375   0.0000   0.0000  45.4375 
 -0.0625 -224.5625   0.0000 -108.5000   0.0000  40.8125 -27.8125   0.0000   0.0000  45.9375 
  5.7500 -183.5625   0.0000 -87.0625   0.0000  62.0625   3.0000   0.0000   0.0000  52.5625 
  0.7500 -141.4375   0.0000 -75.1250   0.0000  74.9375  16.4375   0.0000   0.0000  50.7500 
 -7.1250 -122.3750   0.0000 -59.9375   0.0000  69.2500  11.2500   0.0000   0.0000  48.8125 
-12.1875 -129.8125   0.0000 -59.3125   0.0000  54.6875  -2.5000   0.0000   0.0000  39.5000 
-12.0000 -129.6250   0.0000 -32.8125   0.0000  44.6250 -18.6875   0.0000   0.0000  27.0000 
 -5.6875 -104.8125   0.0000  -9.2500   0.0000  34.8750 -25.3750   0.0000   0.0000  14.8125 
 -0.5625 -69.3750   0.0000  13.6250   0.0000  28.2500 -17.7500   0.0000   0.0000   2.0000 
 -0.6875 -45.9375   0.0000  42.9375   0.0000  29.0625  -7.2500   0.0000   0.0000  -7.8750 
 -8.7500 -20.8750   0.0000  26.8750   0.0000  28.5000   1.0000   0.0000   0.0000 -17.3125 
-19.6875  10.0000   0.0000  10.6875   0.0000  34.0000   1.9375   0.0000   0.0000 -27.0000 
-25.6250  21.0000   0.0000   2.0625   0.0000  49.2500   0.1875   0.0000   0.0000 -35.2500 
-26.4375  23.4375   0.0000   2.1875   0.0000  62.0625   5.1250   0.0000   0.0000 -48.3125 
-23.5000  20.3125   0.0000  14.8125   0.0000  56.0000  15.1875   0.0000   0.0000 -55.2500 
-28.0000  15.2500   0.0000   6.8750   0.0000  44.0000  26.5625   0.0000   0.0000 -54.1875 
-38.7500  14.0000   0.0000  11.5625   0.0000  29.4375  38.6875   0.0000   0.0000 -45.8750 
-56.4375  15.0625   0.0000   0.0000   0.0000  19.3125  41.3750   0.0000   0.0000 -36.6250 
-72.7500  15.3125   0.0000   0.0000   0.0000   4.4375  27.0000   0.0000   0.0000 -32.4375 
-78.1250  12.1250   0.0000   0.0000   0.0000  -2.8750   9.6875   0.0000   0.0000 -33.1250 
-78.2500   9.5000   0.0000   0.0000   0.0000  -5.2500  -4.3750   0.0000   0.0000 -30.8125 
-75.4375   8.9375   0.0000   0.0000   0.0000  -9.8750  -9.5625   0.0000   0.0000 -28.0000 
-70.8125   8.2500   0.0000   0.0000   0.0000  -9.9375  -4.0000   0.0000   0.0000 -23.1875 
-61.0625   5.6875   0.0000   0.0000   0.0000  -5.8125  -0.7500   0.0000   0.0000 -17.1250 
-46.5000   2.5625   0.0000   0.0000   0.0000   0.4375   0.0000   0.0000   0.0000 -11.4375 
-30.1250   1.8125   0.0000   0.0000   0.0000  -8.8125   2.1250   0.0000   0.0000 -12.8125 
-30.3750  -3.8125   0.0000   0.0000   0.0000 -13.8750   3.1250   0.0000   0.0000 -14.6250 
-49.0625 -10.0000   0.0000   0.0000   0.0000 -14.5000   2.0000   0.0000   0.0000 -18.8750 
-62.3125   0.0000   0.0000   0.0000   0.0000 -20.3750 -20.1250   0.0000   0.0000 -22.3125 
-90.1250   0.0000   0.0000   0.0000   0.0000  -9.0625 -18.9375   0.0000   0.0000 -13.8125 
-156.4375   0.0000   0.0000   0.0000   0.0000   0.0000 -12.0000   0.0000   0.0000  -8.2500 
-217.3750   0.0000   0.0000   0.0000   0.0000   0.0000 -13.5625   0.0000   0.0000  -4.6250 
-242.9375   0.0000   0.0000   0.0000   0.0000   0.0000 -12.8750   0.0000   0.0000  -8.9375 
-240.3125   0.0000   0.0000   0.0000   0.0000   0.0000  -7.9375   0.0000   0.0000  -9.2500 
-234.8750   0.0000   0.0000   0.0000   0.0000   0.0000  -4.1250   0.0000   0.0000  -6.8125 
-225.3750   0.0000   0.0000   0.0000   0.0000   0.0000  -3.2500   0.0000   0.0000   5.5000 
-185.1875   0.0000   0.0000   0.0000   0.0000   0.0000  -2.5000   0.0000   0.0000  18.0625 
-136.1250   0.0000   0.0000   0.0000   0.0000   0.0000   2.6875   0.0000   0.0000  25.0000 
-145.6875   0.0000   0.0000   0.0000   0.0000   0.0000   0.0000   0.0000   0.0000  20.8125 
-166.0000   0.0000   0.0000   0.0000   0.0000   0.0000   0.0000   0.0000   0.0000  11.0625 
-164.4375   0.0000   0.0000   0.0000   0.0000   0.0000   0.0000   0.0000   0.0000   0.5625 
-162.5000   0.0000   0.0000   0.0000   0.0000   0.0000   0.0000   0.0000   0.0000  -2.0000 
-167.1250   0.0000   0.0000   0.0000   0.0000   0.0000   0.0000   0.0000   0.0000   2.8750 
-128.8125   0.0000   0.0000   0.0000   0.0000   0.0000   0.0000   0.0000   0.0000   4.3750 
-66.1250   0.0000   0.0000   0.0000   0.0000   0.0000   0.0000   0.0000   0.0000   0.0625 
-28.1250   0.0000   0.0000   0.0000   0.0000   0.0000   0.0000   0.0000   0.0000  -7.6875 
-26.9375   0.0000   0.0000   0.0000   0.0000   0.0000   0.0000   0.0000   0.0000 -14.0625 
-44.5000   0.0000   0.0000   0.0000   0.0000   0.0000   0.0000   0.0000   0.0000 -13.0625 
-60.9375   0.0000   0.0000   0.0000   0.0000   0.0000   0.0000   0.0000   0.0000  -9.3750 
-58.5000   0.0000   0.0000   0.0000   0.0000   0.0000   0.0000   0.0000   0.0000  -1.5000 
-41.6875   0.0000   0.0000   0.0000   0.0000   0.0000   0.0000   0.0000   0.0000   3.6250 
-13.2500   0.0000   0.0000   0.0000   0.0000   0.0000   0.0000   0.0000   0.0000   5.3750 
  0.0000   0.0000   0.0000   0.0000   0.0000   0.0000   0.0000   0.0000   0.0000   9.0000 
  0.0000   0.0000   0.0000   0.0000   0.0000   0.0000   0.0000   0.0000   0.0000  12.1875 
  0.0000   0.0000   0.0000   0.0000   0.0000   0.0000   0.0000   0.0000   0.0000  12.1250 
  0.0000   0.0000   0.0000   0.0000   0.0000   0.0000   0.0000   0.0000   0.0000   6.8750 
  0.0000   0.0000   0.0000   0.0000   0.0000   0.0000   0.0000   0.0000   0.0000  -3.8750 
  0.0000   0.0000   0.0000   0.0000   0.0000   0.0000   0.0000   0.0000   0.0000 -15.6250 
  0.0000   0.0000   0.0000   0.0000   0.0000   0.0000   0.0000   0.0000   0.0000 -22.7500 
  0.0000   0.0000   0.0000   0.0000   0.0000   0.0000   0.0000   0.0000   0.0000   0.0000 
  0.0000   0.0000   0.0000   0.0000   0.0000   0.0000   0.0000   0.0000   0.0000   0.0000 
  0.0000   0.0000   0.0000   0.0000   0.0000   0.0000   0.0000   0.0000   0.0000   0.0000 
  0.0000   0.0000   0.0000   0.0000   0.0000   0.0000   0.0000   0.0000   0.0000   0.0000 
  0.0000   0.0000   0.0000   0.0000   0.0000   0.0000   0.0000   0.0000   0.0000   0.0000 
  0.0000   0.0000   0.0000   0.0000   0.0000   0.0000   0.0000   0.0000   0.0000   0.0000 
  0.0000   0.0000   0.0000   0.0000   0.0000   0.0000   0.0000   0.0000   0.0000   0.0000 
  0.0000   0.0000   0.0000   0.0000   0.0000   0.0000   0.0000   0.0000   0.0000   0.0000 
  0.0000   0.0000   0.0000   0.0000   0.0000   0.0000   0.0000   0.0000   0.0000   0.0000 
  0.0000   0.0000   0.0000   0.0000   0.0000   0.0000   0.0000   0.0000   0.0000   0.0000 
  0.0000   0.0000   0.0000   0.0000   0.0000   0.0000   0.0000   0.0000   0.0000   0.0000 
  0.0000   0.0000   0.0000   0.0000   0.0000   0.0000   0.0000   0.0000   0.0000   0.0000 
  0.0000   0.0000   0.0000   0.0000   0.0000   0.0000   0.0000   0.0000   0.0000   0.0000 
  0.0000   0.0000   0.0000   0.0000   0.0000   0.0000   0.0000   0.0000   0.0000   0.0000 
  0.0000   0.0000   0.0000   0.0000   0.0000   0.0000   0.0000   0.0000   0.0000   0.0000 
  0.0000   0.0000   0.0000   0.0000   0.0000   0.0000   0.0000   0.0000   0.0000   0.0000 
  0.0000   0.0000   0.0000   0.0000   0.0000   0.0000   0.0000   0.0000   0.0000   0.0000 
  0.0000   0.0000   0.0000   0.0000   0.0000   0.0000   0.0000   0.0000   0.0000   0.0000 
  0.0000   0.0000   0.0000   0.0000   0.0000   0.0000   0.0000   0.0000   0.0000   0.0000 
  0.0000   0.0000   0.0000   0.0000   0.0000   0.0000   0.0000   0.0000   0.0000   0.0000 
  0.0000   0.0000   0.0000   0.0000   0.0000   0.0000   0.0000   0.0000   0.0000   0.0000 
  0.0000   0.0000   0.0000   0.0000   0.0000   0.0000   0.0000   0.0000   0.0000   0.0000 
  0.0000   0.0000   0.0000   0.0000   0.0000   0.0000   0.0000   0.0000   0.0000   0.0000 
  0.0000   0.0000   0.0000   0.0000   0.0000   0.0000   0.0000   0.0000   0.0000   0.0000 
  0.0000   0.0000   0.0000   0.0000   0.0000   0.0000   0.0000   0.0000   0.0000   0.0000 
  0.0000   0.0000   0.0000   0.0000   0.0000   0.0000   0.0000   0.0000   0.0000   0.0000 
  0.0000   0.0000   0.0000   0.0000   0.0000   0.0000   0.0000   0.0000   0.0000   0.0000 
  0.0000   0.0000   0.0000   0.0000   0.0000   0.0000   0.0000   0.0000   0.0000   0.0000 
  0.0000   0.0000   0.0000   0.0000   0.0000   0.0000   0.0000   0.0000   0.0000   0.0000 
  0.0000   0.0000   0.0000   0.0000   0.0000   0.0000   0.0000   0.0000   0.0000   0.0000 
  0.0000   0.0000   0.0000   0.0000   0.0000   0.0000   0.0000   0.0000   0.0000   0.0000 
  0.0000   0.0000   0.0000   0.0000   0.0000   0.0000   0.0000   0.0000   0.0000   0.0000 
  0.0000   0.0000   0.0000   0.0000   0.0000   0.0000   0.0000   0.0000   0.0000   0.0000 
  0.0000   0.0000   0.0000   0.0000   0.0000   0.0000   0.0000   0.0000   0.0000   0.0000 
  0.0000   0.0000   0.0000   0.0000   0.0000   0.0000   0.0000   0.0000   0.0000   0.0000 
  0.0000   0.0000   0.0000   0.0000   0.0000   0.0000   0.0000   0.0000   0.0000   0.0000 
  0.0000   0.0000   0.0000   0.0000   0.0000   0.0000   0.0000   0.0000   0.0000   0.0000 
  0.0000   0.0000   0.0000   0.0000   0.0000   0.0000   0.0000   0.0000   0.0000   0.0000 
  0.0000   0.0000   0.0000   0.0000   0.0000   0.0000   0.0000   0.0000   0.0000   0.0000 
  0.0000   0.0000   0.0000   0.0000   0.0000   0.0000   0.0000   0.0000   0.0000   0.0000 
  0.0000   0.0000   0.0000   0.0000   0.0000   0.0000   0.0000   0.0000   0.0000   0.0000 
  0.0000   0.0000   0.0000   0.0000   0.0000   0.0000   0.0000   0.0000   0.0000   0.0000 
  0.0000   0.0000   0.0000   0.0000   0.0000   0.0000   0.0000   0.0000   0.0000   0.0000 
  0.0000   0.0000   0.0000   0.0000   0.0000   0.0000   0.0000   0.0000   0.0000   0.0000 
  0.0000   0.0000   0.0000   0.0000   0.0000   0.0000   0.0000   0.0000   0.0000   0.0000 
  0.0000   0.0000   0.0000   0.0000   0.0000   0.0000   0.0000   0.0000   0.0000   0.0000 
  0.0000   0.0000   0.0000   0.0000   0.0000   0.0000   0.0000   0.0000   0.0000   0.0000 
  0.0000   0.0000   0.0000   0.0000   0.0000   0.0000   0.0000   0.0000   0.0000   0.0000 
  0.0000   0.0000   0.0000   0.0000   0.0000   0.0000   0.0000   0.0000   0.0000   0.0000 
  0.0000   0.0000   0.0000   0.0000   0.0000   0.0000   0.0000   0.0000   0.0000   0.0000 
  0.0000   0.0000   0.0000   0.0000   0.0000   0.0000   0.0000   0.0000   0.0000   0.0000 
  0.0000   0.0000   0.0000   0.0000   0.0000   0.0000   0.0000   0.0000   0.0000   0.0000 
  0.0000   0.0000   0.0000   0.0000   0.0000   0.0000   0.0000   0.0000   0.0000   0.0000 
  0.0000   0.0000   0.0000   0.0000   0.0000   0.0000   0.0000   0.0000   0.0000   0.0000 
  0.0000   0.0000   0.0000   0.0000   0.0000   0.0000   0.0000   0.0000   0.0000   0.0000 
  0.0000   0.0000   0.0000   0.0000   0.0000   0.0000   0.0000   0.0000   0.0000   0.0000 
  0.0000   0.0000   0.0000   0.0000   0.0000   0.0000   0.0000   0.0000   0.0000   0.0000 
  0.0000   0.0000   0.0000   0.0000   0.0000   0.0000   0.0000   0.0000   0.0000   0.0000 
  0.0000   0.0000   0.0000   0.0000   0.0000   0.0000   0.0000   0.0000   0.0000   0.0000 
  0.0000   0.0000   0.0000   0.0000   0.0000   0.0000   0.0000   0.0000   0.0000   0.0000 
  0.0000   0.0000   0.0000   0.0000   0.0000   0.0000   0.0000   0.0000   0.0000   0.0000 
  0.0000   0.0000   0.0000   0.0000   0.0000   0.0000   0.0000   0.0000   0.0000   0.0000 
  0.0000   0.0000   0.0000   0.0000   0.0000   0.0000   0.0000   0.0000   0.0000   0.0000 
  0.0000   0.0000   0.0000   0.0000   0.0000   0.0000   0.0000   0.0000   0.0000   0.0000 
  0.0000   0.0000   0.0000   0.0000   0.0000   0.0000   0.0000   0.0000   0.0000   0.0000 
  0.0000   0.0000   0.0000   0.0000   0.0000   0.0000   0.0000   0.0000   0.0000   0.0000 
  0.0000   0.0000   0.0000   0.0000   0.0000   0.0000   0.0000   0.0000   0.0000   0.0000 
  0.0000   0.0000   0.0000   0.0000   0.0000   0.0000   0.0000   0.0000   0.0000   0.0000 
  0.0000   0.0000   0.0000   0.0000   0.0000   0.0000   0.0000   0.0000   0.0000   0.0000 
  0.0000   0.0000   0.0000   0.0000   0.0000   0.0000   0.0000   0.0000   0.0000   0.0000 
  0.0000   0.0000   0.0000   0.0000   0.0000   0.0000   0.0000   0.0000   0.0000   0.0000 
  0.0000   0.0000   0.0000   0.0000   0.0000   0.0000   0.0000   0.0000   0.0000   0.0000 
  0.0000   0.0000   0.0000   0.0000   0.0000   0.0000   0.0000   0.0000   0.0000   0.0000 
  0.0000   0.0000   0.0000   0.0000   0.0000   0.0000   0.0000   0.0000   0.0000   0.0000 
  0.0000   0.0000   0.0000   0.0000   0.0000   0.0000   0.0000   0.0000   0.0000   0.0000 
  0.0000   0.0000   0.0000   0.0000   0.0000   0.0000   0.0000   0.0000   0.0000   0.0000 
  0.0000   0.0000   0.0000   0.0000   0.0000   0.0000   0.0000   0.0000   0.0000   0.0000 
  0.0000   0.0000   0.0000   0.0000   0.0000   0.0000   0.0000   0.0000   0.0000   0.0000 
  0.0000   0.0000   0.0000   0.0000   0.0000   0.0000   0.0000   0.0000   0.0000   0.0000 
  0.0000   0.0000   0.0000   0.0000   0.0000   0.0000   0.0000   0.0000   0.0000   0.0000 
  0.0000   0.0000   0.0000   0.0000   0.0000   0.0000   0.0000   0.0000   0.0000   0.0000 
  0.0000   0.0000   0.0000   0.0000   0.0000   0.0000   0.0000   0.0000   0.0000   0.0000 
  0.0000   0.0000   0.0000   0.0000   0.0000   0.0000   0.0000   0.0000   0.0000   0.0000 
  0.0000   0.0000   0.0000   0.0000   0.0000   0.0000   0.0000   0.0000   0.0000   0.0000 
  0.0000   0.0000   0.0000   0.0000   0.0000   0.0000   0.0000   0.0000   0.0000   0.0000 
  0.0000   0.0000   0.0000   0.0000   0.0000   0.0000   0.0000   0.0000   0.0000   0.0000 
  0.0000   0.0000   0.0000   0.0000   0.0000   0.0000   0.0000   0.0000   0.0000   0.0000 
  0.0000   0.0000   0.0000   0.0000   0.0000   0.0000   0.0000   0.0000   0.0000   0.0000 
  0.0000   0.0000   0.0000   0.0000   0.0000   0.0000   0.0000   0.0000   0.0000   0.0000 
  0.0000   0.0000   0.0000   0.0000   0.0000   0.0000   0.0000   0.0000   0.0000   0.0000 
  0.0000   0.0000   0.0000   0.0000   0.0000   0.0000   0.0000   0.0000   0.0000   0.0000 
  0.0000   0.0000   0.0000   0.0000   0.0000   0.0000   0.0000   0.0000   0.0000   0.0000 
  0.0000   0.0000   0.0000   0.0000   0.0000   0.0000   0.0000   0.0000   0.0000   0.0000 
  0.0000   0.0000   0.0000   0.0000   0.0000   0.0000   0.0000   0.0000   0.0000   0.0000 
  0.0000   0.0000   0.0000   0.0000   0.0000   0.0000   0.0000   0.0000   0.0000   0.0000 
  0.0000   0.0000   0.0000   0.0000   0.0000   0.0000   0.0000   0.0000   0.0000   0.0000 
  0.0000   0.0000   0.0000   0.0000   0.0000   0.0000   0.0000   0.0000   0.0000   0.0000 
  0.0000   0.0000   0.0000   0.0000   0.0000   0.0000   0.0000   0.0000   0.0000   0.0000 
  0.0000   0.0000   0.0000   0.0000   0.0000   0.0000   0.0000   0.0000   0.0000   0.0000 
  0.0000   0.0000   0.0000   0.0000   0.0000   0.0000   0.0000   0.0000   0.0000   0.0000 
  0.0000   0.0000   0.0000   0.0000   0.0000   0.0000   0.0000   0.0000   0.0000   0.0000 
  0.0000   0.0000   0.0000   0.0000   0.0000   0.0000   0.0000   0.0000   0.0000   0.0000 
  0.0000   0.0000   0.0000   0.0000   0.0000   0.0000   0.0000   0.0000   0.0000   0.0000 
  0.0000   0.0000   0.0000   0.0000   0.0000   0.0000   0.0000   0.0000   0.0000   0.0000 
  0.0000   0.0000   0.0000   0.0000   0.0000   0.0000   0.0000   0.0000   0.0000   0.0000 
  0.0000   0.0000   0.0000   0.0000   0.0000   0.0000   0.0000   0.0000   0.0000   0.0000 
  0.0000   0.0000   0.0000   0.0000   0.0000   0.0000   0.0000   0.0000   0.0000   0.0000 
  0.0000   0.0000   0.0000   0.0000   0.0000   0.0000   0.0000   0.0000   0.0000   0.0000 
  0.0000   0.0000   0.0000   0.0000   0.0000   0.0000   0.0000   0.0000   0.0000   0.0000 
  0.0000   0.0000   0.0000   0.0000   0.0000   0.0000   0.0000   0.0000   0.0000   0.0000 
  0.0000   0.0000   0.0000   0.0000   0.0000   0.0000   0.0000   0.0000   0.0000   0.0000 
  0.0000   0.0000   0.0000   0.0000   0.0000   0.0000   0.0000   0.0000   0.0000   0.0000 
  0.0000   0.0000   0.0000   0.0000   0.0000   0.0000   0.0000   0.0000   0.0000   0.0000 
  0.0000   0.0000   0.0000   0.0000   0.0000   0.0000   0.0000   0.0000   0.0000   0.0000 
  0.0000   0.0000   0.0000   0.0000   0.0000   0.0000   0.0000   0.0000   0.0000   0.0000 
  0.0000   0.0000   0.0000   0.0000   0.0000   0.0000   0.0000   0.0000   0.0000   0.0000 
  0.0000   0.0000   0.0000   0.0000   0.0000   0.0000   0.0000   0.0000   0.0000   0.0000 
  0.0000   0.0000   0.0000   0.0000   0.0000   0.0000   0.0000   0.0000   0.0000   0.0000 
  0.0000   0.0000   0.0000   0.0000   0.0000   0.0000   0.0000   0.0000   0.0000   0.0000 
  0.0000   0.0000   0.0000   0.0000   0.0000   0.0000   0.0000   0.0000   0.0000   0.0000 
  0.0000   0.0000   0.0000   0.0000   0.0000   0.0000   0.0000   0.0000   0.0000   0.0000 
  0.0000   0.0000   0.0000   0.0000   0.0000   0.0000   0.0000   0.0000   0.0000   0.0000 
  0.0000   0.0000   0.0000   0.0000   0.0000   0.0000   0.0000   0.0000   0.0000   0.0000 
  0.0000   0.0000   0.0000   0.0000   0.0000   0.0000   0.0000   0.0000   0.0000   0.0000 
  0.0000   0.0000   0.0000   0.0000   0.0000   0.0000   0.0000   0.0000   0.0000   0.0000 
  0.0000   0.0000   0.0000   0.0000   0.0000   0.0000   0.0000   0.0000   0.0000   0.0000 
  0.0000   0.0000   0.0000   0.0000   0.0000   0.0000   0.0000   0.0000   0.0000   0.0000 
  0.0000   0.0000   0.0000   0.0000   0.0000   0.0000   0.0000   0.0000   0.0000   0.0000 
  0.0000   0.0000   0.0000   0.0000   0.0000   0.0000   0.0000   0.0000   0.0000   0.0000 
  0.0000   0.0000   0.0000   0.0000   0.0000   0.0000   0.0000   0.0000   0.0000   0.0000 
  0.0000   0.0000   0.0000   0.0000   0.0000   0.0000   0.0000   0.0000   0.0000   0.0000 
  0.0000   0.0000   0.0000   0.0000   0.0000   0.0000   0.0000   0.0000   0.0000   0.0000 
  0.0000   0.0000   0.0000   0.0000   0.0000   0.0000   0.0000   0.0000   0.0000   0.0000 
  0.0000   0.0000   0.0000   0.0000   0.0000   0.0000   0.0000   0.0000   0.0000   0.0000 
  0.0000   0.0000   0.0000   0.0000   0.0000   0.0000   0.0000   0.0000   0.0000   0.0000 
  0.0000   0.0000   0.0000   0.0000   0.0000   0.0000   0.0000   0.0000   0.0000   0.0000 
  0.0000   0.0000   0.0000   0.0000   0.0000   0.0000   0.0000   0.0000   0.0000   0.0000 
  0.0000   0.0000   0.0000   0.0000   0.0000   0.0000   0.0000   0.0000   0.0000   0.0000 
  0.0000   0.0000   0.0000   0.0000   0.0000   0.0000   0.0000   0.0000   0.0000   0.0000 
  0.0000   0.0000   0.0000   0.0000   0.0000   0.0000   0.0000   0.0000   0.0000   0.0000 
  0.0000   0.0000   0.0000   0.0000   0.0000   0.0000   0.0000   0.0000   0.0000   0.0000 
  0.0000   0.0000   0.0000   0.0000   0.0000   0.0000   0.0000   0.0000   0.0000   0.0000 
  0.0000   0.0000   0.0000   0.0000   0.0000   0.0000   0.0000   0.0000   0.0000   0.0000 
  0.0000   0.0000   0.0000   0.0000   0.0000   0.0000   0.0000   0.0000   0.0000   0.0000 
  0.0000   0.0000   0.0000   0.0000   0.0000   0.0000   0.0000   0.0000   0.0000   0.0000 
  0.0000   0.0000   0.0000   0.0000   0.0000   0.0000   0.0000   0.0000   0.0000   0.0000 
  0.0000   0.0000   0.0000   0.0000   0.0000   0.0000   0.0000   0.0000   0.0000   0.0000 
  0.0000   0.0000   0.0000   0.0000   0.0000   0.0000   0.0000   0.0000   0.0000   0.0000 
  0.0000   0.0000   0.0000   0.0000   0.0000   0.0000   0.0000   0.0000   0.0000   0.0000 
  0.0000   0.0000   0.0000   0.0000   0.0000   0.0000   0.0000   0.0000   0.0000   0.0000 
  0.0000   0.0000   0.0000   0.0000   0.0000   0.0000   0.0000   0.0000   0.0000   0.0000 
  0.0000   0.0000   0.0000   0.0000   0.0000   0.0000   0.0000   0.0000   0.0000   0.0000 
  0.0000   0.0000   0.0000   0.0000   0.0000   0.0000   0.0000   0.0000   0.0000   0.0000 
  0.0000   0.0000   0.0000   0.0000   0.0000   0.0000   0.0000   0.0000   0.0000   0.0000 
  0.0000   0.0000   0.0000   0.0000   0.0000   0.0000   0.0000   0.0000   0.0000   0.0000 
  0.0000   0.0000   0.0000   0.0000   0.0000   0.0000   0.0000   0.0000   0.0000   0.0000 
  0.0000   0.0000   0.0000   0.0000   0.0000   0.0000   0.0000   0.0000   0.0000   0.0000 
  0.0000   0.0000   0.0000   0.0000   0.0000   0.0000   0.0000   0.0000   0.0000   0.0000 
  0.0000   0.0000   0.0000   0.0000   0.0000   0.0000   0.0000   0.0000   0.0000   0.0000 
  0.0000   0.0000   0.0000   0.0000   0.0000   0.0000   0.0000   0.0000   0.0000   0.0000 
  0.0000   0.0000   0.0000   0.0000   0.0000   0.0000   0.0000   0.0000   0.0000   0.0000 
  0.0000   0.0000   0.0000   0.0000   0.0000   0.0000   0.0000   0.0000   0.0000   0.0000 
  0.0000   0.0000   0.0000   0.0000   0.0000   0.0000   0.0000   0.0000   0.0000   0.0000 
  0.0000   0.0000   0.0000   0.0000   0.0000   0.0000   0.0000   0.0000   0.0000   0.0000 
  0.0000   0.0000   0.0000   0.0000   0.0000   0.0000   0.0000   0.0000   0.0000   0.0000 
  0.0000   0.0000   0.0000   0.0000   0.0000   0.0000   0.0000   0.0000   0.0000   0.0000 
  0.0000   0.0000   0.0000   0.0000   0.0000   0.0000   0.0000   0.0000   0.0000   0.0000 
  0.0000   0.0000   0.0000   0.0000   0.0000   0.0000   0.0000   0.0000   0.0000   0.0000 
  0.0000   0.0000   0.0000   0.0000   0.0000   0.0000   0.0000   0.0000   0.0000   0.0000 
  0.0000   0.0000   0.0000   0.0000   0.0000   0.0000   0.0000   0.0000   0.0000   0.0000 
  0.0000   0.0000   0.0000   0.0000   0.0000   0.0000   0.0000   0.0000   0.0000   0.0000 
  0.0000   0.0000   0.0000   0.0000   0.0000   0.0000   0.0000   0.0000   0.0000   0.0000 
  0.0000   0.0000   0.0000   0.0000   0.0000   0.0000   0.0000   0.0000   0.0000   0.0000 
  0.0000   0.0000   0.0000   0.0000   0.0000   0.0000   0.0000   0.0000   0.0000   0.0000 
  0.0000   0.0000   0.0000   0.0000   0.0000   0.0000   0.0000   0.0000   0.0000   0.0000 
  0.0000   0.0000   0.0000   0.0000   0.0000   0.0000   0.0000   0.0000   0.0000   0.0000 
  0.0000   0.0000   0.0000   0.0000   0.0000   0.0000   0.0000   0.0000   0.0000   0.0000 
  0.0000   0.0000   0.0000   0.0000   0.0000   0.0000   0.0000   0.0000   0.0000   0.0000 
  0.0000   0.0000   0.0000   0.0000   0.0000   0.0000   0.0000   0.0000   0.0000   0.0000 
  0.0000   0.0000   0.0000   0.0000   0.0000   0.0000   0.0000   0.0000   0.0000   0.0000 
  0.0000   0.0000   0.0000   0.0000   0.0000   0.0000   0.0000   0.0000   0.0000   0.0000 
  0.0000   0.0000   0.0000   0.0000   0.0000   0.0000   0.0000   0.0000   0.0000   0.0000 
  0.0000   0.0000   0.0000   0.0000   0.0000   0.0000   0.0000   0.0000   0.0000   0.0000 
  0.0000   0.0000   0.0000   0.0000   0.0000   0.0000   0.0000   0.0000   0.0000   0.0000 
  0.0000   0.0000   0.0000   0.0000   0.0000   0.0000   0.0000   0.0000   0.0000   0.0000 
  0.0000   0.0000   0.0000   0.0000   0.0000   0.0000   0.0000   0.0000   0.0000   0.0000 
  0.0000   0.0000   0.0000   0.0000   0.0000   0.0000   0.0000   0.0000   0.0000   0.0000 
  0.0000   0.0000   0.0000   0.0000   0.0000   0.0000   0.0000   0.0000   0.0000   0.0000 
  0.0000   0.0000   0.0000   0.0000   0.0000   0.0000   0.0000   0.0000   0.0000   0.0000 
  0.0000   0.0000   0.0000   0.0000   0.0000   0.0000   0.0000   0.0000   0.0000   0.0000 
  0.0000   0.0000   0.0000   0.0000   0.0000   0.0000   0.0000   0.0000   0.0000   0.0000 
  0.0000   0.0000   0.0000   0.0000   0.0000   0.0000   0.0000   0.0000   0.0000   0.0000 
  0.0000   0.0000   0.0000   0.0000   0.0000   0.0000   0.0000   0.0000   0.0000   0.0000 
  0.0000   0.0000   0.0000   0.0000   0.0000   0.0000   0.0000   0.0000   0.0000   0.0000 
  0.0000   0.0000   0.0000   0.0000   0.0000   0.0000   0.0000   0.0000   0.0000   0.0000 
  0.0000   0.0000   0.0000   0.0000   0.0000   0.0000   0.0000   0.0000   0.0000   0.0000 
  0.0000   0.0000   0.0000   0.0000   0.0000   0.0000   0.0000   0.0000   0.0000   0.0000 
  0.0000   0.0000   0.0000   0.0000   0.0000   0.0000   0.0000   0.0000   0.0000   0.0000 
  0.0000   0.0000   0.0000   0.0000   0.0000   0.0000   0.0000   0.0000   0.0000   0.0000 
  0.0000   0.0000   0.0000   0.0000   0.0000   0.0000   0.0000   0.0000   0.0000   0.0000 
  0.0000   0.0000   0.0000   0.0000   0.0000   0.0000   0.0000   0.0000   0.0000   0.0000 
  0.0000   0.0000   0.0000   0.0000   0.0000   0.0000   0.0000   0.0000   0.0000   0.0000 
  0.0000   0.0000   0.0000   0.0000   0.0000   0.0000   0.0000   0.0000   0.0000   0.0000 
  0.0000   0.0000   0.0000   0.0000   0.0000   0.0000   0.0000   0.0000   0.0000   0.0000 
  0.0000   0.0000   0.0000   0.0000   0.0000   0.0000   0.0000   0.0000   0.0000   0.0000 
  0.0000   0.0000   0.0000   0.0000   0.0000   0.0000   0.0000   0.0000   0.0000   0.0000 
  0.0000   0.0000   0.0000   0.0000   0.0000   0.0000   0.0000   0.0000   0.0000   0.0000 
  0.0000   0.0000   0.0000   0.0000   0.0000   0.0000   0.0000   0.0000   0.0000   0.0000 
  0.0000   0.0000   0.0000   0.0000   0.0000   0.0000   0.0000   0.0000   0.0000   0.0000 
  0.0000   0.0000   0.0000   0.0000   0.0000   0.0000   0.0000   0.0000   0.0000   0.0000 
  0.0000   0.0000   0.0000   0.0000   0.0000   0.0000   0.0000   0.0000   0.0000   0.0000 
  0.0000   0.0000   0.0000   0.0000   0.0000   0.0000   0.0000   0.0000   0.0000   0.0000 
  0.0000   0.0000   0.0000   0.0000   0.0000   0.0000   0.0000   0.0000   0.0000   0.0000 
  0.0000   0.0000   0.0000   0.0000   0.0000   0.0000   0.0000   0.0000   0.0000   0.0000 
  0.0000   0.0000   0.0000   0.0000   0.0000   0.0000   0.0000   0.0000   0.0000   0.0000 
  0.0000   0.0000   0.0000   0.0000   0.0000   0.0000   0.0000   0.0000   0.0000   0.0000 
  0.0000   0.0000   0.0000   0.0000   0.0000   0.0000   0.0000   0.0000   0.0000   0.0000 
  0.0000   0.0000   0.0000   0.0000   0.0000   0.0000   0.0000   0.0000   0.0000   0.0000 
  0.0000   0.0000   0.0000   0.0000   0.0000   0.0000   0.0000   0.0000   0.0000   0.0000 
  0.0000   0.0000   0.0000   0.0000   0.0000   0.0000   0.0000   0.0000   0.0000   0.0000 
  0.0000   0.0000   0.0000   0.0000   0.0000   0.0000   0.0000   0.0000   0.0000   0.0000 
  0.0000   0.0000   0.0000   0.0000   0.0000   0.0000   0.0000   0.0000   0.0000   0.0000 
  0.0000   0.0000   0.0000   0.0000   0.0000   0.0000   0.0000   0.0000   0.0000   0.0000 
  0.0000   0.0000   0.0000   0.0000   0.0000   0.0000   0.0000   0.0000   0.0000   0.0000 
  0.0000   0.0000   0.0000   0.0000   0.0000   0.0000   0.0000   0.0000   0.0000   0.0000 
  0.0000   0.0000   0.0000   0.0000   0.0000   0.0000   0.0000   0.0000   0.0000   0.0000 
  0.0000   0.0000   0.0000   0.0000   0.0000   0.0000   0.0000   0.0000   0.0000   0.0000 
  0.0000   0.0000   0.0000   0.0000   0.0000   0.0000   0.0000   0.0000   0.0000   0.0000 
  0.0000   0.0000   0.0000   0.0000   0.0000   0.0000   0.0000   0.0000   0.0000   0.0000 
  0.0000   0.0000   0.0000   0.0000   0.0000   0.0000   0.0000   0.0000   0.0000   0.0000 
  0.0000   0.0000   0.0000   0.0000   0.0000   0.0000   0.0000   0.0000   0.0000   0.0000 
  0.0000   0.0000   0.0000   0.0000   0.0000   0.0000   0.0000   0.0000   0.0000   0.0000 
  0.0000   0.0000   0.0000   0.0000   0.0000   0.0000   0.0000   0.0000   0.0000   0.0000 
  0.0000   0.0000   0.0000   0.0000   0.0000   0.0000   0.0000   0.0000   0.0000   0.0000 
  0.0000   0.0000   0.0000   0.0000   0.0000   0.0000   0.0000   0.0000   0.0000   0.0000 
  0.0000   0.0000   0.0000   0.0000   0.0000   0.0000   0.0000   0.0000   0.0000   0.0000 
  0.0000   0.0000   0.0000   0.0000   0.0000   0.0000   0.0000   0.0000   0.0000   0.0000 
  0.0000   0.0000   0.0000   0.0000   0.0000   0.0000   0.0000   0.0000   0.0000   0.0000 
  0.0000   0.0000   0.0000   0.0000   0.0000   0.0000   0.0000   0.0000   0.0000   0.0000 
  0.0000   0.0000   0.0000   0.0000   0.0000   0.0000   0.0000   0.0000   0.0000   0.0000 
  0.0000   0.0000   0.0000   0.0000   0.0000   0.0000   0.0000   0.0000   0.0000   0.0000 
  0.0000   0.0000   0.0000   0.0000   0.0000   0.0000   0.0000   0.0000   0.0000   0.0000 
  0.0000   0.0000   0.0000   0.0000   0.0000   0.0000   0.0000   0.0000   0.0000   0.0000 
  0.0000   0.0000   0.0000   0.0000   0.0000   0.0000   0.0000   0.0000   0.0000   0.0000 
  0.0000   0.0000   0.0000   0.0000   0.0000   0.0000   0.0000   0.0000   0.0000   0.0000 
  0.0000   0.0000   0.0000   0.0000   0.0000   0.0000   0.0000   0.0000   0.0000   0.0000 
  0.0000   0.0000   0.0000   0.0000   0.0000   0.0000   0.0000   0.0000   0.0000   0.0000 
  0.0000   0.0000   0.0000   0.0000   0.0000   0.0000   0.0000   0.0000   0.0000   0.0000 
  0.0000   0.0000   0.0000   0.0000   0.0000   0.0000   0.0000   0.0000   0.0000   0.0000 
  0.0000   0.0000   0.0000   0.0000   0.0000   0.0000   0.0000   0.0000   0.0000   0.0000 
  0.0000   0.0000   0.0000   0.0000   0.0000   0.0000   0.0000   0.0000   0.0000   0.0000 
  0.0000   0.0000   0.0000   0.0000   0.0000   0.0000   0.0000   0.0000   0.0000   0.0000 
  0.0000   0.0000   0.0000   0.0000   0.0000   0.0000   0.0000   0.0000   0.0000   0.0000 
  0.0000   0.0000   0.0000   0.0000   0.0000   0.0000   0.0000   0.0000   0.0000   0.0000 
  0.0000   0.0000   0.0000   0.0000   0.0000   0.0000   0.0000   0.0000   0.0000   0.0000 
  0.0000   0.0000   0.0000   0.0000   0.0000   0.0000   0.0000   0.0000   0.0000   0.0000 
  0.0000   0.0000   0.0000   0.0000   0.0000   0.0000   0.0000   0.0000   0.0000   0.0000 
  0.0000   0.0000   0.0000   0.0000   0.0000   0.0000   0.0000   0.0000   0.0000   0.0000 
  0.0000   0.0000   0.0000   0.0000   0.0000   0.0000   0.0000   0.0000   0.0000   0.0000 
  0.0000   0.0000   0.0000   0.0000   0.0000   0.0000   0.0000   0.0000   0.0000   0.0000 
  0.0000   0.0000   0.0000   0.0000   0.0000   0.0000   0.0000   0.0000   0.0000   0.0000 
  0.0000   0.0000   0.0000   0.0000   0.0000   0.0000   0.0000   0.0000   0.0000   0.0000 
  0.0000   0.0000   0.0000   0.0000   0.0000   0.0000   0.0000   0.0000   0.0000   0.0000 
  0.0000   0.0000   0.0000   0.0000   0.0000   0.0000   0.0000   0.0000   0.0000   0.0000 
  0.0000   0.0000   0.0000   0.0000   0.0000   0.0000   0.0000   0.0000   0.0000   0.0000 
  0.0000   0.0000   0.0000   0.0000   0.0000   0.0000   0.0000   0.0000   0.0000   0.0000 
  0.0000   0.0000   0.0000   0.0000   0.0000   0.0000   0.0000   0.0000   0.0000   0.0000 
  0.0000   0.0000   0.0000   0.0000   0.0000   0.0000   0.0000   0.0000   0.0000   0.0000 
  0.0000   0.0000   0.0000   0.0000   0.0000   0.0000   0.0000   0.0000   0.0000   0.0000 
  0.0000   0.0000   0.0000   0.0000   0.0000   0.0000   0.0000   0.0000   0.0000   0.0000 
  0.0000   0.0000   0.0000   0.0000   0.0000   0.0000   0.0000   0.0000   0.0000   0.0000 
  0.0000   0.0000   0.0000   0.0000   0.0000   0.0000   0.0000   0.0000   0.0000   0.0000 
  0.0000   0.0000   0.0000   0.0000   0.0000   0.0000   0.0000   0.0000   0.0000   0.0000 
  0.0000   0.0000   0.0000   0.0000   0.0000   0.0000   0.0000   0.0000   0.0000   0.0000 
  0.0000   0.0000   0.0000   0.0000   0.0000   0.0000   0.0000   0.0000   0.0000   0.0000 
  0.0000   0.0000   0.0000   0.0000   0.0000   0.0000   0.0000   0.0000   0.0000   0.0000 
  0.0000   0.0000   0.0000   0.0000   0.0000   0.0000   0.0000   0.0000   0.0000   0.0000 
  0.0000   0.0000   0.0000   0.0000   0.0000   0.0000   0.0000   0.0000   0.0000   0.0000 
  0.0000   0.0000   0.0000   0.0000   0.0000   0.0000   0.0000   0.0000   0.0000   0.0000 
  0.0000   0.0000   0.0000   0.0000   0.0000   0.0000   0.0000   0.0000   0.0000   0.0000 
  0.0000   0.0000   0.0000   0.0000   0.0000   0.0000   0.0000   0.0000   0.0000   0.0000 
  0.0000   0.0000   0.0000   0.0000   0.0000   0.0000   0.0000   0.0000   0.0000   0.0000 
  0.0000   0.0000   0.0000   0.0000   0.0000   0.0000   0.0000   0.0000   0.0000   0.0000 
  0.0000   0.0000   0.0000   0.0000   0.0000   0.0000   0.0000   0.0000   0.0000   0.0000 
  0.0000   0.0000   0.0000   0.0000   0.0000   0.0000   0.0000   0.0000   0.0000   0.0000 
  0.0000   0.0000   0.0000   0.0000   0.0000   0.0000   0.0000   0.0000   0.0000   0.0000 
  0.0000   0.0000   0.0000   0.0000   0.0000   0.0000   0.0000   0.0000   0.0000   0.0000 
  0.0000   0.0000   0.0000   0.0000   0.0000   0.0000   0.0000   0.0000   0.0000   0.0000 
  0.0000   0.0000   0.0000   0.0000   0.0000   0.0000   0.0000   0.0000   0.0000   0.0000 
  0.0000   0.0000   0.0000   0.0000   0.0000   0.0000   0.0000   0.0000   0.0000   0.0000 
  0.0000   0.0000   0.0000   0.0000   0.0000   0.0000   0.0000   0.0000   0.0000   0.0000 
  0.0000   0.0000   0.0000   0.0000   0.0000   0.0000   0.0000   0.0000   0.0000   0.0000 
  0.0000   0.0000   0.0000   0.0000   0.0000   0.0000   0.0000   0.0000   0.0000   0.0000 
  0.0000   0.0000   0.0000   0.0000   0.0000   0.0000   0.0000   0.0000   0.0000   0.0000 
  0.0000   0.0000   0.0000   0.0000   0.0000   0.0000   0.0000   0.0000   0.0000   0.0000 
  0.0000   0.0000   0.0000   0.0000   0.0000   0.0000   0.0000   0.0000   0.0000   0.0000 
  0.0000   0.0000   0.0000   0.0000   0.0000   0.0000   0.0000   0.0000   0.0000   0.0000 
  0.0000   0.0000   0.0000   0.0000   0.0000   0.0000   0.0000   0.0000   0.0000   0.0000 
  0.0000   0.0000   0.0000   0.0000   0.0000   0.0000   0.0000   0.0000   0.0000   0.0000 
  0.0000   0.0000   0.0000   0.0000   0.0000   0.0000   0.0000   0.0000   0.0000   0.0000 
  0.0000   0.0000   0.0000   0.0000   0.0000   0.0000   0.0000   0.0000   0.0000   0.0000 
  0.0000   0.0000   0.0000   0.0000   0.0000   0.0000   0.0000   0.0000   0.0000   0.0000 
  0.0000   0.0000   0.0000   0.0000   0.0000   0.0000   0.0000   0.0000   0.0000   0.0000 
  0.0000   0.0000   0.0000   0.0000   0.0000   0.0000   0.0000   0.0000   0.0000   0.0000 
  0.0000   0.0000   0.0000   0.0000   0.0000   0.0000   0.0000   0.0000   0.0000   0.0000 
  0.0000   0.0000   0.0000   0.0000   0.0000   0.0000   0.0000   0.0000   0.0000   0.0000 
  0.0000   0.0000   0.0000   0.0000   0.0000   0.0000   0.0000   0.0000   0.0000   0.0000 
  0.0000   0.0000   0.0000   0.0000   0.0000   0.0000   0.0000   0.0000   0.0000   0.0000 
  0.0000   0.0000   0.0000   0.0000   0.0000   0.0000   0.0000   0.0000   0.0000   0.0000 
  0.0000   0.0000   0.0000   0.0000   0.0000   0.0000   0.0000   0.0000   0.0000   0.0000 
  0.0000   0.0000   0.0000   0.0000   0.0000   0.0000   0.0000   0.0000   0.0000   0.0000 
  0.0000   0.0000   0.0000   0.0000   0.0000   0.0000   0.0000   0.0000   0.0000   0.0000 
  0.0000   0.0000   0.0000   0.0000   0.0000   0.0000   0.0000   0.0000   0.0000   0.0000 
  0.0000   0.0000   0.0000   0.0000   0.0000   0.0000   0.0000   0.0000   0.0000   0.0000 
  0.0000   0.0000   0.0000   0.0000   0.0000   0.0000   0.0000   0.0000   0.0000   0.0000 
  0.0000   0.0000   0.0000   0.0000   0.0000   0.0000   0.0000   0.0000   0.0000   0.0000 
  0.0000   0.0000   0.0000   0.0000   0.0000   0.0000   0.0000   0.0000   0.0000   0.0000 
  0.0000   0.0000   0.0000   0.0000   0.0000   0.0000   0.0000   0.0000   0.0000   0.0000 
  0.0000   0.0000   0.0000   0.0000   0.0000   0.0000   0.0000   0.0000   0.0000   0.0000 
  0.0000   0.0000   0.0000   0.0000   0.0000   0.0000   0.0000   0.0000   0.0000   0.0000 
  0.0000   0.0000   0.0000   0.0000   0.0000   0.0000   0.0000   0.0000   0.0000   0.0000 
  0.0000   0.0000   0.0000   0.0000   0.0000   0.0000   0.0000   0.0000   0.0000   0.0000 
  0.0000   0.0000   0.0000   0.0000   0.0000   0.0000   0.0000   0.0000   0.0000   0.0000 
  0.0000   0.0000   0.0000   0.0000   0.0000   0.0000   0.0000   0.0000   0.0000   0.0000 
  0.0000   0.0000   0.0000   0.0000   0.0000   0.0000   0.0000   0.0000   0.0000   0.0000 
  0.0000   0.0000   0.0000   0.0000   0.0000   0.0000   0.0000   0.0000   0.0000   0.0000 
  0.0000   0.0000   0.0000   0.0000   0.0000   0.0000   0.0000   0.0000   0.0000   0.0000 
  0.0000   0.0000   0.0000   0.0000   0.0000   0.0000   0.0000   0.0000   0.0000   0.0000 
  0.0000   0.0000   0.0000   0.0000   0.0000   0.0000   0.0000   0.0000   0.0000   0.0000 
  0.0000   0.0000   0.0000   0.0000   0.0000   0.0000   0.0000   0.0000   0.0000   0.0000 
  0.0000   0.0000   0.0000   0.0000   0.0000   0.0000   0.0000   0.0000   0.0000   0.0000 
  0.0000   0.0000   0.0000   0.0000   0.0000   0.0000   0.0000   0.0000   0.0000   0.0000 
  0.0000   0.0000   0.0000   0.0000   0.0000   0.0000   0.0000   0.0000   0.0000   0.0000 
  0.0000   0.0000   0.0000   0.0000   0.0000   0.0000   0.0000   0.0000   0.0000   0.0000 
  0.0000   0.0000   0.0000   0.0000   0.0000   0.0000   0.0000   0.0000   0.0000   0.0000 
  0.0000   0.0000   0.0000   0.0000   0.0000   0.0000   0.0000   0.0000   0.0000   0.0000 
  0.0000   0.0000   0.0000   0.0000   0.0000   0.0000   0.0000   0.0000   0.0000   0.0000 
  0.0000   0.0000   0.0000   0.0000   0.0000   0.0000   0.0000   0.0000   0.0000   0.0000 
  0.0000   0.0000   0.0000   0.0000   0.0000   0.0000   0.0000   0.0000   0.0000   0.0000 
  0.0000   0.0000   0.0000   0.0000   0.0000   0.0000   0.0000   0.0000   0.0000   0.0000 
  0.0000   0.0000   0.0000   0.0000   0.0000   0.0000   0.0000   0.0000   0.0000   0.0000 
  0.0000   0.0000   0.0000   0.0000   0.0000   0.0000   0.0000   0.0000   0.0000   0.0000 
  0.0000   0.0000   0.0000   0.0000   0.0000   0.0000   0.0000   0.0000   0.0000   0.0000 
  0.0000   0.0000   0.0000   0.0000   0.0000   0.0000   0.0000   0.0000   0.0000   0.0000 
  0.0000   0.0000   0.0000   0.0000   0.0000   0.0000   0.0000   0.0000   0.0000   0.0000 
  0.0000   0.0000   0.0000   0.0000   0.0000   0.0000   0.0000   0.0000   0.0000   0.0000 
  0.0000   0.0000   0.0000   0.0000   0.0000   0.0000   0.0000   0.0000   0.0000   0.0000 
  0.0000   0.0000   0.0000   0.0000   0.0000   0.0000   0.0000   0.0000   0.0000   0.0000 
  0.0000   0.0000   0.0000   0.0000   0.0000   0.0000   0.0000   0.0000   0.0000   0.0000 
  0.0000   0.0000   0.0000   0.0000   0.0000   0.0000   0.0000   0.0000   0.0000   0.0000 
  0.0000   0.0000   0.0000   0.0000   0.0000   0.0000   0.0000   0.0000   0.0000   0.0000 
  0.0000   0.0000   0.0000   0.0000   0.0000   0.0000   0.0000   0.0000   0.0000   0.0000 
  0.0000   0.0000   0.0000   0.0000   0.0000   0.0000   0.0000   0.0000   0.0000   0.0000 
  0.0000   0.0000   0.0000   0.0000   0.0000   0.0000   0.0000   0.0000   0.0000   0.0000 
  0.0000   0.0000   0.0000   0.0000   0.0000   0.0000   0.0000   0.0000   0.0000   0.0000 
  0.0000   0.0000   0.0000   0.0000   0.0000   0.0000   0.0000   0.0000   0.0000   0.0000 
  0.0000   0.0000   0.0000   0.0000   0.0000   0.0000   0.0000   0.0000   0.0000   0.0000 
  0.0000   0.0000   0.0000   0.0000   0.0000   0.0000   0.0000   0.0000   0.0000   0.0000 
  0.0000   0.0000   0.0000   0.0000   0.0000   0.0000   0.0000   0.0000   0.0000   0.0000 
  0.0000   0.0000   0.0000   0.0000   0.0000   0.0000   0.0000   0.0000   0.0000   0.0000 
  0.0000   0.0000   0.0000   0.0000   0.0000   0.0000   0.0000   0.0000   0.0000   0.0000 
  0.0000   0.0000   0.0000   0.0000   0.0000   0.0000   0.0000   0.0000   0.0000   0.0000 
  0.0000   0.0000   0.0000   0.0000   0.0000   0.0000   0.0000   0.0000   0.0000   0.0000 
  0.0000   0.0000   0.0000   0.0000   0.0000   0.0000   0.0000   0.0000   0.0000   0.0000 
  0.0000   0.0000   0.0000   0.0000   0.0000   0.0000   0.0000   0.0000   0.0000   0.0000 
  0.0000   0.0000   0.0000   0.0000   0.0000   0.0000   0.0000   0.0000   0.0000   0.0000 
  0.0000   0.0000   0.0000   0.0000   0.0000   0.0000   0.0000   0.0000   0.0000   0.0000 
  0.0000   0.0000   0.0000   0.0000   0.0000   0.0000   0.0000   0.0000   0.0000   0.0000 
  0.0000   0.0000   0.0000   0.0000   0.0000   0.0000   0.0000   0.0000   0.0000   0.0000 
  0.0000   0.0000   0.0000   0.0000   0.0000   0.0000   0.0000   0.0000   0.0000   0.0000 
  0.0000   0.0000   0.0000   0.0000   0.0000   0.0000   0.0000   0.0000   0.0000   0.0000 
  0.0000   0.0000   0.0000   0.0000   0.0000   0.0000   0.0000   0.0000   0.0000   0.0000 
  0.0000   0.0000   0.0000   0.0000   0.0000   0.0000   0.0000   0.0000   0.0000   0.0000 
  0.0000   0.0000   0.0000   0.0000   0.0000   0.0000   0.0000   0.0000   0.0000   0.0000 
  0.0000   0.0000   0.0000   0.0000   0.0000   0.0000   0.0000   0.0000   0.0000   0.0000 
  0.0000   0.0000   0.0000   0.0000   0.0000   0.0000   0.0000   0.0000   0.0000   0.0000 
  0.0000   0.0000   0.0000   0.0000   0.0000   0.0000   0.0000   0.0000   0.0000   0.0000 
  0.0000   0.0000   0.0000   0.0000   0.0000   0.0000   0.0000   0.0000   0.0000   0.0000 
  0.0000   0.0000   0.0000   0.0000   0.0000   0.0000   0.0000   0.0000   0.0000   0.0000 
  0.0000   0.0000   0.0000   0.0000   0.0000   0.0000   0.0000   0.0000   0.0000   0.0000 
  0.0000   0.0000   0.0000   0.0000   0.0000   0.0000   0.0000   0.0000   0.0000   0.0000 
  0.0000   0.0000   0.0000   0.0000   0.0000   0.0000   0.0000   0.0000   0.0000   0.0000 
  0.0000   0.0000   0.0000   0.0000   0.0000   0.0000   0.0000   0.0000   0.0000   0.0000 
  0.0000   0.0000   0.0000   0.0000   0.0000   0.0000   0.0000   0.0000   0.0000   0.0000 
  0.0000   0.0000   0.0000   0.0000   0.0000   0.0000   0.0000   0.0000   0.0000   0.0000 
  0.0000   0.0000   0.0000   0.0000   0.0000   0.0000   0.0000   0.0000   0.0000   0.0000 
  0.0000   0.0000   0.0000   0.0000   0.0000   0.0000   0.0000   0.0000   0.0000   0.0000 
  0.0000   0.0000   0.0000   0.0000   0.0000   0.0000   0.0000   0.0000   0.0000   0.0000 
  0.0000   0.0000   0.0000   0.0000   0.0000   0.0000   0.0000   0.0000   0.0000   0.0000 
  0.0000   0.0000   0.0000   0.0000   0.0000   0.0000   0.0000   0.0000   0.0000   0.0000 
  0.0000   0.0000   0.0000   0.0000   0.0000   0.0000   0.0000   0.0000   0.0000   0.0000 
  0.0000   0.0000   0.0000   0.0000   0.0000   0.0000   0.0000   0.0000   0.0000   0.0000 
  0.0000   0.0000   0.0000   0.0000   0.0000   0.0000   0.0000   0.0000   0.0000   0.0000 
  0.0000   0.0000   0.0000   0.0000   0.0000   0.0000   0.0000   0.0000   0.0000   0.0000 
  0.0000   0.0000   0.0000   0.0000   0.0000   0.0000   0.0000   0.0000   0.0000   0.0000 
  0.0000   0.0000   0.0000   0.0000   0.0000   0.0000   0.0000   0.0000   0.0000   0.0000 
  0.0000   0.0000   0.0000   0.0000   0.0000   0.0000   0.0000   0.0000   0.0000   0.0000 
  0.0000   0.0000   0.0000   0.0000   0.0000   0.0000   0.0000   0.0000   0.0000   0.0000 
  0.0000   0.0000   0.0000   0.0000   0.0000   0.0000   0.0000   0.0000   0.0000   0.0000 
  0.0000   0.0000   0.0000   0.0000   0.0000   0.0000   0.0000   0.0000   0.0000   0.0000 
  0.0000   0.0000   0.0000   0.0000   0.0000   0.0000   0.0000   0.0000   0.0000   0.0000 
  0.0000   0.0000   0.0000   0.0000   0.0000   0.0000   0.0000   0.0000   0.0000   0.0000 
  0.0000   0.0000   0.0000   0.0000   0.0000   0.0000   0.0000   0.0000   0.0000   0.0000 
  0.0000   0.0000   0.0000   0.0000   0.0000   0.0000   0.0000   0.0000   0.0000   0.0000 
  0.0000   0.0000   0.0000   0.0000   0.0000   0.0000   0.0000   0.0000   0.0000   0.0000 
  0.0000   0.0000   0.0000   0.0000   0.0000   0.0000   0.0000   0.0000   0.0000   0.0000 
  0.0000   0.0000   0.0000   0.0000   0.0000   0.0000   0.0000   0.0000   0.0000   0.0000 
  0.0000   0.0000   0.0000   0.0000   0.0000   0.0000   0.0000   0.0000   0.0000   0.0000 
  0.0000   0.0000   0.0000   0.0000   0.0000   0.0000   0.0000   0.0000   0.0000   0.0000 
  0.0000   0.0000   0.0000   0.0000   0.0000   0.0000   0.0000   0.0000   0.0000   0.0000 
  0.0000   0.0000   0.0000   0.0000   0.0000   0.0000   0.0000   0.0000   0.0000   0.0000 
  0.0000   0.0000   0.0000   0.0000   0.0000   0.0000   0.0000   0.0000   0.0000   0.0000 
  0.0000   0.0000   0.0000   0.0000   0.0000   0.0000   0.0000   0.0000   0.0000   0.0000 
  0.0000   0.0000   0.0000   0.0000   0.0000   0.0000   0.0000   0.0000   0.0000   0.0000 
  0.0000   0.0000   0.0000   0.0000   0.0000   0.0000   0.0000   0.0000   0.0000   0.0000 
  0.0000   0.0000   0.0000   0.0000   0.0000   0.0000   0.0000   0.0000   0.0000   0.0000 
  0.0000   0.0000   0.0000   0.0000   0.0000   0.0000   0.0000   0.0000   0.0000   0.0000 
  0.0000   0.0000   0.0000   0.0000   0.0000   0.0000   0.0000   0.0000   0.0000   0.0000 
  0.0000   0.0000   0.0000   0.0000   0.0000   0.0000   0.0000   0.0000   0.0000   0.0000 
  0.0000   0.0000   0.0000   0.0000   0.0000   0.0000   0.0000   0.0000   0.0000   0.0000 
  0.0000   0.0000   0.0000   0.0000   0.0000   0.0000   0.0000   0.0000   0.0000   0.0000 
  0.0000   0.0000   0.0000   0.0000   0.0000   0.0000   0.0000   0.0000   0.0000   0.0000 
  0.0000   0.0000   0.0000   0.0000   0.0000   0.0000   0.0000   0.0000   0.0000   0.0000 
  0.0000   0.0000   0.0000   0.0000   0.0000   0.0000   0.0000   0.0000   0.0000   0.0000 
  0.0000   0.0000   0.0000   0.0000   0.0000   0.0000   0.0000   0.0000   0.0000   0.0000 
  0.0000   0.0000   0.0000   0.0000   0.0000   0.0000   0.0000   0.0000   0.0000   0.0000 
  0.0000   0.0000   0.0000   0.0000   0.0000   0.0000   0.0000   0.0000   0.0000   0.0000 
  0.0000   0.0000   0.0000   0.0000   0.0000   0.0000   0.0000   0.0000   0.0000   0.0000 
  0.0000   0.0000   0.0000   0.0000   0.0000   0.0000   0.0000   0.0000   0.0000   0.0000 
  0.0000   0.0000   0.0000   0.0000   0.0000   0.0000   0.0000   0.0000   0.0000   0.0000 
  0.0000   0.0000   0.0000   0.0000   0.0000   0.0000   0.0000   0.0000   0.0000   0.0000 
  0.0000   0.0000   0.0000   0.0000   0.0000   0.0000   0.0000   0.0000   0.0000   0.0000 
  0.0000   0.0000   0.0000   0.0000   0.0000   0.0000   0.0000   0.0000   0.0000   0.0000 
  0.0000   0.0000   0.0000   0.0000   0.0000   0.0000   0.0000   0.0000   0.0000   0.0000 
  0.0000   0.0000   0.0000   0.0000   0.0000   0.0000   0.0000   0.0000   0.0000   0.0000 
  0.0000   0.0000   0.0000   0.0000   0.0000   0.0000   0.0000   0.0000   0.0000   0.0000 
  0.0000   0.0000   0.0000   0.0000   0.0000   0.0000   0.0000   0.0000   0.0000   0.0000 
  0.0000   0.0000   0.0000   0.0000   0.0000   0.0000   0.0000   0.0000   0.0000   0.0000 
  0.0000   0.0000   0.0000   0.0000   0.0000   0.0000   0.0000   0.0000   0.0000   0.0000 
  0.0000   0.0000   0.0000   0.0000   0.0000   0.0000   0.0000   0.0000   0.0000   0.0000 
  0.0000   0.0000   0.0000   0.0000   0.0000   0.0000   0.0000   0.0000   0.0000   0.0000 
  0.0000   0.0000   0.0000   0.0000   0.0000   0.0000   0.0000   0.0000   0.0000   0.0000 
  0.0000   0.0000   0.0000   0.0000   0.0000   0.0000   0.0000   0.0000   0.0000   0.0000 
  0.0000   0.0000   0.0000   0.0000   0.0000   0.0000   0.0000   0.0000   0.0000   0.0000 
  0.0000   0.0000   0.0000   0.0000   0.0000   0.0000   0.0000   0.0000   0.0000   0.0000 
  0.0000   0.0000   0.0000   0.0000   0.0000   0.0000   0.0000   0.0000   0.0000   0.0000 
  0.0000   0.0000   0.0000   0.0000   0.0000   0.0000   0.0000   0.0000   0.0000   0.0000 
  0.0000   0.0000   0.0000   0.0000   0.0000   0.0000   0.0000   0.0000   0.0000   0.0000 
  0.0000   0.0000   0.0000   0.0000   0.0000   0.0000   0.0000   0.0000   0.0000   0.0000 
  0.0000   0.0000   0.0000   0.0000   0.0000   0.0000   0.0000   0.0000   0.0000   0.0000 
  0.0000   0.0000   0.0000   0.0000   0.0000   0.0000   0.0000   0.0000   0.0000   0.0000 
  0.0000   0.0000   0.0000   0.0000   0.0000   0.0000   0.0000   0.0000   0.0000   0.0000 
  0.0000   0.0000   0.0000   0.0000   0.0000   0.0000   0.0000   0.0000   0.0000   0.0000 
  0.0000   0.0000   0.0000   0.0000   0.0000   0.0000   0.0000   0.0000   0.0000   0.0000 
  0.0000   0.0000   0.0000   0.0000   0.0000   0.0000   0.0000   0.0000   0.0000   0.0000 
  0.0000   0.0000   0.0000   0.0000   0.0000   0.0000   0.0000   0.0000   0.0000   0.0000 
  0.0000   0.0000   0.0000   0.0000   0.0000   0.0000   0.0000   0.0000   0.0000   0.0000 
  0.0000   0.0000   0.0000   0.0000   0.0000   0.0000   0.0000   0.0000   0.0000   0.0000 
  0.0000   0.0000   0.0000   0.0000   0.0000   0.0000   0.0000   0.0000   0.0000   0.0000 
  0.0000   0.0000   0.0000   0.0000   0.0000   0.0000   0.0000   0.0000   0.0000   0.0000 
  0.0000   0.0000   0.0000   0.0000   0.0000   0.0000   0.0000   0.0000   0.0000   0.0000 
  0.0000   0.0000   0.0000   0.0000   0.0000   0.0000   0.0000   0.0000   0.0000   0.0000 
  0.0000   0.0000   0.0000   0.0000   0.0000   0.0000   0.0000   0.0000   0.0000   0.0000 
  0.0000   0.0000   0.0000   0.0000   0.0000   0.0000   0.0000   0.0000   0.0000   0.0000 
  0.0000   0.0000   0.0000   0.0000   0.0000   0.0000   0.0000   0.0000   0.0000   0.0000 
  0.0000   0.0000   0.0000   0.0000   0.0000   0.0000   0.0000   0.0000   0.0000   0.0000 
  0.0000   0.0000   0.0000   0.0000   0.0000   0.0000   0.0000   0.0000   0.0000   0.0000 
  0.0000   0.0000   0.0000   0.0000   0.0000   0.0000   0.0000   0.0000   0.0000   0.0000 
  0.0000   0.0000   0.0000   0.0000   0.0000   0.0000   0.0000   0.0000   0.0000   0.0000 
  0.0000   0.0000   0.0000   0.0000   0.0000   0.0000   0.0000   0.0000   0.0000   0.0000 
  0.0000   0.0000   0.0000   0.0000   0.0000   0.0000   0.0000   0.0000   0.0000   0.0000 
  0.0000   0.0000   0.0000   0.0000   0.0000   0.0000   0.0000   0.0000   0.0000   0.0000 
  0.0000   0.0000   0.0000   0.0000   0.0000   0.0000   0.0000   0.0000   0.0000   0.0000 
  0.0000   0.0000   0.0000   0.0000   0.0000   0.0000   0.0000   0.0000   0.0000   0.0000 
  0.0000   0.0000   0.0000   0.0000   0.0000   0.0000   0.0000   0.0000   0.0000   0.0000 
  0.0000   0.0000   0.0000   0.0000   0.0000   0.0000   0.0000   0.0000   0.0000   0.0000 
  0.0000   0.0000   0.0000   0.0000   0.0000   0.0000   0.0000   0.0000   0.0000   0.0000 
  0.0000   0.0000   0.0000   0.0000   0.0000   0.0000   0.0000   0.0000   0.0000   0.0000 
  0.0000   0.0000   0.0000   0.0000   0.0000   0.0000   0.0000   0.0000   0.0000   0.0000 
  0.0000   0.0000   0.0000   0.0000   0.0000   0.0000   0.0000   0.0000   0.0000   0.0000 
  0.0000   0.0000   0.0000   0.0000   0.0000   0.0000   0.0000   0.0000   0.0000   0.0000 
  0.0000   0.0000   0.0000   0.0000   0.0000   0.0000   0.0000   0.0000   0.0000   0.0000 
  0.0000   0.0000   0.0000   0.0000   0.0000   0.0000   0.0000   0.0000   0.0000   0.0000 
  0.0000   0.0000   0.0000   0.0000   0.0000   0.0000   0.0000   0.0000   0.0000   0.0000 
  0.0000   0.0000   0.0000   0.0000   0.0000   0.0000   0.0000   0.0000   0.0000   0.0000 
  0.0000   0.0000   0.0000   0.0000   0.0000   0.0000   0.0000   0.0000   0.0000   0.0000 
  0.0000   0.0000   0.0000   0.0000   0.0000   0.0000   0.0000   0.0000   0.0000   0.0000 
  0.0000   0.0000   0.0000   0.0000   0.0000   0.0000   0.0000   0.0000   0.0000   0.0000 
  0.0000   0.0000   0.0000   0.0000   0.0000   0.0000   0.0000   0.0000   0.0000   0.0000 
  0.0000   0.0000   0.0000   0.0000   0.0000   0.0000   0.0000   0.0000   0.0000   0.0000 
  0.0000   0.0000   0.0000   0.0000   0.0000   0.0000   0.0000   0.0000   0.0000   0.0000 
  0.0000   0.0000   0.0000   0.0000   0.0000   0.0000   0.0000   0.0000   0.0000   0.0000 
  0.0000   0.0000   0.0000   0.0000   0.0000   0.0000   0.0000   0.0000   0.0000   0.0000 
  0.0000   0.0000   0.0000   0.0000   0.0000   0.0000   0.0000   0.0000   0.0000   0.0000 
  0.0000   0.0000   0.0000   0.0000   0.0000   0.0000   0.0000   0.0000   0.0000   0.0000 
