IMU Time data

 63.8100  74.6900  85.9500 102.4100 113.1900 122.3700 131.6500 144.8300 154.5300 164.1300 
 63.8300  74.7100  85.9700 102.4300 113.2100 122.3900 131.6700 144.8500 154.5500 164.1500 
 63.8500  74.7300  85.9900 102.4500 113.2300 122.4100 131.6900 144.8700 154.5700 164.1700 
 63.8700  74.7500  86.0100 102.4700 113.2500 122.4300 131.7100 144.8900 154.5900 164.1900 
 63.8900  74.7700  86.0300 102.4900 113.2700 122.4500 131.7300 144.9100 154.6100 164.2100 
 63.9100  74.7900  86.0500 102.5100 113.2900 122.4700 131.7500 144.9300 154.6300 164.2300 
 63.9300  74.8100  86.0700 102.5300 113.3100 122.4900 131.7700 144.9500 154.6500 164.2500 
 63.9500  74.8300  86.0900 102.5500 113.3300 122.5100 131.7900 144.9700 154.6700 164.2700 
 63.9700  74.8500  86.1100 102.5700 113.3500 122.5300 131.8100 144.9900 154.6900 164.2900 
 63.9900  74.8700  86.1300 102.5900 113.3700 122.5500 131.8300 145.0100 154.7100 164.3100 
 64.0100  74.8900  86.1500 102.6100 113.3900 122.5700 131.8500 145.0300 154.7300 164.3300 
 64.0300  74.9100  86.1700 102.6300 113.4100 122.5900 131.8700 145.0500 154.7500 164.3500 
 64.0500  74.9300  86.1900 102.6500 113.4300 122.6100 131.8900 145.0700 154.7700 164.3700 
 64.0700  74.9500  86.2100 102.6700 113.4500 122.6300 131.9100 145.0900 154.7900 164.3900 
 64.0900  74.9700  86.2300 102.6900 113.4700 122.6500 131.9300 145.1100 154.8100 164.4100 
 64.1100  74.9900  86.2500 102.7100 113.4900 122.6700 131.9500 145.1300 154.8300 164.4300 
 64.1300  75.0100  86.2700 102.7300 113.5100 122.6900 131.9700 145.1500 154.8500 164.4500 
 64.1500  75.0300  86.2900 102.7500 113.5300 122.7100 131.9900 145.1700 154.8700 164.4700 
 64.1700  75.0500  86.3100 102.7700 113.5500 122.7300 132.0100 145.1900 154.8900 164.4900 
 64.1900  75.0700  86.3300 102.7900 113.5700 122.7500 132.0300 145.2100 154.9100 164.5100 
 64.2100  75.0900  86.3500 102.8100 113.5900 122.7700 132.0500 145.2300 154.9300 164.5300 
 64.2300  75.1100  86.3700 102.8300 113.6100 122.7900 132.0700 145.2500 154.9500 164.5500 
 64.2500  75.1300  86.3900 102.8500 113.6300 122.8100 132.0900 145.2700 154.9700 164.5700 
 64.2700  75.1500  86.4100 102.8700 113.6500 122.8300 132.1100 145.2900 154.9900 164.5900 
 64.2900  75.1700  86.4300 102.8900 113.6700 122.8500 132.1300 145.3100 155.0100 164.6100 
 64.3100  75.1900  86.4500 102.9100 113.6900 122.8700 132.1500 145.3300 155.0300 164.6300 
 64.3300  75.2100  86.4700 102.9300 113.7100 122.8900 132.1700 145.3500 155.0500 164.6500 
 64.3500  75.2300  86.4900 102.9500 113.7300 122.9100 132.1900 145.3700 155.0700 164.6700 
 64.3700  75.2500  86.5100 102.9700 113.7500 122.9300 132.2100 145.3900 155.0900 164.6900 
 64.3900  75.2700  86.5300 102.9900 113.7700 122.9500 132.2300 145.4100 155.1100 164.7100 
 64.4100  75.2900  86.5500 103.0100 113.7900 122.9700 132.2500 145.4300 155.1300 164.7300 
 64.4300  75.3100  86.5700 103.0300 113.8100 122.9900 132.2700 145.4500 155.1500 164.7500 
 64.4500  75.3300  86.5900 103.0500 113.8300 123.0100 132.2900 145.4700 155.1700 164.7700 
 64.4700  75.3500  86.6100 103.0700 113.8500 123.0300 132.3100 145.4900 155.1900 164.7900 
 64.4900  75.3700  86.6300 103.0900 113.8700 123.0500 132.3300 145.5100 155.2100 164.8100 
 64.5100  75.3900  86.6500 103.1100 113.8900 123.0700 132.3500 145.5300 155.2300 164.8300 
 64.5300  75.4100  86.6700 103.1300 113.9100 123.0900 132.3700 145.5500 155.2500 164.8500 
 64.5500  75.4300  86.6900 103.1500 113.9300 123.1100 132.3900 145.5700 155.2700 164.8700 
 64.5700  75.4500  86.7100 103.1700 113.9500 123.1300 132.4100 145.5900 155.2900 164.8900 
 64.5900  75.4700  86.7300 103.1900 113.9700 123.1500 132.4300 145.6100 155.3100 164.9100 
 64.6100  75.4900  86.7500 103.2100 113.9900 123.1700 132.4500 145.6300 155.3300 164.9300 
 64.6300  75.5100  86.7700 103.2300 114.0100 123.1900 132.4700 145.6500 155.3500 164.9500 
 64.6500  75.5300  86.7900 103.2500 114.0300 123.2100 132.4900 145.6700 155.3700 164.9700 
 64.6700  75.5500  86.8100 103.2700 114.0500 123.2300 132.5100 145.6900 155.3900 164.9900 
 64.6900  75.5700  86.8300 103.2900 114.0700 123.2500 132.5300 145.7100 155.4100 165.0100 
 64.7100  75.5900  86.8500 103.3100 114.0900 123.2700 132.5500 145.7300 155.4300 165.0300 
 64.7300  75.6100  86.8700 103.3300 114.1100 123.2900 132.5700 145.7500 155.4500 165.0500 
 64.7500  75.6300  86.8900 103.3500 114.1300 123.3100 132.5900 145.7700 155.4700 165.0700 
 64.7700  75.6500  86.9100 103.3700 114.1500 123.3300 132.6100 145.7900 155.4900 165.0900 
 64.7900  75.6700  86.9300 103.3900 114.1700 123.3500 132.6300 145.8100 155.5100 165.1100 
 64.8100  75.6900  86.9500 103.4100 114.1900 123.3700 132.6500 145.8300 155.5300 165.1300 
 64.8300  75.7100  86.9700 103.4300 114.2100 123.3900 132.6700 145.8500 155.5500 165.1500 
 64.8500  75.7300  86.9900 103.4500 114.2300 123.4100 132.6900 145.8700 155.5700 165.1700 
 64.8700  75.7500  87.0100 103.4700 114.2500 123.4300 132.7100 145.8900 155.5900 165.1900 
 64.8900  75.7700  87.0300 103.4900 114.2700 123.4500 132.7300 145.9100 155.6100 165.2100 
 64.9100  75.7900  87.0500 103.5100 114.2900 123.4700 132.7500 145.9300 155.6300 165.2300 
 64.9300  75.8100  87.0700 103.5300 114.3100 123.4900 132.7700 145.9500 155.6500 165.2500 
 64.9500  75.8300  87.0900 103.5500 114.3300 123.5100 132.7900 145.9700 155.6700 165.2700 
 64.9700  75.8500  87.1100 103.5700 114.3500 123.5300 132.8100 145.9900 155.6900 165.2900 
 64.9900  75.8700  87.1300 103.5900 114.3700 123.5500 132.8300 146.0100 155.7100 165.3100 
 65.0100  75.8900  87.1500 103.6100 114.3900 123.5700 132.8500 146.0300 155.7300 165.3300 
 65.0300  75.9100  87.1700 103.6300 114.4100 123.5900 132.8700 146.0500 155.7500 165.3500 
 65.0500  75.9300  87.1900 103.6500 114.4300 123.6100 132.8900 146.0700 155.7700 165.3700 
 65.0700  75.9500  87.2100 103.6700 114.4500 123.6300 132.9100 146.0900 155.7900 165.3900 
 65.0900  75.9700  87.2300 103.6900 114.4700 123.6500 132.9300 146.1100 155.8100 165.4100 
 65.1100  75.9900  87.2500 103.7100 114.4900 123.6700 132.9500 146.1300 155.8300 165.4300 
 65.1300  76.0100  87.2700 103.7300 114.5100 123.6900 132.9700 146.1500 155.8500 165.4500 
 65.1500  76.0300  87.2900 103.7500 114.5300 123.7100 132.9900 146.1700 155.8700 165.4700 
 65.1700  76.0500  87.3100 103.7700 114.5500 123.7300 133.0100 146.1900 155.8900 165.4900 
 65.1900  76.0700  87.3300 103.7900 114.5700 123.7500 133.0300 146.2100 155.9100 165.5100 
 65.2100  76.0900  87.3500 103.8100 114.5900 123.7700 133.0500 146.2300 155.9300 165.5300 
 65.2300  76.1100  87.3700 103.8300 114.6100 123.7900 133.0700 146.2500 155.9500 165.5500 
 65.2500  76.1300  87.3900 103.8500 114.6300 123.8100 133.0900 146.2700 155.9700 165.5700 
 65.2700  76.1500  87.4100 103.8700 114.6500 123.8300 133.1100 146.2900 155.9900 165.5900 
 65.2900  76.1700  87.4300 103.8900 114.6700 123.8500 133.1300 146.3100 156.0100 165.6100 
 65.3100  76.1900  87.4500 103.9100 114.6900 123.8700 133.1500 146.3300 156.0300 165.6300 
 65.3300  76.2100  87.4700 103.9300 114.7100 123.8900 133.1700 146.3500 156.0500 165.6500 
 65.3500  76.2300  87.4900 103.9500 114.7300 123.9100 133.1900 146.3700 156.0700 165.6700 
 65.3700  76.2500  87.5100 103.9700 114.7500 123.9300 133.2100 146.3900 156.0900 165.6900 
 65.3900  76.2700  87.5300 103.9900 114.7700 123.9500 133.2300 146.4100 156.1100 165.7100 
 65.4100  76.2900  87.5500 104.0100 114.7900 123.9700 133.2500 146.4300 156.1300 165.7300 
 65.4300  76.3100  87.5700 104.0300 114.8100 123.9900 133.2700 146.4500 156.1500 165.7500 
 65.4500  76.3300  87.5900 104.0500 114.8300 124.0100 133.2900 146.4700 156.1700 165.7700 
 65.4700  76.3500  87.6100 104.0700 114.8500 124.0300 133.3100 146.4900 156.1900 165.7900 
 65.4900  76.3700  87.6300 104.0900 114.8700 124.0500 133.3300 146.5100 156.2100 165.8100 
 65.5100  76.3900  87.6500 104.1100 114.8900 124.0700 133.3500 146.5300 156.2300 165.8300 
 65.5300  76.4100  87.6700 104.1300 114.9100 124.0900 133.3700 146.5500 156.2500 165.8500 
 65.5500  76.4300  87.6900 104.1500 114.9300 124.1100 133.3900 146.5700 156.2700 165.8700 
 65.5700  76.4500  87.7100 104.1700 114.9500 124.1300 133.4100 146.5900 156.2900 165.8900 
 65.5900  76.4700  87.7300 104.1900 114.9700 124.1500 133.4300 146.6100 156.3100 165.9100 
 65.6100  76.4900  87.7500 104.2100 114.9900 124.1700 133.4500 146.6300 156.3300 165.9300 
 65.6300  76.5100  87.7700 104.2300 115.0100 124.1900 133.4700 146.6500 156.3500 165.9500 
 65.6500  76.5300  87.7900 104.2500 115.0300 124.2100 133.4900 146.6700 156.3700 165.9700 
 65.6700  76.5500  87.8100 104.2700 115.0500 124.2300 133.5100 146.6900 156.3900 165.9900 
 65.6900  76.5700  87.8300 104.2900 115.0700 124.2500 133.5300 146.7100 156.4100 166.0100 
 65.7100  76.5900  87.8500 104.3100 115.0900 124.2700 133.5500 146.7300 156.4300 166.0300 
 65.7300  76.6100  87.8700 104.3300 115.1100 124.2900 133.5700 146.7500 156.4500 166.0500 
 65.7500  76.6300  87.8900 104.3500 115.1300 124.3100 133.5900 146.7700 156.4700 166.0700 
 65.7700  76.6500  87.9100 104.3700 115.1500 124.3300 133.6100 146.7900 156.4900 166.0900 
 65.7900  76.6700  87.9300 104.3900 115.1700 124.3500 133.6300 146.8100 156.5100 166.1100 
 65.8100  76.6900  87.9500 104.4100 115.1900 124.3700 133.6500 146.8300 156.5300 166.1300 
 65.8300  76.7100  87.9700 104.4300 115.2100 124.3900 133.6700 146.8500 156.5500 166.1500 
 65.8500  76.7300  87.9900 104.4500 115.2300 124.4100 133.6900 146.8700 156.5700 166.1700 
 65.8700  76.7500  88.0100 104.4700 115.2500 124.4300 133.7100 146.8900 156.5900 166.1900 
 65.8900  76.7700  88.0300 104.4900 115.2700 124.4500 133.7300 146.9100 156.6100 166.2100 
 65.9100  76.7900  88.0500 104.5100 115.2900 124.4700 133.7500 146.9300 156.6300 166.2300 
 65.9300  76.8100  88.0700 104.5300 115.3100 124.4900 133.7700 146.9500 156.6500 166.2500 
 65.9500  76.8300  88.0900 104.5500 115.3300 124.5100 133.7900 146.9700 156.6700 166.2700 
 65.9700  76.8500  88.1100 104.5700 115.3500 124.5300 133.8100 146.9900 156.6900 166.2900 
 65.9900  76.8700  88.1300 104.5900 115.3700 124.5500 133.8300 147.0100 156.7100 166.3100 
 66.0100  76.8900  88.1500 104.6100 115.3900 124.5700 133.8500 147.0300 156.7300 166.3300 
 66.0300  76.9100  88.1700 104.6300 115.4100 124.5900 133.8700 147.0500 156.7500 166.3500 
 66.0500  76.9300  88.1900 104.6500 115.4300 124.6100 133.8900 147.0700 156.7700 166.3700 
 66.0700  76.9500  88.2100 104.6700 115.4500 124.6300 133.9100 147.0900 156.7900 166.3900 
 66.0900  76.9700  88.2300 104.6900 115.4700 124.6500 133.9300 147.1100 156.8100 166.4100 
 66.1100  76.9900  88.2500 104.7100 115.4900 124.6700 133.9500 147.1300 156.8300 166.4300 
 66.1300  77.0100  88.2700 104.7300 115.5100 124.6900 133.9700 147.1500 156.8500 166.4500 
 66.1500  77.0300  88.2900 104.7500 115.5300 124.7100 133.9900 147.1700 156.8700 166.4700 
 66.1700  77.0500  88.3100 104.7700 115.5500 124.7300 134.0100 147.1900 156.8900 166.4900 
 66.1900  77.0700  88.3300 104.7900 115.5700 124.7500 134.0300 147.2100 156.9100 166.5100 
 66.2100  77.0900  88.3500 104.8100 115.5900 124.7700 134.0500 147.2300 156.9300 166.5300 
 66.2300  77.1100  88.3700 104.8300 115.6100 124.7900 134.0700 147.2500 156.9500 166.5500 
 66.2500  77.1300  88.3900 104.8500 115.6300 124.8100 134.0900 147.2700 156.9700 166.5700 
 66.2700  77.1500  88.4100 104.8700 115.6500 124.8300 134.1100 147.2900 156.9900 166.5900 
 66.2900  77.1700  88.4300 104.8900 115.6700 124.8500 134.1300 147.3100 157.0100 166.6100 
 66.3100  77.1900  88.4500 104.9100 115.6900 124.8700 134.1500 147.3300 157.0300 166.6300 
 66.3300  77.2100  88.4700 104.9300 115.7100 124.8900 134.1700 147.3500 157.0500 166.6500 
 66.3500  77.2300  88.4900 104.9500 115.7300 124.9100 134.1900 147.3700 157.0700 166.6700 
 66.3700  77.2500  88.5100 104.9700 115.7500 124.9300 134.2100 147.3900 157.0900 166.6900 
 66.3900  77.2700  88.5300 104.9900 115.7700 124.9500 134.2300 147.4100 157.1100 166.7100 
 66.4100  77.2900  88.5500 105.0100 115.7900 124.9700 134.2500 147.4300 157.1300 166.7300 
 66.4300  77.3100  88.5700 105.0300 115.8100 124.9900 134.2700 147.4500 157.1500 166.7500 
 66.4500  77.3300  88.5900 105.0500 115.8300 125.0100 134.2900 147.4700 157.1700 166.7700 
 66.4700  77.3500  88.6100 105.0700 115.8500 125.0300 134.3100 147.4900 157.1900 166.7900 
 66.4900  77.3700  88.6300 105.0900 115.8700 125.0500 134.3300 147.5100 157.2100 166.8100 
 66.5100  77.3900  88.6500 105.1100 115.8900 125.0700 134.3500 147.5300 157.2300 166.8300 
 66.5300  77.4100  88.6700 105.1300 115.9100 125.0900 134.3700 147.5500 157.2500 166.8500 
 66.5500  77.4300  88.6900 105.1500 115.9300 125.1100 134.3900 147.5700 157.2700 166.8700 
 66.5700  77.4500  88.7100 105.1700 115.9500 125.1300 134.4100 147.5900 157.2900 166.8900 
 66.5900  77.4700  88.7300 105.1900 115.9700 125.1500 134.4300 147.6100 157.3100 166.9100 
 66.6100  77.4900  88.7500 105.2100 115.9900 125.1700 134.4500 147.6300 157.3300 166.9300 
 66.6300  77.5100  88.7700 105.2300 116.0100 125.1900 134.4700 147.6500 157.3500 166.9500 
 66.6500  77.5300  88.7900 105.2500 116.0300 125.2100 134.4900 147.6700 157.3700 166.9700 
 66.6700  77.5500  88.8100 105.2700 116.0500 125.2300 134.5100 147.6900 157.3900 166.9900 
 66.6900  77.5700  88.8300 105.2900 116.0700 125.2500 134.5300 147.7100 157.4100 167.0100 
 66.7100  77.5900  88.8500 105.3100 116.0900 125.2700 134.5500 147.7300 157.4300 167.0300 
 66.7300  77.6100  88.8700 105.3300 116.1100 125.2900 134.5700 147.7500 157.4500 167.0500 
 66.7500  77.6300  88.8900 105.3500 116.1300 125.3100 134.5900 147.7700 157.4700 167.0700 
 66.7700  77.6500  88.9100 105.3700 116.1500 125.3300 134.6100 147.7900 157.4900 167.0900 
 66.7900  77.6700  88.9300 105.3900 116.1700 125.3500 134.6300 147.8100 157.5100 167.1100 
 66.8100  77.6900  88.9500 105.4100 116.1900 125.3700 134.6500 147.8300 157.5300 167.1300 
 66.8300  77.7100  88.9700 105.4300 116.2100 125.3900 134.6700 147.8500 157.5500 167.1500 
 66.8500  77.7300  88.9900 105.4500 116.2300 125.4100 134.6900 147.8700 157.5700 167.1700 
 66.8700  77.7500  89.0100 105.4700 116.2500 125.4300 134.7100 147.8900 157.5900 167.1900 
 66.8900  77.7700  89.0300 105.4900 116.2700 125.4500 134.7300 147.9100 157.6100 167.2100 
 66.9100  77.7900  89.0500 105.5100 116.2900 125.4700 134.7500 147.9300 157.6300 167.2300 
 66.9300  77.8100  89.0700 105.5300 116.3100 125.4900 134.7700 147.9500 157.6500 167.2500 
 66.9500  77.8300  89.0900 105.5500 116.3300 125.5100 134.7900 147.9700 157.6700 167.2700 
 66.9700  77.8500  89.1100 105.5700 116.3500 125.5300 134.8100 147.9900 157.6900 167.2900 
 66.9900  77.8700  89.1300 105.5900 116.3700 125.5500 134.8300 148.0100 157.7100 167.3100 
 67.0100  77.8900  89.1500 105.6100 116.3900 125.5700 134.8500 148.0300 157.7300 167.3300 
 67.0300  77.9100  89.1700 105.6300 116.4100 125.5900 134.8700 148.0500 157.7500 167.3500 
 67.0500  77.9300  89.1900 105.6500 116.4300 125.6100 134.8900 148.0700 157.7700 167.3700 
 67.0700  77.9500  89.2100 105.6700 116.4500 125.6300 134.9100 148.0900 157.7900 167.3900 
 67.0900  77.9700  89.2300 105.6900 116.4700 125.6500 134.9300 148.1100 157.8100 167.4100 
 67.1100  77.9900  89.2500 105.7100 116.4900 125.6700 134.9500 148.1300 157.8300 167.4300 
 67.1300  78.0100  89.2700 105.7300 116.5100 125.6900 134.9700 148.1500 157.8500 167.4500 
 67.1500  78.0300  89.2900 105.7500 116.5300 125.7100 134.9900 148.1700 157.8700 167.4700 
 67.1700  78.0500  89.3100 105.7700 116.5500 125.7300 135.0100 148.1900 157.8900 167.4900 
 67.1900  78.0700  89.3300 105.7900 116.5700 125.7500 135.0300 148.2100 157.9100 167.5100 
 67.2100  78.0900  89.3500 105.8100 116.5900 125.7700 135.0500 148.2300 157.9300 167.5300 
 67.2300  78.1100  89.3700 105.8300 116.6100 125.7900 135.0700 148.2500 157.9500 167.5500 
 67.2500  78.1300  89.3900 105.8500 116.6300 125.8100 135.0900 148.2700 157.9700 167.5700 
 67.2700  78.1500  89.4100 105.8700 116.6500 125.8300 135.1100 148.2900 157.9900 167.5900 
 67.2900  78.1700  89.4300 105.8900 116.6700 125.8500 135.1300 148.3100 158.0100 167.6100 
 67.3100  78.1900  89.4500 105.9100 116.6900 125.8700 135.1500 148.3300 158.0300 167.6300 
 67.3300  78.2100  89.4700 105.9300 116.7100 125.8900 135.1700 148.3500   0.0000 167.6500 
 67.3500  78.2300  89.4900 105.9500 116.7300 125.9100 135.1900 148.3700   0.0000 167.6700 
 67.3700  78.2500  89.5100 105.9700 116.7500 125.9300 135.2100 148.3900   0.0000 167.6900 
 67.3900  78.2700  89.5300 105.9900 116.7700 125.9500 135.2300 148.4100   0.0000 167.7100 
 67.4100  78.2900  89.5500 106.0100 116.7900 125.9700 135.2500 148.4300   0.0000 167.7300 
 67.4300  78.3100  89.5700 106.0300 116.8100 125.9900 135.2700 148.4500   0.0000 167.7500 
 67.4500  78.3300  89.5900 106.0500 116.8300 126.0100 135.2900 148.4700   0.0000 167.7700 
 67.4700  78.3500  89.6100 106.0700 116.8500 126.0300 135.3100 148.4900   0.0000 167.7900 
 67.4900  78.3700  89.6300 106.0900 116.8700 126.0500 135.3300 148.5100   0.0000 167.8100 
 67.5100  78.3900  89.6500 106.1100 116.8900 126.0700 135.3500 148.5300   0.0000 167.8300 
 67.5300  78.4100  89.6700 106.1300 116.9100 126.0900 135.3700 148.5500   0.0000 167.8500 
 67.5500  78.4300  89.6900 106.1500 116.9300 126.1100 135.3900 148.5700   0.0000 167.8700 
 67.5700  78.4500  89.7100 106.1700 116.9500 126.1300 135.4100   0.0000   0.0000 167.8900 
 67.5900  78.4700  89.7300 106.1900 116.9700 126.1500 135.4300   0.0000   0.0000 167.9100 
 67.6100  78.4900  89.7500 106.2100 116.9900 126.1700 135.4500   0.0000   0.0000 167.9300 
 67.6300  78.5100  89.7700 106.2300 117.0100 126.1900 135.4700   0.0000   0.0000 167.9500 
 67.6500  78.5300  89.7900 106.2500 117.0300 126.2100 135.4900   0.0000   0.0000 167.9700 
 67.6700  78.5500  89.8100 106.2700 117.0500 126.2300 135.5100   0.0000   0.0000 167.9900 
 67.6900  78.5700  89.8300 106.2900   0.0000 126.2500 135.5300   0.0000   0.0000 168.0100 
 67.7100  78.5900  89.8500 106.3100   0.0000 126.2700 135.5500   0.0000   0.0000 168.0300 
 67.7300  78.6100   0.0000 106.3300   0.0000 126.2900 135.5700   0.0000   0.0000 168.0500 
 67.7500  78.6300   0.0000 106.3500   0.0000 126.3100 135.5900   0.0000   0.0000 168.0700 
 67.7700  78.6500   0.0000 106.3700   0.0000 126.3300 135.6100   0.0000   0.0000 168.0900 
 67.7900  78.6700   0.0000 106.3900   0.0000 126.3500 135.6300   0.0000   0.0000 168.1100 
 67.8100  78.6900   0.0000 106.4100   0.0000 126.3700 135.6500   0.0000   0.0000 168.1300 
 67.8300  78.7100   0.0000 106.4300   0.0000 126.3900 135.6700   0.0000   0.0000 168.1500 
 67.8500  78.7300   0.0000 106.4500   0.0000 126.4100 135.6900   0.0000   0.0000 168.1700 
 67.8700  78.7500   0.0000 106.4700   0.0000 126.4300 135.7100   0.0000   0.0000 168.1900 
 67.8900  78.7700   0.0000 106.4900   0.0000 126.4500 135.7300   0.0000   0.0000 168.2100 
 67.9100  78.7900   0.0000 106.5100   0.0000 126.4700 135.7500   0.0000   0.0000 168.2300 
 67.9300  78.8100   0.0000 106.5300   0.0000 126.4900 135.7700   0.0000   0.0000 168.2500 
 67.9500  78.8300   0.0000 106.5500   0.0000 126.5100 135.7900   0.0000   0.0000 168.2700 
 67.9700  78.8500   0.0000 106.5700   0.0000 126.5300 135.8100   0.0000   0.0000 168.2900 
 67.9900  78.8700   0.0000 106.5900   0.0000 126.5500 135.8300   0.0000   0.0000 168.3100 
 68.0100  78.8900   0.0000 106.6100   0.0000 126.5700 135.8500   0.0000   0.0000 168.3300 
 68.0300  78.9100   0.0000 106.6300   0.0000 126.5900 135.8700   0.0000   0.0000 168.3500 
 68.0500  78.9300   0.0000 106.6500   0.0000 126.6100 135.8900   0.0000   0.0000 168.3700 
 68.0700  78.9500   0.0000   0.0000   0.0000 126.6300 135.9100   0.0000   0.0000 168.3900 
 68.0900  78.9700   0.0000   0.0000   0.0000 126.6500 135.9300   0.0000   0.0000 168.4100 
 68.1100  78.9900   0.0000   0.0000   0.0000 126.6700 135.9500   0.0000   0.0000 168.4300 
 68.1300  79.0100   0.0000   0.0000   0.0000 126.6900 135.9700   0.0000   0.0000 168.4500 
 68.1500  79.0300   0.0000   0.0000   0.0000 126.7100 135.9900   0.0000   0.0000 168.4700 
 68.1700  79.0500   0.0000   0.0000   0.0000 126.7300 136.0100   0.0000   0.0000 168.4900 
 68.1900  79.0700   0.0000   0.0000   0.0000 126.7500 136.0300   0.0000   0.0000 168.5100 
 68.2100  79.0900   0.0000   0.0000   0.0000 126.7700 136.0500   0.0000   0.0000 168.5300 
 68.2300  79.1100   0.0000   0.0000   0.0000 126.7900 136.0700   0.0000   0.0000 168.5500 
 68.2500  79.1300   0.0000   0.0000   0.0000 126.8100 136.0900   0.0000   0.0000 168.5700 
 68.2700  79.1500   0.0000   0.0000   0.0000 126.8300 136.1100   0.0000   0.0000 168.5900 
 68.2900   0.0000   0.0000   0.0000   0.0000 126.8500 136.1300   0.0000   0.0000 168.6100 
 68.3100   0.0000   0.0000   0.0000   0.0000 126.8700 136.1500   0.0000   0.0000 168.6300 
 68.3300   0.0000   0.0000   0.0000   0.0000   0.0000 136.1700   0.0000   0.0000 168.6500 
 68.3500   0.0000   0.0000   0.0000   0.0000   0.0000 136.1900   0.0000   0.0000 168.6700 
 68.3700   0.0000   0.0000   0.0000   0.0000   0.0000 136.2100   0.0000   0.0000 168.6900 
 68.3900   0.0000   0.0000   0.0000   0.0000   0.0000 136.2300   0.0000   0.0000 168.7100 
 68.4100   0.0000   0.0000   0.0000   0.0000   0.0000 136.2500   0.0000   0.0000 168.7300 
 68.4300   0.0000   0.0000   0.0000   0.0000   0.0000 136.2700   0.0000   0.0000 168.7500 
 68.4500   0.0000   0.0000   0.0000   0.0000   0.0000 136.2900   0.0000   0.0000 168.7700 
 68.4700   0.0000   0.0000   0.0000   0.0000   0.0000 136.3100   0.0000   0.0000 168.7900 
 68.4900   0.0000   0.0000   0.0000   0.0000   0.0000   0.0000   0.0000   0.0000 168.8100 
 68.5100   0.0000   0.0000   0.0000   0.0000   0.0000   0.0000   0.0000   0.0000 168.8300 
 68.5300   0.0000   0.0000   0.0000   0.0000   0.0000   0.0000   0.0000   0.0000 168.8500 
 68.5500   0.0000   0.0000   0.0000   0.0000   0.0000   0.0000   0.0000   0.0000 168.8700 
 68.5700   0.0000   0.0000   0.0000   0.0000   0.0000   0.0000   0.0000   0.0000 168.8900 
 68.5900   0.0000   0.0000   0.0000   0.0000   0.0000   0.0000   0.0000   0.0000 168.9100 
 68.6100   0.0000   0.0000   0.0000   0.0000   0.0000   0.0000   0.0000   0.0000 168.9300 
 68.6300   0.0000   0.0000   0.0000   0.0000   0.0000   0.0000   0.0000   0.0000 168.9500 
 68.6500   0.0000   0.0000   0.0000   0.0000   0.0000   0.0000   0.0000   0.0000 168.9700 
 68.6700   0.0000   0.0000   0.0000   0.0000   0.0000   0.0000   0.0000   0.0000 168.9900 
 68.6900   0.0000   0.0000   0.0000   0.0000   0.0000   0.0000   0.0000   0.0000 169.0100 
 68.7100   0.0000   0.0000   0.0000   0.0000   0.0000   0.0000   0.0000   0.0000 169.0300 
 68.7300   0.0000   0.0000   0.0000   0.0000   0.0000   0.0000   0.0000   0.0000 169.0500 
 68.7500   0.0000   0.0000   0.0000   0.0000   0.0000   0.0000   0.0000   0.0000 169.0700 
  0.0000   0.0000   0.0000   0.0000   0.0000   0.0000   0.0000   0.0000   0.0000 169.0900 
  0.0000   0.0000   0.0000   0.0000   0.0000   0.0000   0.0000   0.0000   0.0000 169.1100 
  0.0000   0.0000   0.0000   0.0000   0.0000   0.0000   0.0000   0.0000   0.0000 169.1300 
  0.0000   0.0000   0.0000   0.0000   0.0000   0.0000   0.0000   0.0000   0.0000 169.1500 
  0.0000   0.0000   0.0000   0.0000   0.0000   0.0000   0.0000   0.0000   0.0000 169.1700 
  0.0000   0.0000   0.0000   0.0000   0.0000   0.0000   0.0000   0.0000   0.0000 169.1900 
  0.0000   0.0000   0.0000   0.0000   0.0000   0.0000   0.0000   0.0000   0.0000 169.2100 
  0.0000   0.0000   0.0000   0.0000   0.0000   0.0000   0.0000   0.0000   0.0000   0.0000 
  0.0000   0.0000   0.0000   0.0000   0.0000   0.0000   0.0000   0.0000   0.0000   0.0000 
  0.0000   0.0000   0.0000   0.0000   0.0000   0.0000   0.0000   0.0000   0.0000   0.0000 
  0.0000   0.0000   0.0000   0.0000   0.0000   0.0000   0.0000   0.0000   0.0000   0.0000 
  0.0000   0.0000   0.0000   0.0000   0.0000   0.0000   0.0000   0.0000   0.0000   0.0000 
  0.0000   0.0000   0.0000   0.0000   0.0000   0.0000   0.0000   0.0000   0.0000   0.0000 
  0.0000   0.0000   0.0000   0.0000   0.0000   0.0000   0.0000   0.0000   0.0000   0.0000 
  0.0000   0.0000   0.0000   0.0000   0.0000   0.0000   0.0000   0.0000   0.0000   0.0000 
  0.0000   0.0000   0.0000   0.0000   0.0000   0.0000   0.0000   0.0000   0.0000   0.0000 
  0.0000   0.0000   0.0000   0.0000   0.0000   0.0000   0.0000   0.0000   0.0000   0.0000 
  0.0000   0.0000   0.0000   0.0000   0.0000   0.0000   0.0000   0.0000   0.0000   0.0000 
  0.0000   0.0000   0.0000   0.0000   0.0000   0.0000   0.0000   0.0000   0.0000   0.0000 
  0.0000   0.0000   0.0000   0.0000   0.0000   0.0000   0.0000   0.0000   0.0000   0.0000 
  0.0000   0.0000   0.0000   0.0000   0.0000   0.0000   0.0000   0.0000   0.0000   0.0000 
  0.0000   0.0000   0.0000   0.0000   0.0000   0.0000   0.0000   0.0000   0.0000   0.0000 
  0.0000   0.0000   0.0000   0.0000   0.0000   0.0000   0.0000   0.0000   0.0000   0.0000 
  0.0000   0.0000   0.0000   0.0000   0.0000   0.0000   0.0000   0.0000   0.0000   0.0000 
  0.0000   0.0000   0.0000   0.0000   0.0000   0.0000   0.0000   0.0000   0.0000   0.0000 
  0.0000   0.0000   0.0000   0.0000   0.0000   0.0000   0.0000   0.0000   0.0000   0.0000 
  0.0000   0.0000   0.0000   0.0000   0.0000   0.0000   0.0000   0.0000   0.0000   0.0000 
  0.0000   0.0000   0.0000   0.0000   0.0000   0.0000   0.0000   0.0000   0.0000   0.0000 
  0.0000   0.0000   0.0000   0.0000   0.0000   0.0000   0.0000   0.0000   0.0000   0.0000 
  0.0000   0.0000   0.0000   0.0000   0.0000   0.0000   0.0000   0.0000   0.0000   0.0000 
  0.0000   0.0000   0.0000   0.0000   0.0000   0.0000   0.0000   0.0000   0.0000   0.0000 
  0.0000   0.0000   0.0000   0.0000   0.0000   0.0000   0.0000   0.0000   0.0000   0.0000 
  0.0000   0.0000   0.0000   0.0000   0.0000   0.0000   0.0000   0.0000   0.0000   0.0000 
  0.0000   0.0000   0.0000   0.0000   0.0000   0.0000   0.0000   0.0000   0.0000   0.0000 
  0.0000   0.0000   0.0000   0.0000   0.0000   0.0000   0.0000   0.0000   0.0000   0.0000 
  0.0000   0.0000   0.0000   0.0000   0.0000   0.0000   0.0000   0.0000   0.0000   0.0000 
  0.0000   0.0000   0.0000   0.0000   0.0000   0.0000   0.0000   0.0000   0.0000   0.0000 
  0.0000   0.0000   0.0000   0.0000   0.0000   0.0000   0.0000   0.0000   0.0000   0.0000 
  0.0000   0.0000   0.0000   0.0000   0.0000   0.0000   0.0000   0.0000   0.0000   0.0000 
  0.0000   0.0000   0.0000   0.0000   0.0000   0.0000   0.0000   0.0000   0.0000   0.0000 
  0.0000   0.0000   0.0000   0.0000   0.0000   0.0000   0.0000   0.0000   0.0000   0.0000 
  0.0000   0.0000   0.0000   0.0000   0.0000   0.0000   0.0000   0.0000   0.0000   0.0000 
  0.0000   0.0000   0.0000   0.0000   0.0000   0.0000   0.0000   0.0000   0.0000   0.0000 
  0.0000   0.0000   0.0000   0.0000   0.0000   0.0000   0.0000   0.0000   0.0000   0.0000 
  0.0000   0.0000   0.0000   0.0000   0.0000   0.0000   0.0000   0.0000   0.0000   0.0000 
  0.0000   0.0000   0.0000   0.0000   0.0000   0.0000   0.0000   0.0000   0.0000   0.0000 
  0.0000   0.0000   0.0000   0.0000   0.0000   0.0000   0.0000   0.0000   0.0000   0.0000 
  0.0000   0.0000   0.0000   0.0000   0.0000   0.0000   0.0000   0.0000   0.0000   0.0000 
  0.0000   0.0000   0.0000   0.0000   0.0000   0.0000   0.0000   0.0000   0.0000   0.0000 
  0.0000   0.0000   0.0000   0.0000   0.0000   0.0000   0.0000   0.0000   0.0000   0.0000 
  0.0000   0.0000   0.0000   0.0000   0.0000   0.0000   0.0000   0.0000   0.0000   0.0000 
  0.0000   0.0000   0.0000   0.0000   0.0000   0.0000   0.0000   0.0000   0.0000   0.0000 
  0.0000   0.0000   0.0000   0.0000   0.0000   0.0000   0.0000   0.0000   0.0000   0.0000 
  0.0000   0.0000   0.0000   0.0000   0.0000   0.0000   0.0000   0.0000   0.0000   0.0000 
  0.0000   0.0000   0.0000   0.0000   0.0000   0.0000   0.0000   0.0000   0.0000   0.0000 
  0.0000   0.0000   0.0000   0.0000   0.0000   0.0000   0.0000   0.0000   0.0000   0.0000 
  0.0000   0.0000   0.0000   0.0000   0.0000   0.0000   0.0000   0.0000   0.0000   0.0000 
  0.0000   0.0000   0.0000   0.0000   0.0000   0.0000   0.0000   0.0000   0.0000   0.0000 
  0.0000   0.0000   0.0000   0.0000   0.0000   0.0000   0.0000   0.0000   0.0000   0.0000 
  0.0000   0.0000   0.0000   0.0000   0.0000   0.0000   0.0000   0.0000   0.0000   0.0000 
  0.0000   0.0000   0.0000   0.0000   0.0000   0.0000   0.0000   0.0000   0.0000   0.0000 
  0.0000   0.0000   0.0000   0.0000   0.0000   0.0000   0.0000   0.0000   0.0000   0.0000 
  0.0000   0.0000   0.0000   0.0000   0.0000   0.0000   0.0000   0.0000   0.0000   0.0000 
  0.0000   0.0000   0.0000   0.0000   0.0000   0.0000   0.0000   0.0000   0.0000   0.0000 
  0.0000   0.0000   0.0000   0.0000   0.0000   0.0000   0.0000   0.0000   0.0000   0.0000 
  0.0000   0.0000   0.0000   0.0000   0.0000   0.0000   0.0000   0.0000   0.0000   0.0000 
  0.0000   0.0000   0.0000   0.0000   0.0000   0.0000   0.0000   0.0000   0.0000   0.0000 
  0.0000   0.0000   0.0000   0.0000   0.0000   0.0000   0.0000   0.0000   0.0000   0.0000 
  0.0000   0.0000   0.0000   0.0000   0.0000   0.0000   0.0000   0.0000   0.0000   0.0000 
  0.0000   0.0000   0.0000   0.0000   0.0000   0.0000   0.0000   0.0000   0.0000   0.0000 
  0.0000   0.0000   0.0000   0.0000   0.0000   0.0000   0.0000   0.0000   0.0000   0.0000 
  0.0000   0.0000   0.0000   0.0000   0.0000   0.0000   0.0000   0.0000   0.0000   0.0000 
  0.0000   0.0000   0.0000   0.0000   0.0000   0.0000   0.0000   0.0000   0.0000   0.0000 
  0.0000   0.0000   0.0000   0.0000   0.0000   0.0000   0.0000   0.0000   0.0000   0.0000 
  0.0000   0.0000   0.0000   0.0000   0.0000   0.0000   0.0000   0.0000   0.0000   0.0000 
  0.0000   0.0000   0.0000   0.0000   0.0000   0.0000   0.0000   0.0000   0.0000   0.0000 
  0.0000   0.0000   0.0000   0.0000   0.0000   0.0000   0.0000   0.0000   0.0000   0.0000 
  0.0000   0.0000   0.0000   0.0000   0.0000   0.0000   0.0000   0.0000   0.0000   0.0000 
  0.0000   0.0000   0.0000   0.0000   0.0000   0.0000   0.0000   0.0000   0.0000   0.0000 
  0.0000   0.0000   0.0000   0.0000   0.0000   0.0000   0.0000   0.0000   0.0000   0.0000 
  0.0000   0.0000   0.0000   0.0000   0.0000   0.0000   0.0000   0.0000   0.0000   0.0000 
  0.0000   0.0000   0.0000   0.0000   0.0000   0.0000   0.0000   0.0000   0.0000   0.0000 
  0.0000   0.0000   0.0000   0.0000   0.0000   0.0000   0.0000   0.0000   0.0000   0.0000 
  0.0000   0.0000   0.0000   0.0000   0.0000   0.0000   0.0000   0.0000   0.0000   0.0000 
  0.0000   0.0000   0.0000   0.0000   0.0000   0.0000   0.0000   0.0000   0.0000   0.0000 
  0.0000   0.0000   0.0000   0.0000   0.0000   0.0000   0.0000   0.0000   0.0000   0.0000 
  0.0000   0.0000   0.0000   0.0000   0.0000   0.0000   0.0000   0.0000   0.0000   0.0000 
  0.0000   0.0000   0.0000   0.0000   0.0000   0.0000   0.0000   0.0000   0.0000   0.0000 
  0.0000   0.0000   0.0000   0.0000   0.0000   0.0000   0.0000   0.0000   0.0000   0.0000 
  0.0000   0.0000   0.0000   0.0000   0.0000   0.0000   0.0000   0.0000   0.0000   0.0000 
  0.0000   0.0000   0.0000   0.0000   0.0000   0.0000   0.0000   0.0000   0.0000   0.0000 
  0.0000   0.0000   0.0000   0.0000   0.0000   0.0000   0.0000   0.0000   0.0000   0.0000 
  0.0000   0.0000   0.0000   0.0000   0.0000   0.0000   0.0000   0.0000   0.0000   0.0000 
  0.0000   0.0000   0.0000   0.0000   0.0000   0.0000   0.0000   0.0000   0.0000   0.0000 
  0.0000   0.0000   0.0000   0.0000   0.0000   0.0000   0.0000   0.0000   0.0000   0.0000 
  0.0000   0.0000   0.0000   0.0000   0.0000   0.0000   0.0000   0.0000   0.0000   0.0000 
  0.0000   0.0000   0.0000   0.0000   0.0000   0.0000   0.0000   0.0000   0.0000   0.0000 
  0.0000   0.0000   0.0000   0.0000   0.0000   0.0000   0.0000   0.0000   0.0000   0.0000 
  0.0000   0.0000   0.0000   0.0000   0.0000   0.0000   0.0000   0.0000   0.0000   0.0000 
  0.0000   0.0000   0.0000   0.0000   0.0000   0.0000   0.0000   0.0000   0.0000   0.0000 
  0.0000   0.0000   0.0000   0.0000   0.0000   0.0000   0.0000   0.0000   0.0000   0.0000 
  0.0000   0.0000   0.0000   0.0000   0.0000   0.0000   0.0000   0.0000   0.0000   0.0000 
  0.0000   0.0000   0.0000   0.0000   0.0000   0.0000   0.0000   0.0000   0.0000   0.0000 
  0.0000   0.0000   0.0000   0.0000   0.0000   0.0000   0.0000   0.0000   0.0000   0.0000 
  0.0000   0.0000   0.0000   0.0000   0.0000   0.0000   0.0000   0.0000   0.0000   0.0000 
  0.0000   0.0000   0.0000   0.0000   0.0000   0.0000   0.0000   0.0000   0.0000   0.0000 
  0.0000   0.0000   0.0000   0.0000   0.0000   0.0000   0.0000   0.0000   0.0000   0.0000 
  0.0000   0.0000   0.0000   0.0000   0.0000   0.0000   0.0000   0.0000   0.0000   0.0000 
  0.0000   0.0000   0.0000   0.0000   0.0000   0.0000   0.0000   0.0000   0.0000   0.0000 
  0.0000   0.0000   0.0000   0.0000   0.0000   0.0000   0.0000   0.0000   0.0000   0.0000 
  0.0000   0.0000   0.0000   0.0000   0.0000   0.0000   0.0000   0.0000   0.0000   0.0000 
  0.0000   0.0000   0.0000   0.0000   0.0000   0.0000   0.0000   0.0000   0.0000   0.0000 
  0.0000   0.0000   0.0000   0.0000   0.0000   0.0000   0.0000   0.0000   0.0000   0.0000 
  0.0000   0.0000   0.0000   0.0000   0.0000   0.0000   0.0000   0.0000   0.0000   0.0000 
  0.0000   0.0000   0.0000   0.0000   0.0000   0.0000   0.0000   0.0000   0.0000   0.0000 
  0.0000   0.0000   0.0000   0.0000   0.0000   0.0000   0.0000   0.0000   0.0000   0.0000 
  0.0000   0.0000   0.0000   0.0000   0.0000   0.0000   0.0000   0.0000   0.0000   0.0000 
  0.0000   0.0000   0.0000   0.0000   0.0000   0.0000   0.0000   0.0000   0.0000   0.0000 
  0.0000   0.0000   0.0000   0.0000   0.0000   0.0000   0.0000   0.0000   0.0000   0.0000 
  0.0000   0.0000   0.0000   0.0000   0.0000   0.0000   0.0000   0.0000   0.0000   0.0000 
  0.0000   0.0000   0.0000   0.0000   0.0000   0.0000   0.0000   0.0000   0.0000   0.0000 
  0.0000   0.0000   0.0000   0.0000   0.0000   0.0000   0.0000   0.0000   0.0000   0.0000 
  0.0000   0.0000   0.0000   0.0000   0.0000   0.0000   0.0000   0.0000   0.0000   0.0000 
  0.0000   0.0000   0.0000   0.0000   0.0000   0.0000   0.0000   0.0000   0.0000   0.0000 
  0.0000   0.0000   0.0000   0.0000   0.0000   0.0000   0.0000   0.0000   0.0000   0.0000 
  0.0000   0.0000   0.0000   0.0000   0.0000   0.0000   0.0000   0.0000   0.0000   0.0000 
  0.0000   0.0000   0.0000   0.0000   0.0000   0.0000   0.0000   0.0000   0.0000   0.0000 
  0.0000   0.0000   0.0000   0.0000   0.0000   0.0000   0.0000   0.0000   0.0000   0.0000 
  0.0000   0.0000   0.0000   0.0000   0.0000   0.0000   0.0000   0.0000   0.0000   0.0000 
  0.0000   0.0000   0.0000   0.0000   0.0000   0.0000   0.0000   0.0000   0.0000   0.0000 
  0.0000   0.0000   0.0000   0.0000   0.0000   0.0000   0.0000   0.0000   0.0000   0.0000 
  0.0000   0.0000   0.0000   0.0000   0.0000   0.0000   0.0000   0.0000   0.0000   0.0000 
  0.0000   0.0000   0.0000   0.0000   0.0000   0.0000   0.0000   0.0000   0.0000   0.0000 
  0.0000   0.0000   0.0000   0.0000   0.0000   0.0000   0.0000   0.0000   0.0000   0.0000 
  0.0000   0.0000   0.0000   0.0000   0.0000   0.0000   0.0000   0.0000   0.0000   0.0000 
  0.0000   0.0000   0.0000   0.0000   0.0000   0.0000   0.0000   0.0000   0.0000   0.0000 
  0.0000   0.0000   0.0000   0.0000   0.0000   0.0000   0.0000   0.0000   0.0000   0.0000 
  0.0000   0.0000   0.0000   0.0000   0.0000   0.0000   0.0000   0.0000   0.0000   0.0000 
  0.0000   0.0000   0.0000   0.0000   0.0000   0.0000   0.0000   0.0000   0.0000   0.0000 
  0.0000   0.0000   0.0000   0.0000   0.0000   0.0000   0.0000   0.0000   0.0000   0.0000 
  0.0000   0.0000   0.0000   0.0000   0.0000   0.0000   0.0000   0.0000   0.0000   0.0000 
  0.0000   0.0000   0.0000   0.0000   0.0000   0.0000   0.0000   0.0000   0.0000   0.0000 
  0.0000   0.0000   0.0000   0.0000   0.0000   0.0000   0.0000   0.0000   0.0000   0.0000 
  0.0000   0.0000   0.0000   0.0000   0.0000   0.0000   0.0000   0.0000   0.0000   0.0000 
  0.0000   0.0000   0.0000   0.0000   0.0000   0.0000   0.0000   0.0000   0.0000   0.0000 
  0.0000   0.0000   0.0000   0.0000   0.0000   0.0000   0.0000   0.0000   0.0000   0.0000 
  0.0000   0.0000   0.0000   0.0000   0.0000   0.0000   0.0000   0.0000   0.0000   0.0000 
  0.0000   0.0000   0.0000   0.0000   0.0000   0.0000   0.0000   0.0000   0.0000   0.0000 
  0.0000   0.0000   0.0000   0.0000   0.0000   0.0000   0.0000   0.0000   0.0000   0.0000 
  0.0000   0.0000   0.0000   0.0000   0.0000   0.0000   0.0000   0.0000   0.0000   0.0000 
  0.0000   0.0000   0.0000   0.0000   0.0000   0.0000   0.0000   0.0000   0.0000   0.0000 
  0.0000   0.0000   0.0000   0.0000   0.0000   0.0000   0.0000   0.0000   0.0000   0.0000 
  0.0000   0.0000   0.0000   0.0000   0.0000   0.0000   0.0000   0.0000   0.0000   0.0000 
  0.0000   0.0000   0.0000   0.0000   0.0000   0.0000   0.0000   0.0000   0.0000   0.0000 
  0.0000   0.0000   0.0000   0.0000   0.0000   0.0000   0.0000   0.0000   0.0000   0.0000 
  0.0000   0.0000   0.0000   0.0000   0.0000   0.0000   0.0000   0.0000   0.0000   0.0000 
  0.0000   0.0000   0.0000   0.0000   0.0000   0.0000   0.0000   0.0000   0.0000   0.0000 
  0.0000   0.0000   0.0000   0.0000   0.0000   0.0000   0.0000   0.0000   0.0000   0.0000 
  0.0000   0.0000   0.0000   0.0000   0.0000   0.0000   0.0000   0.0000   0.0000   0.0000 
  0.0000   0.0000   0.0000   0.0000   0.0000   0.0000   0.0000   0.0000   0.0000   0.0000 
  0.0000   0.0000   0.0000   0.0000   0.0000   0.0000   0.0000   0.0000   0.0000   0.0000 
  0.0000   0.0000   0.0000   0.0000   0.0000   0.0000   0.0000   0.0000   0.0000   0.0000 
  0.0000   0.0000   0.0000   0.0000   0.0000   0.0000   0.0000   0.0000   0.0000   0.0000 
  0.0000   0.0000   0.0000   0.0000   0.0000   0.0000   0.0000   0.0000   0.0000   0.0000 
  0.0000   0.0000   0.0000   0.0000   0.0000   0.0000   0.0000   0.0000   0.0000   0.0000 
  0.0000   0.0000   0.0000   0.0000   0.0000   0.0000   0.0000   0.0000   0.0000   0.0000 
  0.0000   0.0000   0.0000   0.0000   0.0000   0.0000   0.0000   0.0000   0.0000   0.0000 
  0.0000   0.0000   0.0000   0.0000   0.0000   0.0000   0.0000   0.0000   0.0000   0.0000 
  0.0000   0.0000   0.0000   0.0000   0.0000   0.0000   0.0000   0.0000   0.0000   0.0000 
  0.0000   0.0000   0.0000   0.0000   0.0000   0.0000   0.0000   0.0000   0.0000   0.0000 
  0.0000   0.0000   0.0000   0.0000   0.0000   0.0000   0.0000   0.0000   0.0000   0.0000 
  0.0000   0.0000   0.0000   0.0000   0.0000   0.0000   0.0000   0.0000   0.0000   0.0000 
  0.0000   0.0000   0.0000   0.0000   0.0000   0.0000   0.0000   0.0000   0.0000   0.0000 
  0.0000   0.0000   0.0000   0.0000   0.0000   0.0000   0.0000   0.0000   0.0000   0.0000 
  0.0000   0.0000   0.0000   0.0000   0.0000   0.0000   0.0000   0.0000   0.0000   0.0000 
  0.0000   0.0000   0.0000   0.0000   0.0000   0.0000   0.0000   0.0000   0.0000   0.0000 
  0.0000   0.0000   0.0000   0.0000   0.0000   0.0000   0.0000   0.0000   0.0000   0.0000 
  0.0000   0.0000   0.0000   0.0000   0.0000   0.0000   0.0000   0.0000   0.0000   0.0000 
  0.0000   0.0000   0.0000   0.0000   0.0000   0.0000   0.0000   0.0000   0.0000   0.0000 
  0.0000   0.0000   0.0000   0.0000   0.0000   0.0000   0.0000   0.0000   0.0000   0.0000 
  0.0000   0.0000   0.0000   0.0000   0.0000   0.0000   0.0000   0.0000   0.0000   0.0000 
  0.0000   0.0000   0.0000   0.0000   0.0000   0.0000   0.0000   0.0000   0.0000   0.0000 
  0.0000   0.0000   0.0000   0.0000   0.0000   0.0000   0.0000   0.0000   0.0000   0.0000 
  0.0000   0.0000   0.0000   0.0000   0.0000   0.0000   0.0000   0.0000   0.0000   0.0000 
  0.0000   0.0000   0.0000   0.0000   0.0000   0.0000   0.0000   0.0000   0.0000   0.0000 
  0.0000   0.0000   0.0000   0.0000   0.0000   0.0000   0.0000   0.0000   0.0000   0.0000 
  0.0000   0.0000   0.0000   0.0000   0.0000   0.0000   0.0000   0.0000   0.0000   0.0000 
  0.0000   0.0000   0.0000   0.0000   0.0000   0.0000   0.0000   0.0000   0.0000   0.0000 
  0.0000   0.0000   0.0000   0.0000   0.0000   0.0000   0.0000   0.0000   0.0000   0.0000 
  0.0000   0.0000   0.0000   0.0000   0.0000   0.0000   0.0000   0.0000   0.0000   0.0000 
  0.0000   0.0000   0.0000   0.0000   0.0000   0.0000   0.0000   0.0000   0.0000   0.0000 
  0.0000   0.0000   0.0000   0.0000   0.0000   0.0000   0.0000   0.0000   0.0000   0.0000 
  0.0000   0.0000   0.0000   0.0000   0.0000   0.0000   0.0000   0.0000   0.0000   0.0000 
  0.0000   0.0000   0.0000   0.0000   0.0000   0.0000   0.0000   0.0000   0.0000   0.0000 
  0.0000   0.0000   0.0000   0.0000   0.0000   0.0000   0.0000   0.0000   0.0000   0.0000 
  0.0000   0.0000   0.0000   0.0000   0.0000   0.0000   0.0000   0.0000   0.0000   0.0000 
  0.0000   0.0000   0.0000   0.0000   0.0000   0.0000   0.0000   0.0000   0.0000   0.0000 
  0.0000   0.0000   0.0000   0.0000   0.0000   0.0000   0.0000   0.0000   0.0000   0.0000 
  0.0000   0.0000   0.0000   0.0000   0.0000   0.0000   0.0000   0.0000   0.0000   0.0000 
  0.0000   0.0000   0.0000   0.0000   0.0000   0.0000   0.0000   0.0000   0.0000   0.0000 
  0.0000   0.0000   0.0000   0.0000   0.0000   0.0000   0.0000   0.0000   0.0000   0.0000 
  0.0000   0.0000   0.0000   0.0000   0.0000   0.0000   0.0000   0.0000   0.0000   0.0000 
  0.0000   0.0000   0.0000   0.0000   0.0000   0.0000   0.0000   0.0000   0.0000   0.0000 
  0.0000   0.0000   0.0000   0.0000   0.0000   0.0000   0.0000   0.0000   0.0000   0.0000 
  0.0000   0.0000   0.0000   0.0000   0.0000   0.0000   0.0000   0.0000   0.0000   0.0000 
  0.0000   0.0000   0.0000   0.0000   0.0000   0.0000   0.0000   0.0000   0.0000   0.0000 
  0.0000   0.0000   0.0000   0.0000   0.0000   0.0000   0.0000   0.0000   0.0000   0.0000 
  0.0000   0.0000   0.0000   0.0000   0.0000   0.0000   0.0000   0.0000   0.0000   0.0000 
  0.0000   0.0000   0.0000   0.0000   0.0000   0.0000   0.0000   0.0000   0.0000   0.0000 
  0.0000   0.0000   0.0000   0.0000   0.0000   0.0000   0.0000   0.0000   0.0000   0.0000 
  0.0000   0.0000   0.0000   0.0000   0.0000   0.0000   0.0000   0.0000   0.0000   0.0000 
  0.0000   0.0000   0.0000   0.0000   0.0000   0.0000   0.0000   0.0000   0.0000   0.0000 
  0.0000   0.0000   0.0000   0.0000   0.0000   0.0000   0.0000   0.0000   0.0000   0.0000 
  0.0000   0.0000   0.0000   0.0000   0.0000   0.0000   0.0000   0.0000   0.0000   0.0000 
  0.0000   0.0000   0.0000   0.0000   0.0000   0.0000   0.0000   0.0000   0.0000   0.0000 
  0.0000   0.0000   0.0000   0.0000   0.0000   0.0000   0.0000   0.0000   0.0000   0.0000 
  0.0000   0.0000   0.0000   0.0000   0.0000   0.0000   0.0000   0.0000   0.0000   0.0000 
  0.0000   0.0000   0.0000   0.0000   0.0000   0.0000   0.0000   0.0000   0.0000   0.0000 
  0.0000   0.0000   0.0000   0.0000   0.0000   0.0000   0.0000   0.0000   0.0000   0.0000 
  0.0000   0.0000   0.0000   0.0000   0.0000   0.0000   0.0000   0.0000   0.0000   0.0000 
  0.0000   0.0000   0.0000   0.0000   0.0000   0.0000   0.0000   0.0000   0.0000   0.0000 
  0.0000   0.0000   0.0000   0.0000   0.0000   0.0000   0.0000   0.0000   0.0000   0.0000 
  0.0000   0.0000   0.0000   0.0000   0.0000   0.0000   0.0000   0.0000   0.0000   0.0000 
  0.0000   0.0000   0.0000   0.0000   0.0000   0.0000   0.0000   0.0000   0.0000   0.0000 
  0.0000   0.0000   0.0000   0.0000   0.0000   0.0000   0.0000   0.0000   0.0000   0.0000 
  0.0000   0.0000   0.0000   0.0000   0.0000   0.0000   0.0000   0.0000   0.0000   0.0000 
  0.0000   0.0000   0.0000   0.0000   0.0000   0.0000   0.0000   0.0000   0.0000   0.0000 
  0.0000   0.0000   0.0000   0.0000   0.0000   0.0000   0.0000   0.0000   0.0000   0.0000 
  0.0000   0.0000   0.0000   0.0000   0.0000   0.0000   0.0000   0.0000   0.0000   0.0000 
  0.0000   0.0000   0.0000   0.0000   0.0000   0.0000   0.0000   0.0000   0.0000   0.0000 
  0.0000   0.0000   0.0000   0.0000   0.0000   0.0000   0.0000   0.0000   0.0000   0.0000 
  0.0000   0.0000   0.0000   0.0000   0.0000   0.0000   0.0000   0.0000   0.0000   0.0000 
  0.0000   0.0000   0.0000   0.0000   0.0000   0.0000   0.0000   0.0000   0.0000   0.0000 
  0.0000   0.0000   0.0000   0.0000   0.0000   0.0000   0.0000   0.0000   0.0000   0.0000 
  0.0000   0.0000   0.0000   0.0000   0.0000   0.0000   0.0000   0.0000   0.0000   0.0000 
  0.0000   0.0000   0.0000   0.0000   0.0000   0.0000   0.0000   0.0000   0.0000   0.0000 
  0.0000   0.0000   0.0000   0.0000   0.0000   0.0000   0.0000   0.0000   0.0000   0.0000 
  0.0000   0.0000   0.0000   0.0000   0.0000   0.0000   0.0000   0.0000   0.0000   0.0000 
  0.0000   0.0000   0.0000   0.0000   0.0000   0.0000   0.0000   0.0000   0.0000   0.0000 
  0.0000   0.0000   0.0000   0.0000   0.0000   0.0000   0.0000   0.0000   0.0000   0.0000 
  0.0000   0.0000   0.0000   0.0000   0.0000   0.0000   0.0000   0.0000   0.0000   0.0000 
  0.0000   0.0000   0.0000   0.0000   0.0000   0.0000   0.0000   0.0000   0.0000   0.0000 
  0.0000   0.0000   0.0000   0.0000   0.0000   0.0000   0.0000   0.0000   0.0000   0.0000 
  0.0000   0.0000   0.0000   0.0000   0.0000   0.0000   0.0000   0.0000   0.0000   0.0000 
  0.0000   0.0000   0.0000   0.0000   0.0000   0.0000   0.0000   0.0000   0.0000   0.0000 
  0.0000   0.0000   0.0000   0.0000   0.0000   0.0000   0.0000   0.0000   0.0000   0.0000 
  0.0000   0.0000   0.0000   0.0000   0.0000   0.0000   0.0000   0.0000   0.0000   0.0000 
  0.0000   0.0000   0.0000   0.0000   0.0000   0.0000   0.0000   0.0000   0.0000   0.0000 
  0.0000   0.0000   0.0000   0.0000   0.0000   0.0000   0.0000   0.0000   0.0000   0.0000 
  0.0000   0.0000   0.0000   0.0000   0.0000   0.0000   0.0000   0.0000   0.0000   0.0000 
  0.0000   0.0000   0.0000   0.0000   0.0000   0.0000   0.0000   0.0000   0.0000   0.0000 
  0.0000   0.0000   0.0000   0.0000   0.0000   0.0000   0.0000   0.0000   0.0000   0.0000 
  0.0000   0.0000   0.0000   0.0000   0.0000   0.0000   0.0000   0.0000   0.0000   0.0000 
  0.0000   0.0000   0.0000   0.0000   0.0000   0.0000   0.0000   0.0000   0.0000   0.0000 
  0.0000   0.0000   0.0000   0.0000   0.0000   0.0000   0.0000   0.0000   0.0000   0.0000 
  0.0000   0.0000   0.0000   0.0000   0.0000   0.0000   0.0000   0.0000   0.0000   0.0000 
  0.0000   0.0000   0.0000   0.0000   0.0000   0.0000   0.0000   0.0000   0.0000   0.0000 
  0.0000   0.0000   0.0000   0.0000   0.0000   0.0000   0.0000   0.0000   0.0000   0.0000 
  0.0000   0.0000   0.0000   0.0000   0.0000   0.0000   0.0000   0.0000   0.0000   0.0000 
  0.0000   0.0000   0.0000   0.0000   0.0000   0.0000   0.0000   0.0000   0.0000   0.0000 
  0.0000   0.0000   0.0000   0.0000   0.0000   0.0000   0.0000   0.0000   0.0000   0.0000 
  0.0000   0.0000   0.0000   0.0000   0.0000   0.0000   0.0000   0.0000   0.0000   0.0000 
  0.0000   0.0000   0.0000   0.0000   0.0000   0.0000   0.0000   0.0000   0.0000   0.0000 
  0.0000   0.0000   0.0000   0.0000   0.0000   0.0000   0.0000   0.0000   0.0000   0.0000 
  0.0000   0.0000   0.0000   0.0000   0.0000   0.0000   0.0000   0.0000   0.0000   0.0000 
  0.0000   0.0000   0.0000   0.0000   0.0000   0.0000   0.0000   0.0000   0.0000   0.0000 
  0.0000   0.0000   0.0000   0.0000   0.0000   0.0000   0.0000   0.0000   0.0000   0.0000 
  0.0000   0.0000   0.0000   0.0000   0.0000   0.0000   0.0000   0.0000   0.0000   0.0000 
  0.0000   0.0000   0.0000   0.0000   0.0000   0.0000   0.0000   0.0000   0.0000   0.0000 
  0.0000   0.0000   0.0000   0.0000   0.0000   0.0000   0.0000   0.0000   0.0000   0.0000 
  0.0000   0.0000   0.0000   0.0000   0.0000   0.0000   0.0000   0.0000   0.0000   0.0000 
  0.0000   0.0000   0.0000   0.0000   0.0000   0.0000   0.0000   0.0000   0.0000   0.0000 
  0.0000   0.0000   0.0000   0.0000   0.0000   0.0000   0.0000   0.0000   0.0000   0.0000 
  0.0000   0.0000   0.0000   0.0000   0.0000   0.0000   0.0000   0.0000   0.0000   0.0000 
  0.0000   0.0000   0.0000   0.0000   0.0000   0.0000   0.0000   0.0000   0.0000   0.0000 
  0.0000   0.0000   0.0000   0.0000   0.0000   0.0000   0.0000   0.0000   0.0000   0.0000 
  0.0000   0.0000   0.0000   0.0000   0.0000   0.0000   0.0000   0.0000   0.0000   0.0000 
  0.0000   0.0000   0.0000   0.0000   0.0000   0.0000   0.0000   0.0000   0.0000   0.0000 
  0.0000   0.0000   0.0000   0.0000   0.0000   0.0000   0.0000   0.0000   0.0000   0.0000 
  0.0000   0.0000   0.0000   0.0000   0.0000   0.0000   0.0000   0.0000   0.0000   0.0000 
  0.0000   0.0000   0.0000   0.0000   0.0000   0.0000   0.0000   0.0000   0.0000   0.0000 
  0.0000   0.0000   0.0000   0.0000   0.0000   0.0000   0.0000   0.0000   0.0000   0.0000 
  0.0000   0.0000   0.0000   0.0000   0.0000   0.0000   0.0000   0.0000   0.0000   0.0000 
  0.0000   0.0000   0.0000   0.0000   0.0000   0.0000   0.0000   0.0000   0.0000   0.0000 
  0.0000   0.0000   0.0000   0.0000   0.0000   0.0000   0.0000   0.0000   0.0000   0.0000 
  0.0000   0.0000   0.0000   0.0000   0.0000   0.0000   0.0000   0.0000   0.0000   0.0000 
  0.0000   0.0000   0.0000   0.0000   0.0000   0.0000   0.0000   0.0000   0.0000   0.0000 
  0.0000   0.0000   0.0000   0.0000   0.0000   0.0000   0.0000   0.0000   0.0000   0.0000 
  0.0000   0.0000   0.0000   0.0000   0.0000   0.0000   0.0000   0.0000   0.0000   0.0000 
  0.0000   0.0000   0.0000   0.0000   0.0000   0.0000   0.0000   0.0000   0.0000   0.0000 
  0.0000   0.0000   0.0000   0.0000   0.0000   0.0000   0.0000   0.0000   0.0000   0.0000 
  0.0000   0.0000   0.0000   0.0000   0.0000   0.0000   0.0000   0.0000   0.0000   0.0000 
  0.0000   0.0000   0.0000   0.0000   0.0000   0.0000   0.0000   0.0000   0.0000   0.0000 
  0.0000   0.0000   0.0000   0.0000   0.0000   0.0000   0.0000   0.0000   0.0000   0.0000 
  0.0000   0.0000   0.0000   0.0000   0.0000   0.0000   0.0000   0.0000   0.0000   0.0000 
  0.0000   0.0000   0.0000   0.0000   0.0000   0.0000   0.0000   0.0000   0.0000   0.0000 
  0.0000   0.0000   0.0000   0.0000   0.0000   0.0000   0.0000   0.0000   0.0000   0.0000 
  0.0000   0.0000   0.0000   0.0000   0.0000   0.0000   0.0000   0.0000   0.0000   0.0000 
  0.0000   0.0000   0.0000   0.0000   0.0000   0.0000   0.0000   0.0000   0.0000   0.0000 
  0.0000   0.0000   0.0000   0.0000   0.0000   0.0000   0.0000   0.0000   0.0000   0.0000 
  0.0000   0.0000   0.0000   0.0000   0.0000   0.0000   0.0000   0.0000   0.0000   0.0000 
  0.0000   0.0000   0.0000   0.0000   0.0000   0.0000   0.0000   0.0000   0.0000   0.0000 
  0.0000   0.0000   0.0000   0.0000   0.0000   0.0000   0.0000   0.0000   0.0000   0.0000 
  0.0000   0.0000   0.0000   0.0000   0.0000   0.0000   0.0000   0.0000   0.0000   0.0000 
  0.0000   0.0000   0.0000   0.0000   0.0000   0.0000   0.0000   0.0000   0.0000   0.0000 
  0.0000   0.0000   0.0000   0.0000   0.0000   0.0000   0.0000   0.0000   0.0000   0.0000 
  0.0000   0.0000   0.0000   0.0000   0.0000   0.0000   0.0000   0.0000   0.0000   0.0000 
  0.0000   0.0000   0.0000   0.0000   0.0000   0.0000   0.0000   0.0000   0.0000   0.0000 
  0.0000   0.0000   0.0000   0.0000   0.0000   0.0000   0.0000   0.0000   0.0000   0.0000 
  0.0000   0.0000   0.0000   0.0000   0.0000   0.0000   0.0000   0.0000   0.0000   0.0000 
  0.0000   0.0000   0.0000   0.0000   0.0000   0.0000   0.0000   0.0000   0.0000   0.0000 
  0.0000   0.0000   0.0000   0.0000   0.0000   0.0000   0.0000   0.0000   0.0000   0.0000 
  0.0000   0.0000   0.0000   0.0000   0.0000   0.0000   0.0000   0.0000   0.0000   0.0000 
  0.0000   0.0000   0.0000   0.0000   0.0000   0.0000   0.0000   0.0000   0.0000   0.0000 
  0.0000   0.0000   0.0000   0.0000   0.0000   0.0000   0.0000   0.0000   0.0000   0.0000 
  0.0000   0.0000   0.0000   0.0000   0.0000   0.0000   0.0000   0.0000   0.0000   0.0000 
  0.0000   0.0000   0.0000   0.0000   0.0000   0.0000   0.0000   0.0000   0.0000   0.0000 
  0.0000   0.0000   0.0000   0.0000   0.0000   0.0000   0.0000   0.0000   0.0000   0.0000 
  0.0000   0.0000   0.0000   0.0000   0.0000   0.0000   0.0000   0.0000   0.0000   0.0000 
  0.0000   0.0000   0.0000   0.0000   0.0000   0.0000   0.0000   0.0000   0.0000   0.0000 
  0.0000   0.0000   0.0000   0.0000   0.0000   0.0000   0.0000   0.0000   0.0000   0.0000 
  0.0000   0.0000   0.0000   0.0000   0.0000   0.0000   0.0000   0.0000   0.0000   0.0000 
  0.0000   0.0000   0.0000   0.0000   0.0000   0.0000   0.0000   0.0000   0.0000   0.0000 
  0.0000   0.0000   0.0000   0.0000   0.0000   0.0000   0.0000   0.0000   0.0000   0.0000 
  0.0000   0.0000   0.0000   0.0000   0.0000   0.0000   0.0000   0.0000   0.0000   0.0000 
  0.0000   0.0000   0.0000   0.0000   0.0000   0.0000   0.0000   0.0000   0.0000   0.0000 
  0.0000   0.0000   0.0000   0.0000   0.0000   0.0000   0.0000   0.0000   0.0000   0.0000 
  0.0000   0.0000   0.0000   0.0000   0.0000   0.0000   0.0000   0.0000   0.0000   0.0000 
  0.0000   0.0000   0.0000   0.0000   0.0000   0.0000   0.0000   0.0000   0.0000   0.0000 
  0.0000   0.0000   0.0000   0.0000   0.0000   0.0000   0.0000   0.0000   0.0000   0.0000 
  0.0000   0.0000   0.0000   0.0000   0.0000   0.0000   0.0000   0.0000   0.0000   0.0000 
  0.0000   0.0000   0.0000   0.0000   0.0000   0.0000   0.0000   0.0000   0.0000   0.0000 
  0.0000   0.0000   0.0000   0.0000   0.0000   0.0000   0.0000   0.0000   0.0000   0.0000 
  0.0000   0.0000   0.0000   0.0000   0.0000   0.0000   0.0000   0.0000   0.0000   0.0000 
  0.0000   0.0000   0.0000   0.0000   0.0000   0.0000   0.0000   0.0000   0.0000   0.0000 
  0.0000   0.0000   0.0000   0.0000   0.0000   0.0000   0.0000   0.0000   0.0000   0.0000 
  0.0000   0.0000   0.0000   0.0000   0.0000   0.0000   0.0000   0.0000   0.0000   0.0000 
  0.0000   0.0000   0.0000   0.0000   0.0000   0.0000   0.0000   0.0000   0.0000   0.0000 
  0.0000   0.0000   0.0000   0.0000   0.0000   0.0000   0.0000   0.0000   0.0000   0.0000 
  0.0000   0.0000   0.0000   0.0000   0.0000   0.0000   0.0000   0.0000   0.0000   0.0000 
  0.0000   0.0000   0.0000   0.0000   0.0000   0.0000   0.0000   0.0000   0.0000   0.0000 
  0.0000   0.0000   0.0000   0.0000   0.0000   0.0000   0.0000   0.0000   0.0000   0.0000 
  0.0000   0.0000   0.0000   0.0000   0.0000   0.0000   0.0000   0.0000   0.0000   0.0000 
  0.0000   0.0000   0.0000   0.0000   0.0000   0.0000   0.0000   0.0000   0.0000   0.0000 
  0.0000   0.0000   0.0000   0.0000   0.0000   0.0000   0.0000   0.0000   0.0000   0.0000 
  0.0000   0.0000   0.0000   0.0000   0.0000   0.0000   0.0000   0.0000   0.0000   0.0000 
  0.0000   0.0000   0.0000   0.0000   0.0000   0.0000   0.0000   0.0000   0.0000   0.0000 
  0.0000   0.0000   0.0000   0.0000   0.0000   0.0000   0.0000   0.0000   0.0000   0.0000 
  0.0000   0.0000   0.0000   0.0000   0.0000   0.0000   0.0000   0.0000   0.0000   0.0000 
  0.0000   0.0000   0.0000   0.0000   0.0000   0.0000   0.0000   0.0000   0.0000   0.0000 
  0.0000   0.0000   0.0000   0.0000   0.0000   0.0000   0.0000   0.0000   0.0000   0.0000 
  0.0000   0.0000   0.0000   0.0000   0.0000   0.0000   0.0000   0.0000   0.0000   0.0000 
  0.0000   0.0000   0.0000   0.0000   0.0000   0.0000   0.0000   0.0000   0.0000   0.0000 
  0.0000   0.0000   0.0000   0.0000   0.0000   0.0000   0.0000   0.0000   0.0000   0.0000 
  0.0000   0.0000   0.0000   0.0000   0.0000   0.0000   0.0000   0.0000   0.0000   0.0000 
  0.0000   0.0000   0.0000   0.0000   0.0000   0.0000   0.0000   0.0000   0.0000   0.0000 
  0.0000   0.0000   0.0000   0.0000   0.0000   0.0000   0.0000   0.0000   0.0000   0.0000 
  0.0000   0.0000   0.0000   0.0000   0.0000   0.0000   0.0000   0.0000   0.0000   0.0000 
  0.0000   0.0000   0.0000   0.0000   0.0000   0.0000   0.0000   0.0000   0.0000   0.0000 
  0.0000   0.0000   0.0000   0.0000   0.0000   0.0000   0.0000   0.0000   0.0000   0.0000 
  0.0000   0.0000   0.0000   0.0000   0.0000   0.0000   0.0000   0.0000   0.0000   0.0000 
  0.0000   0.0000   0.0000   0.0000   0.0000   0.0000   0.0000   0.0000   0.0000   0.0000 
  0.0000   0.0000   0.0000   0.0000   0.0000   0.0000   0.0000   0.0000   0.0000   0.0000 
  0.0000   0.0000   0.0000   0.0000   0.0000   0.0000   0.0000   0.0000   0.0000   0.0000 
  0.0000   0.0000   0.0000   0.0000   0.0000   0.0000   0.0000   0.0000   0.0000   0.0000 
  0.0000   0.0000   0.0000   0.0000   0.0000   0.0000   0.0000   0.0000   0.0000   0.0000 
  0.0000   0.0000   0.0000   0.0000   0.0000   0.0000   0.0000   0.0000   0.0000   0.0000 
  0.0000   0.0000   0.0000   0.0000   0.0000   0.0000   0.0000   0.0000   0.0000   0.0000 
  0.0000   0.0000   0.0000   0.0000   0.0000   0.0000   0.0000   0.0000   0.0000   0.0000 
  0.0000   0.0000   0.0000   0.0000   0.0000   0.0000   0.0000   0.0000   0.0000   0.0000 
  0.0000   0.0000   0.0000   0.0000   0.0000   0.0000   0.0000   0.0000   0.0000   0.0000 
  0.0000   0.0000   0.0000   0.0000   0.0000   0.0000   0.0000   0.0000   0.0000   0.0000 
  0.0000   0.0000   0.0000   0.0000   0.0000   0.0000   0.0000   0.0000   0.0000   0.0000 
  0.0000   0.0000   0.0000   0.0000   0.0000   0.0000   0.0000   0.0000   0.0000   0.0000 
  0.0000   0.0000   0.0000   0.0000   0.0000   0.0000   0.0000   0.0000   0.0000   0.0000 
  0.0000   0.0000   0.0000   0.0000   0.0000   0.0000   0.0000   0.0000   0.0000   0.0000 
  0.0000   0.0000   0.0000   0.0000   0.0000   0.0000   0.0000   0.0000   0.0000   0.0000 
  0.0000   0.0000   0.0000   0.0000   0.0000   0.0000   0.0000   0.0000   0.0000   0.0000 
  0.0000   0.0000   0.0000   0.0000   0.0000   0.0000   0.0000   0.0000   0.0000   0.0000 
  0.0000   0.0000   0.0000   0.0000   0.0000   0.0000   0.0000   0.0000   0.0000   0.0000 
  0.0000   0.0000   0.0000   0.0000   0.0000   0.0000   0.0000   0.0000   0.0000   0.0000 
  0.0000   0.0000   0.0000   0.0000   0.0000   0.0000   0.0000   0.0000   0.0000   0.0000 
  0.0000   0.0000   0.0000   0.0000   0.0000   0.0000   0.0000   0.0000   0.0000   0.0000 
  0.0000   0.0000   0.0000   0.0000   0.0000   0.0000   0.0000   0.0000   0.0000   0.0000 
  0.0000   0.0000   0.0000   0.0000   0.0000   0.0000   0.0000   0.0000   0.0000   0.0000 
  0.0000   0.0000   0.0000   0.0000   0.0000   0.0000   0.0000   0.0000   0.0000   0.0000 
  0.0000   0.0000   0.0000   0.0000   0.0000   0.0000   0.0000   0.0000   0.0000   0.0000 
  0.0000   0.0000   0.0000   0.0000   0.0000   0.0000   0.0000   0.0000   0.0000   0.0000 
  0.0000   0.0000   0.0000   0.0000   0.0000   0.0000   0.0000   0.0000   0.0000   0.0000 
  0.0000   0.0000   0.0000   0.0000   0.0000   0.0000   0.0000   0.0000   0.0000   0.0000 
  0.0000   0.0000   0.0000   0.0000   0.0000   0.0000   0.0000   0.0000   0.0000   0.0000 
  0.0000   0.0000   0.0000   0.0000   0.0000   0.0000   0.0000   0.0000   0.0000   0.0000 
  0.0000   0.0000   0.0000   0.0000   0.0000   0.0000   0.0000   0.0000   0.0000   0.0000 
  0.0000   0.0000   0.0000   0.0000   0.0000   0.0000   0.0000   0.0000   0.0000   0.0000 
  0.0000   0.0000   0.0000   0.0000   0.0000   0.0000   0.0000   0.0000   0.0000   0.0000 
  0.0000   0.0000   0.0000   0.0000   0.0000   0.0000   0.0000   0.0000   0.0000   0.0000 
  0.0000   0.0000   0.0000   0.0000   0.0000   0.0000   0.0000   0.0000   0.0000   0.0000 
  0.0000   0.0000   0.0000   0.0000   0.0000   0.0000   0.0000   0.0000   0.0000   0.0000 
  0.0000   0.0000   0.0000   0.0000   0.0000   0.0000   0.0000   0.0000   0.0000   0.0000 
  0.0000   0.0000   0.0000   0.0000   0.0000   0.0000   0.0000   0.0000   0.0000   0.0000 
  0.0000   0.0000   0.0000   0.0000   0.0000   0.0000   0.0000   0.0000   0.0000   0.0000 
  0.0000   0.0000   0.0000   0.0000   0.0000   0.0000   0.0000   0.0000   0.0000   0.0000 
  0.0000   0.0000   0.0000   0.0000   0.0000   0.0000   0.0000   0.0000   0.0000   0.0000 
  0.0000   0.0000   0.0000   0.0000   0.0000   0.0000   0.0000   0.0000   0.0000   0.0000 
  0.0000   0.0000   0.0000   0.0000   0.0000   0.0000   0.0000   0.0000   0.0000   0.0000 
  0.0000   0.0000   0.0000   0.0000   0.0000   0.0000   0.0000   0.0000   0.0000   0.0000 
  0.0000   0.0000   0.0000   0.0000   0.0000   0.0000   0.0000   0.0000   0.0000   0.0000 
  0.0000   0.0000   0.0000   0.0000   0.0000   0.0000   0.0000   0.0000   0.0000   0.0000 
  0.0000   0.0000   0.0000   0.0000   0.0000   0.0000   0.0000   0.0000   0.0000   0.0000 
  0.0000   0.0000   0.0000   0.0000   0.0000   0.0000   0.0000   0.0000   0.0000   0.0000 
  0.0000   0.0000   0.0000   0.0000   0.0000   0.0000   0.0000   0.0000   0.0000   0.0000 
  0.0000   0.0000   0.0000   0.0000   0.0000   0.0000   0.0000   0.0000   0.0000   0.0000 
  0.0000   0.0000   0.0000   0.0000   0.0000   0.0000   0.0000   0.0000   0.0000   0.0000 
  0.0000   0.0000   0.0000   0.0000   0.0000   0.0000   0.0000   0.0000   0.0000   0.0000 
  0.0000   0.0000   0.0000   0.0000   0.0000   0.0000   0.0000   0.0000   0.0000   0.0000 
  0.0000   0.0000   0.0000   0.0000   0.0000   0.0000   0.0000   0.0000   0.0000   0.0000 
  0.0000   0.0000   0.0000   0.0000   0.0000   0.0000   0.0000   0.0000   0.0000   0.0000 
  0.0000   0.0000   0.0000   0.0000   0.0000   0.0000   0.0000   0.0000   0.0000   0.0000 
  0.0000   0.0000   0.0000   0.0000   0.0000   0.0000   0.0000   0.0000   0.0000   0.0000 
  0.0000   0.0000   0.0000   0.0000   0.0000   0.0000   0.0000   0.0000   0.0000   0.0000 
  0.0000   0.0000   0.0000   0.0000   0.0000   0.0000   0.0000   0.0000   0.0000   0.0000 
  0.0000   0.0000   0.0000   0.0000   0.0000   0.0000   0.0000   0.0000   0.0000   0.0000 
  0.0000   0.0000   0.0000   0.0000   0.0000   0.0000   0.0000   0.0000   0.0000   0.0000 
  0.0000   0.0000   0.0000   0.0000   0.0000   0.0000   0.0000   0.0000   0.0000   0.0000 
  0.0000   0.0000   0.0000   0.0000   0.0000   0.0000   0.0000   0.0000   0.0000   0.0000 
  0.0000   0.0000   0.0000   0.0000   0.0000   0.0000   0.0000   0.0000   0.0000   0.0000 
  0.0000   0.0000   0.0000   0.0000   0.0000   0.0000   0.0000   0.0000   0.0000   0.0000 
  0.0000   0.0000   0.0000   0.0000   0.0000   0.0000   0.0000   0.0000   0.0000   0.0000 
  0.0000   0.0000   0.0000   0.0000   0.0000   0.0000   0.0000   0.0000   0.0000   0.0000 
  0.0000   0.0000   0.0000   0.0000   0.0000   0.0000   0.0000   0.0000   0.0000   0.0000 
  0.0000   0.0000   0.0000   0.0000   0.0000   0.0000   0.0000   0.0000   0.0000   0.0000 
  0.0000   0.0000   0.0000   0.0000   0.0000   0.0000   0.0000   0.0000   0.0000   0.0000 
  0.0000   0.0000   0.0000   0.0000   0.0000   0.0000   0.0000   0.0000   0.0000   0.0000 
  0.0000   0.0000   0.0000   0.0000   0.0000   0.0000   0.0000   0.0000   0.0000   0.0000 
  0.0000   0.0000   0.0000   0.0000   0.0000   0.0000   0.0000   0.0000   0.0000   0.0000 
  0.0000   0.0000   0.0000   0.0000   0.0000   0.0000   0.0000   0.0000   0.0000   0.0000 
  0.0000   0.0000   0.0000   0.0000   0.0000   0.0000   0.0000   0.0000   0.0000   0.0000 
  0.0000   0.0000   0.0000   0.0000   0.0000   0.0000   0.0000   0.0000   0.0000   0.0000 
  0.0000   0.0000   0.0000   0.0000   0.0000   0.0000   0.0000   0.0000   0.0000   0.0000 
  0.0000   0.0000   0.0000   0.0000   0.0000   0.0000   0.0000   0.0000   0.0000   0.0000 
  0.0000   0.0000   0.0000   0.0000   0.0000   0.0000   0.0000   0.0000   0.0000   0.0000 
  0.0000   0.0000   0.0000   0.0000   0.0000   0.0000   0.0000   0.0000   0.0000   0.0000 
  0.0000   0.0000   0.0000   0.0000   0.0000   0.0000   0.0000   0.0000   0.0000   0.0000 
  0.0000   0.0000   0.0000   0.0000   0.0000   0.0000   0.0000   0.0000   0.0000   0.0000 
  0.0000   0.0000   0.0000   0.0000   0.0000   0.0000   0.0000   0.0000   0.0000   0.0000 
  0.0000   0.0000   0.0000   0.0000   0.0000   0.0000   0.0000   0.0000   0.0000   0.0000 
  0.0000   0.0000   0.0000   0.0000   0.0000   0.0000   0.0000   0.0000   0.0000   0.0000 
  0.0000   0.0000   0.0000   0.0000   0.0000   0.0000   0.0000   0.0000   0.0000   0.0000 
  0.0000   0.0000   0.0000   0.0000   0.0000   0.0000   0.0000   0.0000   0.0000   0.0000 
  0.0000   0.0000   0.0000   0.0000   0.0000   0.0000   0.0000   0.0000   0.0000   0.0000 
  0.0000   0.0000   0.0000   0.0000   0.0000   0.0000   0.0000   0.0000   0.0000   0.0000 
  0.0000   0.0000   0.0000   0.0000   0.0000   0.0000   0.0000   0.0000   0.0000   0.0000 
  0.0000   0.0000   0.0000   0.0000   0.0000   0.0000   0.0000   0.0000   0.0000   0.0000 
  0.0000   0.0000   0.0000   0.0000   0.0000   0.0000   0.0000   0.0000   0.0000   0.0000 
  0.0000   0.0000   0.0000   0.0000   0.0000   0.0000   0.0000   0.0000   0.0000   0.0000 
  0.0000   0.0000   0.0000   0.0000   0.0000   0.0000   0.0000   0.0000   0.0000   0.0000 
  0.0000   0.0000   0.0000   0.0000   0.0000   0.0000   0.0000   0.0000   0.0000   0.0000 
  0.0000   0.0000   0.0000   0.0000   0.0000   0.0000   0.0000   0.0000   0.0000   0.0000 
  0.0000   0.0000   0.0000   0.0000   0.0000   0.0000   0.0000   0.0000   0.0000   0.0000 
  0.0000   0.0000   0.0000   0.0000   0.0000   0.0000   0.0000   0.0000   0.0000   0.0000 
  0.0000   0.0000   0.0000   0.0000   0.0000   0.0000   0.0000   0.0000   0.0000   0.0000 
  0.0000   0.0000   0.0000   0.0000   0.0000   0.0000   0.0000   0.0000   0.0000   0.0000 
  0.0000   0.0000   0.0000   0.0000   0.0000   0.0000   0.0000   0.0000   0.0000   0.0000 
  0.0000   0.0000   0.0000   0.0000   0.0000   0.0000   0.0000   0.0000   0.0000   0.0000 
  0.0000   0.0000   0.0000   0.0000   0.0000   0.0000   0.0000   0.0000   0.0000   0.0000 
  0.0000   0.0000   0.0000   0.0000   0.0000   0.0000   0.0000   0.0000   0.0000   0.0000 
  0.0000   0.0000   0.0000   0.0000   0.0000   0.0000   0.0000   0.0000   0.0000   0.0000 
  0.0000   0.0000   0.0000   0.0000   0.0000   0.0000   0.0000   0.0000   0.0000   0.0000 
  0.0000   0.0000   0.0000   0.0000   0.0000   0.0000   0.0000   0.0000   0.0000   0.0000 
  0.0000   0.0000   0.0000   0.0000   0.0000   0.0000   0.0000   0.0000   0.0000   0.0000 
  0.0000   0.0000   0.0000   0.0000   0.0000   0.0000   0.0000   0.0000   0.0000   0.0000 
  0.0000   0.0000   0.0000   0.0000   0.0000   0.0000   0.0000   0.0000   0.0000   0.0000 
  0.0000   0.0000   0.0000   0.0000   0.0000   0.0000   0.0000   0.0000   0.0000   0.0000 
  0.0000   0.0000   0.0000   0.0000   0.0000   0.0000   0.0000   0.0000   0.0000   0.0000 
  0.0000   0.0000   0.0000   0.0000   0.0000   0.0000   0.0000   0.0000   0.0000   0.0000 
  0.0000   0.0000   0.0000   0.0000   0.0000   0.0000   0.0000   0.0000   0.0000   0.0000 
  0.0000   0.0000   0.0000   0.0000   0.0000   0.0000   0.0000   0.0000   0.0000   0.0000 
  0.0000   0.0000   0.0000   0.0000   0.0000   0.0000   0.0000   0.0000   0.0000   0.0000 
  0.0000   0.0000   0.0000   0.0000   0.0000   0.0000   0.0000   0.0000   0.0000   0.0000 
  0.0000   0.0000   0.0000   0.0000   0.0000   0.0000   0.0000   0.0000   0.0000   0.0000 
  0.0000   0.0000   0.0000   0.0000   0.0000   0.0000   0.0000   0.0000   0.0000   0.0000 
  0.0000   0.0000   0.0000   0.0000   0.0000   0.0000   0.0000   0.0000   0.0000   0.0000 
  0.0000   0.0000   0.0000   0.0000   0.0000   0.0000   0.0000   0.0000   0.0000   0.0000 
  0.0000   0.0000   0.0000   0.0000   0.0000   0.0000   0.0000   0.0000   0.0000   0.0000 
  0.0000   0.0000   0.0000   0.0000   0.0000   0.0000   0.0000   0.0000   0.0000   0.0000 
  0.0000   0.0000   0.0000   0.0000   0.0000   0.0000   0.0000   0.0000   0.0000   0.0000 
  0.0000   0.0000   0.0000   0.0000   0.0000   0.0000   0.0000   0.0000   0.0000   0.0000 
  0.0000   0.0000   0.0000   0.0000   0.0000   0.0000   0.0000   0.0000   0.0000   0.0000 
  0.0000   0.0000   0.0000   0.0000   0.0000   0.0000   0.0000   0.0000   0.0000   0.0000 
  0.0000   0.0000   0.0000   0.0000   0.0000   0.0000   0.0000   0.0000   0.0000   0.0000 
  0.0000   0.0000   0.0000   0.0000   0.0000   0.0000   0.0000   0.0000   0.0000   0.0000 
  0.0000   0.0000   0.0000   0.0000   0.0000   0.0000   0.0000   0.0000   0.0000   0.0000 
  0.0000   0.0000   0.0000   0.0000   0.0000   0.0000   0.0000   0.0000   0.0000   0.0000 
  0.0000   0.0000   0.0000   0.0000   0.0000   0.0000   0.0000   0.0000   0.0000   0.0000 
  0.0000   0.0000   0.0000   0.0000   0.0000   0.0000   0.0000   0.0000   0.0000   0.0000 
  0.0000   0.0000   0.0000   0.0000   0.0000   0.0000   0.0000   0.0000   0.0000   0.0000 
  0.0000   0.0000   0.0000   0.0000   0.0000   0.0000   0.0000   0.0000   0.0000   0.0000 
  0.0000   0.0000   0.0000   0.0000   0.0000   0.0000   0.0000   0.0000   0.0000   0.0000 
  0.0000   0.0000   0.0000   0.0000   0.0000   0.0000   0.0000   0.0000   0.0000   0.0000 
  0.0000   0.0000   0.0000   0.0000   0.0000   0.0000   0.0000   0.0000   0.0000   0.0000 
  0.0000   0.0000   0.0000   0.0000   0.0000   0.0000   0.0000   0.0000   0.0000   0.0000 
  0.0000   0.0000   0.0000   0.0000   0.0000   0.0000   0.0000   0.0000   0.0000   0.0000 
