x-axis acceleration data

 -0.3418   0.3560   0.5195  -0.1362   0.1582   0.1792   0.1567   0.2495   0.0542   0.7051 
 -0.1226   0.3599   0.3877  -0.0806  -0.0615   0.2554   0.0503  -0.0820   0.7705   0.5610 
 -0.0654   0.4229   0.3574  -0.3906  -0.0488   0.3042   0.1904  -0.0762   0.1860   0.5605 
  0.0962   0.3828   0.4297  -0.1274   0.2539   0.2412  -0.2710   0.5107  -0.0073   0.5767 
  0.1299   0.4409   0.6021  -0.8604   0.2588   0.2197   0.2256  -0.1240   0.3662   0.5171 
  0.0605   0.4800   0.6714  -0.3110   0.2886   0.2139  -0.6841  -0.3384   0.4849   0.4653 
  0.0806   0.5078   0.5303   0.0547   0.3848   0.2896  -0.5830  -0.3384   0.4849   0.4795 
  0.2813   0.4927   0.3970  -0.2266   0.4463   0.2607   0.1265  -0.4688   0.3521   0.4746 
  0.5566   0.5464   0.3223  -0.4302   0.1631   0.1406   0.2451  -0.4829   0.2427   0.5059 
  0.4526   0.5435   0.2705  -0.4287   0.2065   0.0425   0.0083  -0.2290   0.5195   0.5205 
  0.3228   0.4458   0.2749  -0.1919   0.3618   0.0459  -0.0425  -0.7383   0.4121   0.5005 
  0.3818   0.3984   0.2959  -0.3530   0.3711   0.0283   0.0181  -0.6602  -0.1440   0.5034 
  0.2983   0.3818   0.2681  -0.8564   0.2959   0.0469  -0.4155  -0.4419   0.5811   0.5112 
  0.1563   0.3618   0.1953  -0.8062   0.2056   0.0396  -0.6875  -0.6299   0.9111   0.5679 
  0.2451   0.3130   0.1670  -0.7202   0.1528  -0.0894  -0.6880  -0.8267   0.6509   0.6636 
  0.0234   0.2695   0.0996  -0.7598   0.0742  -0.1289  -0.8184  -0.8271   0.4478   0.6387 
 -0.0215   0.2500   0.0166  -0.5977   0.1699  -0.1616  -0.7251  -0.7700   0.4609   0.5527 
 -0.2061   0.2212  -0.0513  -0.4771   0.0728  -0.2593  -0.7065  -0.7529   0.7612   0.5400 
 -0.0933   0.2095  -0.1450  -0.4595   0.0439  -0.3447  -0.7471  -0.7788   0.9106   0.6240 
 -0.0352   0.1382  -0.2388  -0.3701  -0.0337  -0.3999  -0.7349  -0.6978   0.1416   0.5493 
 -0.1245  -0.0029  -0.3325  -0.3101  -0.0474  -0.4453  -0.6182  -0.6987  -0.4570   0.5317 
 -0.2686  -0.0728  -0.3828  -0.5093  -0.0601  -0.4961  -0.5986  -0.5771   0.6001   0.5444 
 -0.3569  -0.0928  -0.3599  -0.5483  -0.0698  -0.5308  -0.6616  -0.5093  -0.1714   0.5381 
 -0.4434  -0.0425  -0.5044  -0.7119  -0.1445  -0.6455  -0.6216  -0.3892   0.1777   0.4360 
 -0.5059  -0.2466  -0.6265  -0.9473  -0.2217  -0.7358  -0.4995  -0.4312  -0.2437   0.4517 
 -0.5679  -0.1719  -0.7817  -0.9399  -0.2686  -0.7031  -0.5771  -0.5576   0.7021   0.5498 
 -0.6533  -0.0620  -0.8047  -1.0581  -0.1270  -0.7251  -0.6992  -0.5630  -0.3076   0.6133 
 -0.8179  -0.5952  -0.7432  -1.2798  -0.3809  -0.8359  -0.6973  -0.7109  -0.0337   0.6064 
 -0.7881  -0.1772  -0.7515  -1.4971  -0.4272  -0.9150  -0.7373  -0.9233   0.7026   0.5615 
 -0.9487  -1.1382  -0.8403  -1.8037  -0.5049  -0.8960  -0.9424  -0.9927   0.4097   0.4668 
 -0.7100  -0.4907  -0.7510  -2.0317  -0.5278  -0.8262  -1.1196  -0.9253  -0.2456   0.5049 
 -0.9795  -0.5063  -0.7124  -2.2627  -0.6099  -0.8428  -1.1582  -1.0576  -0.6094   0.4897 
 -0.8921  -0.7065  -0.6665  -2.6289  -0.6104  -0.7739  -1.2949  -1.4150  -0.3184   0.4429 
 -0.9316  -0.7393  -0.5532  -2.1177  -0.7095  -0.6943  -1.6357  -1.6274  -0.0796   0.3926 
 -0.8818  -0.7422  -0.4214  -1.1294  -0.8223  -0.6831  -1.8555  -1.7227  -0.1025   0.3945 
 -0.7847  -0.7231  -0.5420   3.3716  -0.7563  -0.6001  -2.2432  -1.8140  -0.1616   0.3945 
 -0.7349  -0.6709  -0.5532   6.1162  -0.8623  -0.5171  -2.5107  -2.2534  -0.1416   0.3887 
 -0.5308  -0.5337  -0.3896   1.4546  -0.8867  -0.5366  -2.5498  -2.4580  -0.0903   0.3408 
 -0.4175  -0.5410  -0.4111  -0.5239  -0.8442  -0.5918  -1.4629  -2.1396  -0.0283   0.2915 
 -0.4209  -0.5518  -0.4668  -1.9048  -0.7959  -0.5991   0.5059  -0.7671  -0.0039   0.2036 
 -0.4775  -0.4580  -0.6699   0.0415  -0.7373  -0.6284   6.1025   1.5996  -0.0259   0.1616 
 -0.3765  -0.4023  -0.7798   0.5029  -0.6191  -0.8569   2.6475   7.0801  -0.0640   0.2085 
 -0.4302  -0.4800  -0.8623  -1.0615  -0.5923  -0.8901   0.5562   0.9565   0.1172   0.2773 
 -0.4888  -0.4756  -0.9541   0.8076  -0.4956  -0.8970  -1.1475   0.9116   0.0654   0.0435 
 -0.5791  -0.4980  -1.0884  -0.9165  -0.4575  -1.0156  -1.3975  -1.0249  -0.0024   0.0562 
 -0.6675  -0.5425  -1.4268  -0.8320  -0.7104  -1.2827   0.2915  -0.8965  -0.0532   0.3154 
 -0.7085  -0.6973  -1.6958  -0.9302  -0.6816  -1.4727  -1.4087   0.5142  -0.0752  -0.4204 
 -0.8804  -0.8389  -1.9868  -1.1929  -0.5132  -1.5981  -0.2651  -0.8906  -0.1260  -0.0718 
 -1.1353  -0.9224  -2.4678  -0.8032  -0.7944  -1.6494  -0.1958  -0.1191  -0.1953   0.2300 
 -1.3208  -1.1758  -2.8442  -0.6929  -1.0581  -2.0771  -1.0308  -0.8735  -0.1714  -0.4854 
 -1.5234  -1.3828  -2.5552  -0.7588  -1.1958  -2.4009  -1.1953  -1.0278  -0.1958  -0.9482 
 -1.8188  -1.5571  -1.0996  -0.7695  -1.1846  -2.4800  -1.3423  -1.1812  -0.2451  -1.0322 
 -2.0869  -1.8867   4.1079  -0.6914  -1.3794  -2.0151  -1.1382  -0.7983  -0.2119  -1.0068 
 -2.6890  -2.2827   5.5098  -0.5347  -1.6079   0.0781  -0.8774  -0.6143  -0.1836  -1.1357 
 -2.8242  -2.6479   1.0488  -0.3867  -1.8716   6.4473  -0.6934  -0.4653  -0.2012  -1.2515 
 -1.7539  -2.8076  -0.5625  -0.2422  -2.2837   3.3657  -0.5552  -0.3491  -0.2217  -0.7476 
  0.1582  -1.5645  -1.9009  -0.0288  -2.6528   0.6313  -0.2866  -0.1831  -0.2349  -0.2041 
  4.8457   0.6128   0.0371   0.0952  -2.7915  -1.0811   0.0557   0.1055  -0.1655  -0.7402 
  3.3672   5.1602   0.7310   0.1724  -2.0381  -2.0313   0.4175   0.4590  -0.1138  -0.8521 
  2.2373   2.8359  -0.3066   0.3472   0.1187   0.4351   0.6250   0.6182  -0.1533  -0.7305 
 -0.3330   0.6465  -1.0313   0.4521   8.4023  -0.8896   0.8174   0.4136  -0.1831  -0.7168 
 -2.1982   0.0127  -0.7363   0.2534   2.9580  -0.6563   0.7539   0.1436  -0.1138  -0.8374 
 -0.6001  -1.6777  -0.7686  -0.0176  -0.3853  -0.3037   0.3638   0.1733  -0.0151  -0.8232 
 -0.0249   0.6108  -0.8022   0.1338  -2.3940  -0.6953  -0.0386   0.1387  -0.0703  -0.7744 
  0.1069  -1.5361  -0.8018   0.0513  -1.6963  -1.1870  -0.0576  -0.1826  -0.0693  -0.7236 
 -1.0557   0.7212  -0.3765   0.0210   0.9917  -1.2017  -0.1416  -0.3516  -0.0132  -0.6387 
 -0.8989  -0.4341  -0.2148  -0.0464  -1.0903  -1.1738  -0.0522   0.0703   0.0103  -0.5972 
 -0.3389  -1.3877  -0.0371  -0.0122   0.0596  -0.7676   0.0474   0.8784   0.0317  -0.6284 
 -0.2227  -1.0000   0.1411  -0.0425   0.0029  -0.7393  -0.0078   1.6494   0.0059  -0.6206 
 -0.0005  -0.8550   0.3101   0.4336  -0.9492  -0.7246   0.3154   1.7822  -0.0107  -0.6909 
  0.2017  -0.4951   0.5264   1.3862  -0.3340  -0.3687   1.3984   0.6592   0.0078  -0.7104 
  0.4419  -0.2207   0.5522   2.5361  -0.5938   0.1270   2.3740   0.7778   0.0308  -0.7451 
  0.6396  -0.1611   0.4727   0.0376  -0.7544   0.4849   1.1973   1.9238  -0.0122  -0.8486 
  0.5444  -0.0234   0.3223  -2.8193  -0.4390   0.6714  -2.9565   2.6411  -0.0176  -0.9712 
  0.3315   0.1997   0.2334   2.5068  -0.2358   0.6318  -0.8926   1.6406  -0.0239  -1.0054 
  0.1479   0.4468   0.0249   3.9043  -0.0142   0.2920   7.2188   1.3931  -0.0371  -1.1128 
  0.0313   0.6548   0.0942   1.8696   0.0962  -0.1455   2.1035   1.2725  -0.0537  -1.3242 
  0.0815   0.7241   0.3486   2.2280   0.2354  -0.0698   2.1533   1.4810  -0.0620  -1.7095 
  0.1768   0.5010   0.8584   1.3091   0.2896   0.1323   2.0132   1.2456  -0.0674  -2.0835 
  0.2314   0.1963   2.4043   1.2476   0.2192  -0.1025   1.4224   1.2285  -0.0474  -2.4028 
  0.5996   0.0391   2.2666   1.2451   0.2432   0.1196   1.3096   1.0649  -0.0469  -2.4810 
  2.1021  -0.0537   0.2334   1.1240   0.2915   0.3511   1.0903   0.7104  -0.0557  -1.8882 
  3.1050   0.1245  -1.5928   0.9673   0.0776   0.1572   0.8867   0.6528  -0.0664  -0.4404 
  1.2080   0.3594   2.6206   0.7891  -0.2178   0.4360   0.8506   0.6816  -0.0845   3.0898 
 -1.9888   0.6890   4.7148   0.7471  -0.0361   1.2856   0.8047   0.6670  -0.0742   5.4648 
  3.2612   1.9878   2.0679   0.7139   0.2114   1.4258   0.7930   0.7456  -0.0996   0.6104 
  4.1099   2.6196   1.3247   0.7837   0.6196  -2.0205   0.7861   0.8965  -0.0806  -0.9390 
  3.2212   1.2603   0.5967   0.9702   1.6699  -2.9370   0.8423   0.9473  -0.0552  -1.4902 
  2.3408  -1.7568   0.4116   1.1250   2.2271   3.3687   0.9106   0.9746  -0.0049   0.3232 
  1.8232   1.8154   0.3042   1.1704  -0.0771   5.5264   0.9839   1.0078   0.0342  -0.7720 
  1.5771   5.3862  -0.1904   1.1729  -2.4590   1.6401   1.0703   1.0747   0.0181  -0.8330 
  1.3926   2.3770  -0.4028   1.1494   1.4360   2.4507   1.1406   1.0723   0.0308   0.4868 
  1.2427   2.5308  -0.2866   1.1348   5.7046   1.6680   1.1733   1.0444   0.0220  -0.4487 
  1.0342   1.8486  -0.0669   1.1162   1.8335   1.5762   1.1265   1.0596   0.0093  -0.8315 
  0.9263   1.5796   0.2993   1.0347   2.1265   1.2930   1.1040   1.0830   0.0190  -0.4668 
  0.7979   1.3110   0.2236   0.9917   1.8755   1.2515   1.0791   1.0210  -0.0166  -0.6245 
  0.6836   1.1108   0.3926   0.9854   1.7148   1.1162   1.0806   0.9238  -0.0498  -0.6992 
  0.7407   0.9370   0.8101   0.9990   1.5112   0.9541   1.0615   0.8892  -0.0068  -0.3633 
  0.7983   0.8076   0.9380   0.9976   1.2285   0.9443   1.0264   0.8174   0.0132  -0.0791 
  0.8604   0.6987   0.7305   0.9546   1.1025   0.8525   1.0337   0.6992  -0.0054   0.0532 
  0.8779   0.6348   0.5806   0.9292   1.1367   0.8301   1.0317   0.5898  -0.0254   0.0840 
  0.9507   0.6465   0.6313   0.9082   1.0371   0.9399   1.0083   0.5977   0.0420   0.0659 
  1.0225   0.7588   0.7515   0.8975   0.9712   1.0264   0.9746   0.6597   0.0723   0.1392 
  1.1113   0.8594   0.7983   0.8560   0.9448   1.0815   0.9619   0.6606   0.0708   0.1875 
  1.1978   0.9922   0.7705   0.7881   0.9907   1.0859   0.9263   0.5688   0.0122   0.2256 
  1.2500   1.1411   0.8423   0.7666   1.0488   1.0981   0.8916   0.4492  -0.0645   0.2803 
  1.2534   1.2217   0.7920   0.7407   1.0801   1.1006   0.8516   0.5098  -0.0864   0.2075 
  1.2285   1.2671   0.7427   0.7310   1.0732   1.0928   0.8433   0.7671  -0.0474   0.1313 
  1.2114   1.2627   0.7456   0.7197   1.0591   1.0503   0.8462   0.7632  -0.0400   0.3408 
  1.2197   1.2397   0.7383   0.7266   1.0801   1.0317   0.8198   0.6655  -0.0376   0.7129 
  1.1934   1.2202   0.7261   0.7109   1.1001   1.0161   0.8013   0.6406  -0.0679   1.4531 
  1.0967   1.1787   0.6699   0.7085   1.1270   1.0264   0.8003   0.7471  -0.0898   2.6929 
  1.0327   1.1143   0.6104   0.7183   1.1279   0.9966   0.8057   0.8188  -0.2104   2.4741 
  1.0815   1.0737   0.6182   0.7539   1.1670   0.9365   0.8115   0.8315  -0.1929   0.2051 
  1.0889   1.0664   0.5908   0.7905   1.1489   0.9004   0.8203   0.9028  -0.2783  -0.4658 
  0.9751   1.0566   0.6172   0.8369   1.1069   0.8706   0.8267   0.9839  -0.0923   6.3096 
  0.8442   0.9849   0.6675   0.8882   1.0757   0.8677   0.8408   0.9736  -0.7271   2.3540 
  0.9204   0.9414   0.6982   0.9194   1.0469   0.8477   0.8750   0.8887  -0.5615   2.6211 
  0.9487   0.8794   0.7192   0.9370   1.0010   0.8101   0.9204   0.9824  -0.6221   2.1714 
  0.8809   0.8438   0.7080   0.9780   0.9512   0.7993   0.9409   1.0464  -0.5933   1.8062 
  0.7188   0.8213   0.6890   1.0459   0.9297   0.7988   0.9512   1.0137  -0.6284   1.4614 
  0.6787   0.7754   0.7061   1.0898   0.9292   0.7778   0.9565   1.0107  -0.6909   1.1006 
  0.5591   0.7500   0.7349   1.0884   0.9067   0.7598   0.9653   1.0024  -0.7656   0.9478 
  0.5347   0.7358   0.8071   1.0400   0.8647   0.7666   0.9678   1.0093  -0.8027   0.8936 
  0.4702   0.7080   0.8965   1.0210   0.8188   0.7969   0.9771   0.9756  -0.8105   0.7622 
  0.4385   0.6411   0.9727   1.0259   0.7900   0.8140   0.9771   0.9131  -0.8486   0.6260 
  0.4712   0.6123   1.0225   1.0220   0.7920   0.8125   0.9878   0.8647  -0.8677   0.6035 
  0.5483   0.6216   1.0752   0.9917   0.7861   0.8257   0.9941   0.8608  -0.7622   0.7065 
  0.5552   0.6113   1.1118   0.9780   0.7666   0.8462   1.0010   0.8813  -0.6841   0.8325 
  0.5820   0.5786   1.1079   1.0122   0.7290   0.8677   1.0181   0.8672  -0.6387   0.9434 
  0.6196   0.5503   1.0967   0.9819   0.7100   0.9009   1.0303   0.7705  -0.6323   0.9712 
  0.6035   0.5791   1.1074   0.9658   0.7290   0.9312   1.0337   0.6792  -0.6279   1.0161 
  0.5137   0.6587   1.1440   0.9590   0.7461   0.9556   1.0459   0.7734  -0.5317   1.0664 
  0.4268   0.7090   1.1392   0.9272   0.7476   0.9834   1.0313   1.0938  -0.3965   1.0649 
  0.3301   0.7085   1.1348   0.9126   0.7646   0.9976   1.0532   1.0371  -0.5522   1.0298 
  0.2783   0.7090   1.1235   0.9058   0.7974   1.0000   1.0747   0.8833  -0.6362   1.0103 
  0.3730   0.7339   1.0962   0.9199   0.8428   1.0034   1.0542   0.6030  -0.6455   1.0586 
  0.5649   0.7622   1.0664   0.9473   0.8848   1.0059   1.0479   0.1543  -0.6948   1.1270 
  0.6440   0.7402   1.0459   0.9941   0.9482   1.0103   1.0313  -0.0332  -0.7275   1.1538 
  0.6479   0.7432   1.0190   1.0513   1.0107   1.0249   1.0313   4.3657  -0.9648   1.0503 
  0.6616   0.7480   0.9863   1.0884   1.0552   1.0396   1.0161   0.0000  -1.2139   0.9922 
  0.6567   0.7500   0.9702   1.0898   1.0908   1.0518   0.9849   0.0000  -1.3604   0.9951 
  0.6309   0.7739   0.9780   1.0469   1.0981   1.0439   0.9678   0.0000  -1.5039   1.0615 
  0.6055   0.7832   0.9897   0.9961   1.1030   1.0249   0.9595   0.0000  -1.6416   1.1025 
  0.5942   0.8086   0.9971   0.9619   1.0972   0.9902   0.9502   0.0000  -1.7930   0.9922 
  0.5972   0.8354   0.9927   0.9482   1.0903   0.9702   0.9370   0.0000  -2.1997   0.8838 
  0.6377   0.8472   0.9854   0.9570   1.0728   0.9600   0.9326   0.0000  -2.3960   0.8750 
  0.6987   0.8721   0.9917   0.0000   1.0640   0.9512   0.9136   0.0000  -2.1777   0.8730 
  0.7319   0.0000   0.9800   0.0000   1.0479   0.9463   0.9160   0.0000  -0.9917   0.8364 
  0.7427   0.0000   0.9629   0.0000   1.0361   0.9170   0.9150   0.0000   2.4673   0.7695 
  0.7568   0.0000   0.9590   0.0000   1.0405   0.9072   0.9097   0.0000   5.7202   0.7554 
  0.7803   0.0000   0.9658   0.0000   1.0220   0.9287   0.9419   0.0000   1.2295   0.7769 
  0.7896   0.0000   0.9658   0.0000   1.0059   0.9336   0.9863   0.0000  -1.6528   0.8320 
  0.7251   0.0000   0.0000   0.0000   1.0142   0.9482   1.0186   0.0000  -0.0024   0.8267 
  0.6436   0.0000   0.0000   0.0000   1.0122   0.9561   1.0537   0.0000  -0.1650   0.7959 
  0.5991   0.0000   0.0000   0.0000   1.0088   0.9600   1.0854   0.0000  -1.5107   0.7998 
  0.6099   0.0000   0.0000   0.0000   0.9937   0.9692   1.0645   0.0000  -0.8174   0.8320 
  0.5669   0.0000   0.0000   0.0000   0.9741   0.9678   0.0000   0.0000   0.4204   0.8506 
  0.4448   0.0000   0.0000   0.0000   0.9751   0.9517   0.0000   0.0000  -0.8301   0.8696 
  0.2798   0.0000   0.0000   0.0000   0.9727   0.9565   0.0000   0.0000  -0.9849   0.8657 
  0.1602   0.0000   0.0000   0.0000   0.9619   0.9556   0.0000   0.0000  -0.7939   0.8579 
  0.1011   0.0000   0.0000   0.0000   0.9805   0.9478   0.0000   0.0000  -1.1333   0.8770 
  0.1592   0.0000   0.0000   0.0000   0.9941   0.9233   0.0000   0.0000  -0.7534   0.9038 
  0.1919   0.0000   0.0000   0.0000   0.9922   0.9150   0.0000   0.0000  -0.5952   0.9731 
  0.1089   0.0000   0.0000   0.0000   0.9980   0.9204   0.0000   0.0000  -0.3926   1.0518 
  0.0884   0.0000   0.0000   0.0000   1.0127   0.9355   0.0000   0.0000  -0.1816   1.1094 
  0.1582   0.0000   0.0000   0.0000   1.0283   0.9380   0.0000   0.0000  -0.0146   1.0825 
  0.1875   0.0000   0.0000   0.0000   1.0088   0.9346   0.0000   0.0000   0.2192   1.0542 
  0.1680   0.0000   0.0000   0.0000   0.9897   0.9272   0.0000   0.0000   0.4561   1.0493 
  0.1533   0.0000   0.0000   0.0000   0.9810   0.9253   0.0000   0.0000   0.4609   1.1016 
  0.1650   0.0000   0.0000   0.0000   0.9824   0.9111   0.0000   0.0000   0.3540   1.1572 
  0.1367   0.0000   0.0000   0.0000   0.9888   0.8911   0.0000   0.0000   0.2280   1.1816 
  0.1304   0.0000   0.0000   0.0000   0.9883   0.8774   0.0000   0.0000   0.2026   1.1499 
  0.1406   0.0000   0.0000   0.0000   0.9800   0.8525   0.0000   0.0000   0.2393   1.0957 
  0.1392   0.0000   0.0000   0.0000   0.9604   0.8643   0.0000   0.0000   0.2764   1.0288 
  0.0762   0.0000   0.0000   0.0000   0.9517   0.8213   0.0000   0.0000   0.1582   0.9839 
  0.0205   0.0000   0.0000   0.0000   0.9424   0.8740   0.0000   0.0000   0.1255   0.9849 
 -0.0195   0.0000   0.0000   0.0000   0.9521   0.9165   0.0000   0.0000   0.2451   0.9780 
  0.0981   0.0000   0.0000   0.0000   0.9380   0.9292   0.0000   0.0000   0.8447   0.9722 
  0.0000   0.0000   0.0000   0.0000   0.9355   0.9155   0.0000   0.0000   2.5571   0.9673 
  0.0000   0.0000   0.0000   0.0000   0.9707   0.9121   0.0000   0.0000   2.6401   0.9385 
  0.0000   0.0000   0.0000   0.0000   0.9727   0.8965   0.0000   0.0000  -0.3965   0.9585 
  0.0000   0.0000   0.0000   0.0000   0.9634   0.0000   0.0000   0.0000  -2.5288   0.9614 
  0.0000   0.0000   0.0000   0.0000   0.9624   0.0000   0.0000   0.0000   5.8789   0.9512 
  0.0000   0.0000   0.0000   0.0000   0.9204   0.0000   0.0000   0.0000   2.6592   0.9189 
  0.0000   0.0000   0.0000   0.0000   0.8833   0.0000   0.0000   0.0000   2.4131   0.9194 
  0.0000   0.0000   0.0000   0.0000   0.8599   0.0000   0.0000   0.0000   2.1411   0.9224 
  0.0000   0.0000   0.0000   0.0000   0.8203   0.0000   0.0000   0.0000   1.5728   0.9443 
  0.0000   0.0000   0.0000   0.0000   0.7959   0.0000   0.0000   0.0000   1.4155   1.0215 
  0.0000   0.0000   0.0000   0.0000   0.7944   0.0000   0.0000   0.0000   1.2949   1.0454 
  0.0000   0.0000   0.0000   0.0000   0.7856   0.0000   0.0000   0.0000   1.0747   1.1089 
  0.0000   0.0000   0.0000   0.0000   0.7705   0.0000   0.0000   0.0000   0.9155   1.0942 
  0.0000   0.0000   0.0000   0.0000   0.7700   0.0000   0.0000   0.0000   0.8887   1.0728 
  0.0000   0.0000   0.0000   0.0000   0.7749   0.0000   0.0000   0.0000   0.7773   1.0425 
  0.0000   0.0000   0.0000   0.0000   0.7363   0.0000   0.0000   0.0000   0.7612   0.9893 
  0.0000   0.0000   0.0000   0.0000   0.6807   0.0000   0.0000   0.0000   0.8638   0.9600 
  0.0000   0.0000   0.0000   0.0000   0.6841   0.0000   0.0000   0.0000   0.9644   0.9072 
  0.0000   0.0000   0.0000   0.0000   0.0000   0.0000   0.0000   0.0000   1.0215   0.8677 
  0.0000   0.0000   0.0000   0.0000   0.0000   0.0000   0.0000   0.0000   1.0884   0.7354 
  0.0000   0.0000   0.0000   0.0000   0.0000   0.0000   0.0000   0.0000   1.1514   0.6997 
  0.0000   0.0000   0.0000   0.0000   0.0000   0.0000   0.0000   0.0000   1.1592   0.6157 
  0.0000   0.0000   0.0000   0.0000   0.0000   0.0000   0.0000   0.0000   1.1313   0.5620 
  0.0000   0.0000   0.0000   0.0000   0.0000   0.0000   0.0000   0.0000   1.1006   0.5034 
  0.0000   0.0000   0.0000   0.0000   0.0000   0.0000   0.0000   0.0000   1.0942   0.3867 
  0.0000   0.0000   0.0000   0.0000   0.0000   0.0000   0.0000   0.0000   1.0820   0.2446 
  0.0000   0.0000   0.0000   0.0000   0.0000   0.0000   0.0000   0.0000   1.0693   0.1104 
  0.0000   0.0000   0.0000   0.0000   0.0000   0.0000   0.0000   0.0000   1.1582   0.0190 
  0.0000   0.0000   0.0000   0.0000   0.0000   0.0000   0.0000   0.0000   1.1606  -0.0737 
  0.0000   0.0000   0.0000   0.0000   0.0000   0.0000   0.0000   0.0000   1.1611  -0.0479 
  0.0000   0.0000   0.0000   0.0000   0.0000   0.0000   0.0000   0.0000   0.9995   0.0244 
  0.0000   0.0000   0.0000   0.0000   0.0000   0.0000   0.0000   0.0000   0.8926   0.0244 
  0.0000   0.0000   0.0000   0.0000   0.0000   0.0000   0.0000   0.0000   0.8354   0.0391 
  0.0000   0.0000   0.0000   0.0000   0.0000   0.0000   0.0000   0.0000   0.7959   0.0757 
  0.0000   0.0000   0.0000   0.0000   0.0000   0.0000   0.0000   0.0000   0.7666   0.0938 
  0.0000   0.0000   0.0000   0.0000   0.0000   0.0000   0.0000   0.0000   0.7715   0.1016 
  0.0000   0.0000   0.0000   0.0000   0.0000   0.0000   0.0000   0.0000   0.7695   0.1289 
  0.0000   0.0000   0.0000   0.0000   0.0000   0.0000   0.0000   0.0000   0.8101   0.1719 
  0.0000   0.0000   0.0000   0.0000   0.0000   0.0000   0.0000   0.0000   0.7935   0.1650 
  0.0000   0.0000   0.0000   0.0000   0.0000   0.0000   0.0000   0.0000   0.7676   0.1997 
  0.0000   0.0000   0.0000   0.0000   0.0000   0.0000   0.0000   0.0000   0.7524   0.2627 
  0.0000   0.0000   0.0000   0.0000   0.0000   0.0000   0.0000   0.0000   0.7266   0.3384 
  0.0000   0.0000   0.0000   0.0000   0.0000   0.0000   0.0000   0.0000   0.6851   0.4028 
  0.0000   0.0000   0.0000   0.0000   0.0000   0.0000   0.0000   0.0000   0.6748   0.5020 
  0.0000   0.0000   0.0000   0.0000   0.0000   0.0000   0.0000   0.0000   0.6890   0.4727 
  0.0000   0.0000   0.0000   0.0000   0.0000   0.0000   0.0000   0.0000   0.7134   0.4473 
  0.0000   0.0000   0.0000   0.0000   0.0000   0.0000   0.0000   0.0000   0.7593   0.3604 
  0.0000   0.0000   0.0000   0.0000   0.0000   0.0000   0.0000   0.0000   0.8145   0.3271 
  0.0000   0.0000   0.0000   0.0000   0.0000   0.0000   0.0000   0.0000   0.8550   0.3345 
  0.0000   0.0000   0.0000   0.0000   0.0000   0.0000   0.0000   0.0000   0.9141   0.3921 
  0.0000   0.0000   0.0000   0.0000   0.0000   0.0000   0.0000   0.0000   0.9849   0.4063 
  0.0000   0.0000   0.0000   0.0000   0.0000   0.0000   0.0000   0.0000   1.0356   0.2402 
  0.0000   0.0000   0.0000   0.0000   0.0000   0.0000   0.0000   0.0000   1.0806   0.1812 
  0.0000   0.0000   0.0000   0.0000   0.0000   0.0000   0.0000   0.0000   1.0996  -0.1748 
  0.0000   0.0000   0.0000   0.0000   0.0000   0.0000   0.0000   0.0000   1.1191  -0.6289 
  0.0000   0.0000   0.0000   0.0000   0.0000   0.0000   0.0000   0.0000   1.1294   1.4565 
  0.0000   0.0000   0.0000   0.0000   0.0000   0.0000   0.0000   0.0000   1.1377   1.1221 
  0.0000   0.0000   0.0000   0.0000   0.0000   0.0000   0.0000   0.0000   1.1401   0.6284 
  0.0000   0.0000   0.0000   0.0000   0.0000   0.0000   0.0000   0.0000   0.0000   0.2744 
  0.0000   0.0000   0.0000   0.0000   0.0000   0.0000   0.0000   0.0000   0.0000   0.1431 
  0.0000   0.0000   0.0000   0.0000   0.0000   0.0000   0.0000   0.0000   0.0000   0.3696 
  0.0000   0.0000   0.0000   0.0000   0.0000   0.0000   0.0000   0.0000   0.0000   0.5371 
  0.0000   0.0000   0.0000   0.0000   0.0000   0.0000   0.0000   0.0000   0.0000   0.3550 
  0.0000   0.0000   0.0000   0.0000   0.0000   0.0000   0.0000   0.0000   0.0000   0.3384 
  0.0000   0.0000   0.0000   0.0000   0.0000   0.0000   0.0000   0.0000   0.0000   0.4512 
  0.0000   0.0000   0.0000   0.0000   0.0000   0.0000   0.0000   0.0000   0.0000   0.4966 
  0.0000   0.0000   0.0000   0.0000   0.0000   0.0000   0.0000   0.0000   0.0000   0.4102 
  0.0000   0.0000   0.0000   0.0000   0.0000   0.0000   0.0000   0.0000   0.0000   0.4229 
  0.0000   0.0000   0.0000   0.0000   0.0000   0.0000   0.0000   0.0000   0.0000   0.4980 
  0.0000   0.0000   0.0000   0.0000   0.0000   0.0000   0.0000   0.0000   0.0000   0.4824 
  0.0000   0.0000   0.0000   0.0000   0.0000   0.0000   0.0000   0.0000   0.0000   0.3481 
  0.0000   0.0000   0.0000   0.0000   0.0000   0.0000   0.0000   0.0000   0.0000   0.0000 
  0.0000   0.0000   0.0000   0.0000   0.0000   0.0000   0.0000   0.0000   0.0000   0.0000 
  0.0000   0.0000   0.0000   0.0000   0.0000   0.0000   0.0000   0.0000   0.0000   0.0000 
  0.0000   0.0000   0.0000   0.0000   0.0000   0.0000   0.0000   0.0000   0.0000   0.0000 
  0.0000   0.0000   0.0000   0.0000   0.0000   0.0000   0.0000   0.0000   0.0000   0.0000 
  0.0000   0.0000   0.0000   0.0000   0.0000   0.0000   0.0000   0.0000   0.0000   0.0000 
  0.0000   0.0000   0.0000   0.0000   0.0000   0.0000   0.0000   0.0000   0.0000   0.0000 
  0.0000   0.0000   0.0000   0.0000   0.0000   0.0000   0.0000   0.0000   0.0000   0.0000 
  0.0000   0.0000   0.0000   0.0000   0.0000   0.0000   0.0000   0.0000   0.0000   0.0000 
  0.0000   0.0000   0.0000   0.0000   0.0000   0.0000   0.0000   0.0000   0.0000   0.0000 
  0.0000   0.0000   0.0000   0.0000   0.0000   0.0000   0.0000   0.0000   0.0000   0.0000 
  0.0000   0.0000   0.0000   0.0000   0.0000   0.0000   0.0000   0.0000   0.0000   0.0000 
  0.0000   0.0000   0.0000   0.0000   0.0000   0.0000   0.0000   0.0000   0.0000   0.0000 
  0.0000   0.0000   0.0000   0.0000   0.0000   0.0000   0.0000   0.0000   0.0000   0.0000 
  0.0000   0.0000   0.0000   0.0000   0.0000   0.0000   0.0000   0.0000   0.0000   0.0000 
  0.0000   0.0000   0.0000   0.0000   0.0000   0.0000   0.0000   0.0000   0.0000   0.0000 
  0.0000   0.0000   0.0000   0.0000   0.0000   0.0000   0.0000   0.0000   0.0000   0.0000 
  0.0000   0.0000   0.0000   0.0000   0.0000   0.0000   0.0000   0.0000   0.0000   0.0000 
  0.0000   0.0000   0.0000   0.0000   0.0000   0.0000   0.0000   0.0000   0.0000   0.0000 
  0.0000   0.0000   0.0000   0.0000   0.0000   0.0000   0.0000   0.0000   0.0000   0.0000 
  0.0000   0.0000   0.0000   0.0000   0.0000   0.0000   0.0000   0.0000   0.0000   0.0000 
  0.0000   0.0000   0.0000   0.0000   0.0000   0.0000   0.0000   0.0000   0.0000   0.0000 
  0.0000   0.0000   0.0000   0.0000   0.0000   0.0000   0.0000   0.0000   0.0000   0.0000 
  0.0000   0.0000   0.0000   0.0000   0.0000   0.0000   0.0000   0.0000   0.0000   0.0000 
  0.0000   0.0000   0.0000   0.0000   0.0000   0.0000   0.0000   0.0000   0.0000   0.0000 
  0.0000   0.0000   0.0000   0.0000   0.0000   0.0000   0.0000   0.0000   0.0000   0.0000 
  0.0000   0.0000   0.0000   0.0000   0.0000   0.0000   0.0000   0.0000   0.0000   0.0000 
  0.0000   0.0000   0.0000   0.0000   0.0000   0.0000   0.0000   0.0000   0.0000   0.0000 
  0.0000   0.0000   0.0000   0.0000   0.0000   0.0000   0.0000   0.0000   0.0000   0.0000 
  0.0000   0.0000   0.0000   0.0000   0.0000   0.0000   0.0000   0.0000   0.0000   0.0000 
  0.0000   0.0000   0.0000   0.0000   0.0000   0.0000   0.0000   0.0000   0.0000   0.0000 
  0.0000   0.0000   0.0000   0.0000   0.0000   0.0000   0.0000   0.0000   0.0000   0.0000 
  0.0000   0.0000   0.0000   0.0000   0.0000   0.0000   0.0000   0.0000   0.0000   0.0000 
  0.0000   0.0000   0.0000   0.0000   0.0000   0.0000   0.0000   0.0000   0.0000   0.0000 
  0.0000   0.0000   0.0000   0.0000   0.0000   0.0000   0.0000   0.0000   0.0000   0.0000 
  0.0000   0.0000   0.0000   0.0000   0.0000   0.0000   0.0000   0.0000   0.0000   0.0000 
  0.0000   0.0000   0.0000   0.0000   0.0000   0.0000   0.0000   0.0000   0.0000   0.0000 
  0.0000   0.0000   0.0000   0.0000   0.0000   0.0000   0.0000   0.0000   0.0000   0.0000 
  0.0000   0.0000   0.0000   0.0000   0.0000   0.0000   0.0000   0.0000   0.0000   0.0000 
  0.0000   0.0000   0.0000   0.0000   0.0000   0.0000   0.0000   0.0000   0.0000   0.0000 
  0.0000   0.0000   0.0000   0.0000   0.0000   0.0000   0.0000   0.0000   0.0000   0.0000 
  0.0000   0.0000   0.0000   0.0000   0.0000   0.0000   0.0000   0.0000   0.0000   0.0000 
  0.0000   0.0000   0.0000   0.0000   0.0000   0.0000   0.0000   0.0000   0.0000   0.0000 
  0.0000   0.0000   0.0000   0.0000   0.0000   0.0000   0.0000   0.0000   0.0000   0.0000 
  0.0000   0.0000   0.0000   0.0000   0.0000   0.0000   0.0000   0.0000   0.0000   0.0000 
  0.0000   0.0000   0.0000   0.0000   0.0000   0.0000   0.0000   0.0000   0.0000   0.0000 
  0.0000   0.0000   0.0000   0.0000   0.0000   0.0000   0.0000   0.0000   0.0000   0.0000 
  0.0000   0.0000   0.0000   0.0000   0.0000   0.0000   0.0000   0.0000   0.0000   0.0000 
  0.0000   0.0000   0.0000   0.0000   0.0000   0.0000   0.0000   0.0000   0.0000   0.0000 
  0.0000   0.0000   0.0000   0.0000   0.0000   0.0000   0.0000   0.0000   0.0000   0.0000 
  0.0000   0.0000   0.0000   0.0000   0.0000   0.0000   0.0000   0.0000   0.0000   0.0000 
  0.0000   0.0000   0.0000   0.0000   0.0000   0.0000   0.0000   0.0000   0.0000   0.0000 
  0.0000   0.0000   0.0000   0.0000   0.0000   0.0000   0.0000   0.0000   0.0000   0.0000 
  0.0000   0.0000   0.0000   0.0000   0.0000   0.0000   0.0000   0.0000   0.0000   0.0000 
  0.0000   0.0000   0.0000   0.0000   0.0000   0.0000   0.0000   0.0000   0.0000   0.0000 
  0.0000   0.0000   0.0000   0.0000   0.0000   0.0000   0.0000   0.0000   0.0000   0.0000 
  0.0000   0.0000   0.0000   0.0000   0.0000   0.0000   0.0000   0.0000   0.0000   0.0000 
  0.0000   0.0000   0.0000   0.0000   0.0000   0.0000   0.0000   0.0000   0.0000   0.0000 
  0.0000   0.0000   0.0000   0.0000   0.0000   0.0000   0.0000   0.0000   0.0000   0.0000 
  0.0000   0.0000   0.0000   0.0000   0.0000   0.0000   0.0000   0.0000   0.0000   0.0000 
  0.0000   0.0000   0.0000   0.0000   0.0000   0.0000   0.0000   0.0000   0.0000   0.0000 
  0.0000   0.0000   0.0000   0.0000   0.0000   0.0000   0.0000   0.0000   0.0000   0.0000 
  0.0000   0.0000   0.0000   0.0000   0.0000   0.0000   0.0000   0.0000   0.0000   0.0000 
  0.0000   0.0000   0.0000   0.0000   0.0000   0.0000   0.0000   0.0000   0.0000   0.0000 
  0.0000   0.0000   0.0000   0.0000   0.0000   0.0000   0.0000   0.0000   0.0000   0.0000 
  0.0000   0.0000   0.0000   0.0000   0.0000   0.0000   0.0000   0.0000   0.0000   0.0000 
  0.0000   0.0000   0.0000   0.0000   0.0000   0.0000   0.0000   0.0000   0.0000   0.0000 
  0.0000   0.0000   0.0000   0.0000   0.0000   0.0000   0.0000   0.0000   0.0000   0.0000 
  0.0000   0.0000   0.0000   0.0000   0.0000   0.0000   0.0000   0.0000   0.0000   0.0000 
  0.0000   0.0000   0.0000   0.0000   0.0000   0.0000   0.0000   0.0000   0.0000   0.0000 
  0.0000   0.0000   0.0000   0.0000   0.0000   0.0000   0.0000   0.0000   0.0000   0.0000 
  0.0000   0.0000   0.0000   0.0000   0.0000   0.0000   0.0000   0.0000   0.0000   0.0000 
  0.0000   0.0000   0.0000   0.0000   0.0000   0.0000   0.0000   0.0000   0.0000   0.0000 
  0.0000   0.0000   0.0000   0.0000   0.0000   0.0000   0.0000   0.0000   0.0000   0.0000 
  0.0000   0.0000   0.0000   0.0000   0.0000   0.0000   0.0000   0.0000   0.0000   0.0000 
  0.0000   0.0000   0.0000   0.0000   0.0000   0.0000   0.0000   0.0000   0.0000   0.0000 
  0.0000   0.0000   0.0000   0.0000   0.0000   0.0000   0.0000   0.0000   0.0000   0.0000 
  0.0000   0.0000   0.0000   0.0000   0.0000   0.0000   0.0000   0.0000   0.0000   0.0000 
  0.0000   0.0000   0.0000   0.0000   0.0000   0.0000   0.0000   0.0000   0.0000   0.0000 
  0.0000   0.0000   0.0000   0.0000   0.0000   0.0000   0.0000   0.0000   0.0000   0.0000 
  0.0000   0.0000   0.0000   0.0000   0.0000   0.0000   0.0000   0.0000   0.0000   0.0000 
  0.0000   0.0000   0.0000   0.0000   0.0000   0.0000   0.0000   0.0000   0.0000   0.0000 
  0.0000   0.0000   0.0000   0.0000   0.0000   0.0000   0.0000   0.0000   0.0000   0.0000 
  0.0000   0.0000   0.0000   0.0000   0.0000   0.0000   0.0000   0.0000   0.0000   0.0000 
  0.0000   0.0000   0.0000   0.0000   0.0000   0.0000   0.0000   0.0000   0.0000   0.0000 
  0.0000   0.0000   0.0000   0.0000   0.0000   0.0000   0.0000   0.0000   0.0000   0.0000 
  0.0000   0.0000   0.0000   0.0000   0.0000   0.0000   0.0000   0.0000   0.0000   0.0000 
  0.0000   0.0000   0.0000   0.0000   0.0000   0.0000   0.0000   0.0000   0.0000   0.0000 
  0.0000   0.0000   0.0000   0.0000   0.0000   0.0000   0.0000   0.0000   0.0000   0.0000 
  0.0000   0.0000   0.0000   0.0000   0.0000   0.0000   0.0000   0.0000   0.0000   0.0000 
  0.0000   0.0000   0.0000   0.0000   0.0000   0.0000   0.0000   0.0000   0.0000   0.0000 
  0.0000   0.0000   0.0000   0.0000   0.0000   0.0000   0.0000   0.0000   0.0000   0.0000 
  0.0000   0.0000   0.0000   0.0000   0.0000   0.0000   0.0000   0.0000   0.0000   0.0000 
  0.0000   0.0000   0.0000   0.0000   0.0000   0.0000   0.0000   0.0000   0.0000   0.0000 
  0.0000   0.0000   0.0000   0.0000   0.0000   0.0000   0.0000   0.0000   0.0000   0.0000 
  0.0000   0.0000   0.0000   0.0000   0.0000   0.0000   0.0000   0.0000   0.0000   0.0000 
  0.0000   0.0000   0.0000   0.0000   0.0000   0.0000   0.0000   0.0000   0.0000   0.0000 
  0.0000   0.0000   0.0000   0.0000   0.0000   0.0000   0.0000   0.0000   0.0000   0.0000 
  0.0000   0.0000   0.0000   0.0000   0.0000   0.0000   0.0000   0.0000   0.0000   0.0000 
  0.0000   0.0000   0.0000   0.0000   0.0000   0.0000   0.0000   0.0000   0.0000   0.0000 
  0.0000   0.0000   0.0000   0.0000   0.0000   0.0000   0.0000   0.0000   0.0000   0.0000 
  0.0000   0.0000   0.0000   0.0000   0.0000   0.0000   0.0000   0.0000   0.0000   0.0000 
  0.0000   0.0000   0.0000   0.0000   0.0000   0.0000   0.0000   0.0000   0.0000   0.0000 
  0.0000   0.0000   0.0000   0.0000   0.0000   0.0000   0.0000   0.0000   0.0000   0.0000 
  0.0000   0.0000   0.0000   0.0000   0.0000   0.0000   0.0000   0.0000   0.0000   0.0000 
  0.0000   0.0000   0.0000   0.0000   0.0000   0.0000   0.0000   0.0000   0.0000   0.0000 
  0.0000   0.0000   0.0000   0.0000   0.0000   0.0000   0.0000   0.0000   0.0000   0.0000 
  0.0000   0.0000   0.0000   0.0000   0.0000   0.0000   0.0000   0.0000   0.0000   0.0000 
  0.0000   0.0000   0.0000   0.0000   0.0000   0.0000   0.0000   0.0000   0.0000   0.0000 
  0.0000   0.0000   0.0000   0.0000   0.0000   0.0000   0.0000   0.0000   0.0000   0.0000 
  0.0000   0.0000   0.0000   0.0000   0.0000   0.0000   0.0000   0.0000   0.0000   0.0000 
  0.0000   0.0000   0.0000   0.0000   0.0000   0.0000   0.0000   0.0000   0.0000   0.0000 
  0.0000   0.0000   0.0000   0.0000   0.0000   0.0000   0.0000   0.0000   0.0000   0.0000 
  0.0000   0.0000   0.0000   0.0000   0.0000   0.0000   0.0000   0.0000   0.0000   0.0000 
  0.0000   0.0000   0.0000   0.0000   0.0000   0.0000   0.0000   0.0000   0.0000   0.0000 
  0.0000   0.0000   0.0000   0.0000   0.0000   0.0000   0.0000   0.0000   0.0000   0.0000 
  0.0000   0.0000   0.0000   0.0000   0.0000   0.0000   0.0000   0.0000   0.0000   0.0000 
  0.0000   0.0000   0.0000   0.0000   0.0000   0.0000   0.0000   0.0000   0.0000   0.0000 
  0.0000   0.0000   0.0000   0.0000   0.0000   0.0000   0.0000   0.0000   0.0000   0.0000 
  0.0000   0.0000   0.0000   0.0000   0.0000   0.0000   0.0000   0.0000   0.0000   0.0000 
  0.0000   0.0000   0.0000   0.0000   0.0000   0.0000   0.0000   0.0000   0.0000   0.0000 
  0.0000   0.0000   0.0000   0.0000   0.0000   0.0000   0.0000   0.0000   0.0000   0.0000 
  0.0000   0.0000   0.0000   0.0000   0.0000   0.0000   0.0000   0.0000   0.0000   0.0000 
  0.0000   0.0000   0.0000   0.0000   0.0000   0.0000   0.0000   0.0000   0.0000   0.0000 
  0.0000   0.0000   0.0000   0.0000   0.0000   0.0000   0.0000   0.0000   0.0000   0.0000 
  0.0000   0.0000   0.0000   0.0000   0.0000   0.0000   0.0000   0.0000   0.0000   0.0000 
  0.0000   0.0000   0.0000   0.0000   0.0000   0.0000   0.0000   0.0000   0.0000   0.0000 
  0.0000   0.0000   0.0000   0.0000   0.0000   0.0000   0.0000   0.0000   0.0000   0.0000 
  0.0000   0.0000   0.0000   0.0000   0.0000   0.0000   0.0000   0.0000   0.0000   0.0000 
  0.0000   0.0000   0.0000   0.0000   0.0000   0.0000   0.0000   0.0000   0.0000   0.0000 
  0.0000   0.0000   0.0000   0.0000   0.0000   0.0000   0.0000   0.0000   0.0000   0.0000 
  0.0000   0.0000   0.0000   0.0000   0.0000   0.0000   0.0000   0.0000   0.0000   0.0000 
  0.0000   0.0000   0.0000   0.0000   0.0000   0.0000   0.0000   0.0000   0.0000   0.0000 
  0.0000   0.0000   0.0000   0.0000   0.0000   0.0000   0.0000   0.0000   0.0000   0.0000 
  0.0000   0.0000   0.0000   0.0000   0.0000   0.0000   0.0000   0.0000   0.0000   0.0000 
  0.0000   0.0000   0.0000   0.0000   0.0000   0.0000   0.0000   0.0000   0.0000   0.0000 
  0.0000   0.0000   0.0000   0.0000   0.0000   0.0000   0.0000   0.0000   0.0000   0.0000 
  0.0000   0.0000   0.0000   0.0000   0.0000   0.0000   0.0000   0.0000   0.0000   0.0000 
  0.0000   0.0000   0.0000   0.0000   0.0000   0.0000   0.0000   0.0000   0.0000   0.0000 
  0.0000   0.0000   0.0000   0.0000   0.0000   0.0000   0.0000   0.0000   0.0000   0.0000 
  0.0000   0.0000   0.0000   0.0000   0.0000   0.0000   0.0000   0.0000   0.0000   0.0000 
  0.0000   0.0000   0.0000   0.0000   0.0000   0.0000   0.0000   0.0000   0.0000   0.0000 
  0.0000   0.0000   0.0000   0.0000   0.0000   0.0000   0.0000   0.0000   0.0000   0.0000 
  0.0000   0.0000   0.0000   0.0000   0.0000   0.0000   0.0000   0.0000   0.0000   0.0000 
  0.0000   0.0000   0.0000   0.0000   0.0000   0.0000   0.0000   0.0000   0.0000   0.0000 
  0.0000   0.0000   0.0000   0.0000   0.0000   0.0000   0.0000   0.0000   0.0000   0.0000 
  0.0000   0.0000   0.0000   0.0000   0.0000   0.0000   0.0000   0.0000   0.0000   0.0000 
  0.0000   0.0000   0.0000   0.0000   0.0000   0.0000   0.0000   0.0000   0.0000   0.0000 
  0.0000   0.0000   0.0000   0.0000   0.0000   0.0000   0.0000   0.0000   0.0000   0.0000 
  0.0000   0.0000   0.0000   0.0000   0.0000   0.0000   0.0000   0.0000   0.0000   0.0000 
  0.0000   0.0000   0.0000   0.0000   0.0000   0.0000   0.0000   0.0000   0.0000   0.0000 
  0.0000   0.0000   0.0000   0.0000   0.0000   0.0000   0.0000   0.0000   0.0000   0.0000 
  0.0000   0.0000   0.0000   0.0000   0.0000   0.0000   0.0000   0.0000   0.0000   0.0000 
  0.0000   0.0000   0.0000   0.0000   0.0000   0.0000   0.0000   0.0000   0.0000   0.0000 
  0.0000   0.0000   0.0000   0.0000   0.0000   0.0000   0.0000   0.0000   0.0000   0.0000 
  0.0000   0.0000   0.0000   0.0000   0.0000   0.0000   0.0000   0.0000   0.0000   0.0000 
  0.0000   0.0000   0.0000   0.0000   0.0000   0.0000   0.0000   0.0000   0.0000   0.0000 
  0.0000   0.0000   0.0000   0.0000   0.0000   0.0000   0.0000   0.0000   0.0000   0.0000 
  0.0000   0.0000   0.0000   0.0000   0.0000   0.0000   0.0000   0.0000   0.0000   0.0000 
  0.0000   0.0000   0.0000   0.0000   0.0000   0.0000   0.0000   0.0000   0.0000   0.0000 
  0.0000   0.0000   0.0000   0.0000   0.0000   0.0000   0.0000   0.0000   0.0000   0.0000 
  0.0000   0.0000   0.0000   0.0000   0.0000   0.0000   0.0000   0.0000   0.0000   0.0000 
  0.0000   0.0000   0.0000   0.0000   0.0000   0.0000   0.0000   0.0000   0.0000   0.0000 
  0.0000   0.0000   0.0000   0.0000   0.0000   0.0000   0.0000   0.0000   0.0000   0.0000 
  0.0000   0.0000   0.0000   0.0000   0.0000   0.0000   0.0000   0.0000   0.0000   0.0000 
  0.0000   0.0000   0.0000   0.0000   0.0000   0.0000   0.0000   0.0000   0.0000   0.0000 
  0.0000   0.0000   0.0000   0.0000   0.0000   0.0000   0.0000   0.0000   0.0000   0.0000 
  0.0000   0.0000   0.0000   0.0000   0.0000   0.0000   0.0000   0.0000   0.0000   0.0000 
  0.0000   0.0000   0.0000   0.0000   0.0000   0.0000   0.0000   0.0000   0.0000   0.0000 
  0.0000   0.0000   0.0000   0.0000   0.0000   0.0000   0.0000   0.0000   0.0000   0.0000 
  0.0000   0.0000   0.0000   0.0000   0.0000   0.0000   0.0000   0.0000   0.0000   0.0000 
  0.0000   0.0000   0.0000   0.0000   0.0000   0.0000   0.0000   0.0000   0.0000   0.0000 
  0.0000   0.0000   0.0000   0.0000   0.0000   0.0000   0.0000   0.0000   0.0000   0.0000 
  0.0000   0.0000   0.0000   0.0000   0.0000   0.0000   0.0000   0.0000   0.0000   0.0000 
  0.0000   0.0000   0.0000   0.0000   0.0000   0.0000   0.0000   0.0000   0.0000   0.0000 
  0.0000   0.0000   0.0000   0.0000   0.0000   0.0000   0.0000   0.0000   0.0000   0.0000 
  0.0000   0.0000   0.0000   0.0000   0.0000   0.0000   0.0000   0.0000   0.0000   0.0000 
  0.0000   0.0000   0.0000   0.0000   0.0000   0.0000   0.0000   0.0000   0.0000   0.0000 
  0.0000   0.0000   0.0000   0.0000   0.0000   0.0000   0.0000   0.0000   0.0000   0.0000 
  0.0000   0.0000   0.0000   0.0000   0.0000   0.0000   0.0000   0.0000   0.0000   0.0000 
  0.0000   0.0000   0.0000   0.0000   0.0000   0.0000   0.0000   0.0000   0.0000   0.0000 
  0.0000   0.0000   0.0000   0.0000   0.0000   0.0000   0.0000   0.0000   0.0000   0.0000 
  0.0000   0.0000   0.0000   0.0000   0.0000   0.0000   0.0000   0.0000   0.0000   0.0000 
  0.0000   0.0000   0.0000   0.0000   0.0000   0.0000   0.0000   0.0000   0.0000   0.0000 
  0.0000   0.0000   0.0000   0.0000   0.0000   0.0000   0.0000   0.0000   0.0000   0.0000 
  0.0000   0.0000   0.0000   0.0000   0.0000   0.0000   0.0000   0.0000   0.0000   0.0000 
  0.0000   0.0000   0.0000   0.0000   0.0000   0.0000   0.0000   0.0000   0.0000   0.0000 
  0.0000   0.0000   0.0000   0.0000   0.0000   0.0000   0.0000   0.0000   0.0000   0.0000 
  0.0000   0.0000   0.0000   0.0000   0.0000   0.0000   0.0000   0.0000   0.0000   0.0000 
  0.0000   0.0000   0.0000   0.0000   0.0000   0.0000   0.0000   0.0000   0.0000   0.0000 
  0.0000   0.0000   0.0000   0.0000   0.0000   0.0000   0.0000   0.0000   0.0000   0.0000 
  0.0000   0.0000   0.0000   0.0000   0.0000   0.0000   0.0000   0.0000   0.0000   0.0000 
  0.0000   0.0000   0.0000   0.0000   0.0000   0.0000   0.0000   0.0000   0.0000   0.0000 
  0.0000   0.0000   0.0000   0.0000   0.0000   0.0000   0.0000   0.0000   0.0000   0.0000 
  0.0000   0.0000   0.0000   0.0000   0.0000   0.0000   0.0000   0.0000   0.0000   0.0000 
  0.0000   0.0000   0.0000   0.0000   0.0000   0.0000   0.0000   0.0000   0.0000   0.0000 
  0.0000   0.0000   0.0000   0.0000   0.0000   0.0000   0.0000   0.0000   0.0000   0.0000 
  0.0000   0.0000   0.0000   0.0000   0.0000   0.0000   0.0000   0.0000   0.0000   0.0000 
  0.0000   0.0000   0.0000   0.0000   0.0000   0.0000   0.0000   0.0000   0.0000   0.0000 
  0.0000   0.0000   0.0000   0.0000   0.0000   0.0000   0.0000   0.0000   0.0000   0.0000 
  0.0000   0.0000   0.0000   0.0000   0.0000   0.0000   0.0000   0.0000   0.0000   0.0000 
  0.0000   0.0000   0.0000   0.0000   0.0000   0.0000   0.0000   0.0000   0.0000   0.0000 
  0.0000   0.0000   0.0000   0.0000   0.0000   0.0000   0.0000   0.0000   0.0000   0.0000 
  0.0000   0.0000   0.0000   0.0000   0.0000   0.0000   0.0000   0.0000   0.0000   0.0000 
  0.0000   0.0000   0.0000   0.0000   0.0000   0.0000   0.0000   0.0000   0.0000   0.0000 
  0.0000   0.0000   0.0000   0.0000   0.0000   0.0000   0.0000   0.0000   0.0000   0.0000 
  0.0000   0.0000   0.0000   0.0000   0.0000   0.0000   0.0000   0.0000   0.0000   0.0000 
  0.0000   0.0000   0.0000   0.0000   0.0000   0.0000   0.0000   0.0000   0.0000   0.0000 
  0.0000   0.0000   0.0000   0.0000   0.0000   0.0000   0.0000   0.0000   0.0000   0.0000 
  0.0000   0.0000   0.0000   0.0000   0.0000   0.0000   0.0000   0.0000   0.0000   0.0000 
  0.0000   0.0000   0.0000   0.0000   0.0000   0.0000   0.0000   0.0000   0.0000   0.0000 
  0.0000   0.0000   0.0000   0.0000   0.0000   0.0000   0.0000   0.0000   0.0000   0.0000 
  0.0000   0.0000   0.0000   0.0000   0.0000   0.0000   0.0000   0.0000   0.0000   0.0000 
  0.0000   0.0000   0.0000   0.0000   0.0000   0.0000   0.0000   0.0000   0.0000   0.0000 
  0.0000   0.0000   0.0000   0.0000   0.0000   0.0000   0.0000   0.0000   0.0000   0.0000 
  0.0000   0.0000   0.0000   0.0000   0.0000   0.0000   0.0000   0.0000   0.0000   0.0000 
  0.0000   0.0000   0.0000   0.0000   0.0000   0.0000   0.0000   0.0000   0.0000   0.0000 
  0.0000   0.0000   0.0000   0.0000   0.0000   0.0000   0.0000   0.0000   0.0000   0.0000 
  0.0000   0.0000   0.0000   0.0000   0.0000   0.0000   0.0000   0.0000   0.0000   0.0000 
  0.0000   0.0000   0.0000   0.0000   0.0000   0.0000   0.0000   0.0000   0.0000   0.0000 
  0.0000   0.0000   0.0000   0.0000   0.0000   0.0000   0.0000   0.0000   0.0000   0.0000 
  0.0000   0.0000   0.0000   0.0000   0.0000   0.0000   0.0000   0.0000   0.0000   0.0000 
  0.0000   0.0000   0.0000   0.0000   0.0000   0.0000   0.0000   0.0000   0.0000   0.0000 
  0.0000   0.0000   0.0000   0.0000   0.0000   0.0000   0.0000   0.0000   0.0000   0.0000 
  0.0000   0.0000   0.0000   0.0000   0.0000   0.0000   0.0000   0.0000   0.0000   0.0000 
  0.0000   0.0000   0.0000   0.0000   0.0000   0.0000   0.0000   0.0000   0.0000   0.0000 
  0.0000   0.0000   0.0000   0.0000   0.0000   0.0000   0.0000   0.0000   0.0000   0.0000 
  0.0000   0.0000   0.0000   0.0000   0.0000   0.0000   0.0000   0.0000   0.0000   0.0000 
  0.0000   0.0000   0.0000   0.0000   0.0000   0.0000   0.0000   0.0000   0.0000   0.0000 
  0.0000   0.0000   0.0000   0.0000   0.0000   0.0000   0.0000   0.0000   0.0000   0.0000 
  0.0000   0.0000   0.0000   0.0000   0.0000   0.0000   0.0000   0.0000   0.0000   0.0000 
  0.0000   0.0000   0.0000   0.0000   0.0000   0.0000   0.0000   0.0000   0.0000   0.0000 
  0.0000   0.0000   0.0000   0.0000   0.0000   0.0000   0.0000   0.0000   0.0000   0.0000 
  0.0000   0.0000   0.0000   0.0000   0.0000   0.0000   0.0000   0.0000   0.0000   0.0000 
  0.0000   0.0000   0.0000   0.0000   0.0000   0.0000   0.0000   0.0000   0.0000   0.0000 
  0.0000   0.0000   0.0000   0.0000   0.0000   0.0000   0.0000   0.0000   0.0000   0.0000 
  0.0000   0.0000   0.0000   0.0000   0.0000   0.0000   0.0000   0.0000   0.0000   0.0000 
  0.0000   0.0000   0.0000   0.0000   0.0000   0.0000   0.0000   0.0000   0.0000   0.0000 
  0.0000   0.0000   0.0000   0.0000   0.0000   0.0000   0.0000   0.0000   0.0000   0.0000 
  0.0000   0.0000   0.0000   0.0000   0.0000   0.0000   0.0000   0.0000   0.0000   0.0000 
  0.0000   0.0000   0.0000   0.0000   0.0000   0.0000   0.0000   0.0000   0.0000   0.0000 
  0.0000   0.0000   0.0000   0.0000   0.0000   0.0000   0.0000   0.0000   0.0000   0.0000 
  0.0000   0.0000   0.0000   0.0000   0.0000   0.0000   0.0000   0.0000   0.0000   0.0000 
  0.0000   0.0000   0.0000   0.0000   0.0000   0.0000   0.0000   0.0000   0.0000   0.0000 
  0.0000   0.0000   0.0000   0.0000   0.0000   0.0000   0.0000   0.0000   0.0000   0.0000 
  0.0000   0.0000   0.0000   0.0000   0.0000   0.0000   0.0000   0.0000   0.0000   0.0000 
  0.0000   0.0000   0.0000   0.0000   0.0000   0.0000   0.0000   0.0000   0.0000   0.0000 
  0.0000   0.0000   0.0000   0.0000   0.0000   0.0000   0.0000   0.0000   0.0000   0.0000 
  0.0000   0.0000   0.0000   0.0000   0.0000   0.0000   0.0000   0.0000   0.0000   0.0000 
  0.0000   0.0000   0.0000   0.0000   0.0000   0.0000   0.0000   0.0000   0.0000   0.0000 
  0.0000   0.0000   0.0000   0.0000   0.0000   0.0000   0.0000   0.0000   0.0000   0.0000 
  0.0000   0.0000   0.0000   0.0000   0.0000   0.0000   0.0000   0.0000   0.0000   0.0000 
  0.0000   0.0000   0.0000   0.0000   0.0000   0.0000   0.0000   0.0000   0.0000   0.0000 
  0.0000   0.0000   0.0000   0.0000   0.0000   0.0000   0.0000   0.0000   0.0000   0.0000 
  0.0000   0.0000   0.0000   0.0000   0.0000   0.0000   0.0000   0.0000   0.0000   0.0000 
  0.0000   0.0000   0.0000   0.0000   0.0000   0.0000   0.0000   0.0000   0.0000   0.0000 
  0.0000   0.0000   0.0000   0.0000   0.0000   0.0000   0.0000   0.0000   0.0000   0.0000 
  0.0000   0.0000   0.0000   0.0000   0.0000   0.0000   0.0000   0.0000   0.0000   0.0000 
  0.0000   0.0000   0.0000   0.0000   0.0000   0.0000   0.0000   0.0000   0.0000   0.0000 
  0.0000   0.0000   0.0000   0.0000   0.0000   0.0000   0.0000   0.0000   0.0000   0.0000 
  0.0000   0.0000   0.0000   0.0000   0.0000   0.0000   0.0000   0.0000   0.0000   0.0000 
  0.0000   0.0000   0.0000   0.0000   0.0000   0.0000   0.0000   0.0000   0.0000   0.0000 
  0.0000   0.0000   0.0000   0.0000   0.0000   0.0000   0.0000   0.0000   0.0000   0.0000 
  0.0000   0.0000   0.0000   0.0000   0.0000   0.0000   0.0000   0.0000   0.0000   0.0000 
  0.0000   0.0000   0.0000   0.0000   0.0000   0.0000   0.0000   0.0000   0.0000   0.0000 
  0.0000   0.0000   0.0000   0.0000   0.0000   0.0000   0.0000   0.0000   0.0000   0.0000 
  0.0000   0.0000   0.0000   0.0000   0.0000   0.0000   0.0000   0.0000   0.0000   0.0000 
  0.0000   0.0000   0.0000   0.0000   0.0000   0.0000   0.0000   0.0000   0.0000   0.0000 
  0.0000   0.0000   0.0000   0.0000   0.0000   0.0000   0.0000   0.0000   0.0000   0.0000 
  0.0000   0.0000   0.0000   0.0000   0.0000   0.0000   0.0000   0.0000   0.0000   0.0000 
  0.0000   0.0000   0.0000   0.0000   0.0000   0.0000   0.0000   0.0000   0.0000   0.0000 
  0.0000   0.0000   0.0000   0.0000   0.0000   0.0000   0.0000   0.0000   0.0000   0.0000 
  0.0000   0.0000   0.0000   0.0000   0.0000   0.0000   0.0000   0.0000   0.0000   0.0000 
  0.0000   0.0000   0.0000   0.0000   0.0000   0.0000   0.0000   0.0000   0.0000   0.0000 
  0.0000   0.0000   0.0000   0.0000   0.0000   0.0000   0.0000   0.0000   0.0000   0.0000 
  0.0000   0.0000   0.0000   0.0000   0.0000   0.0000   0.0000   0.0000   0.0000   0.0000 
  0.0000   0.0000   0.0000   0.0000   0.0000   0.0000   0.0000   0.0000   0.0000   0.0000 
  0.0000   0.0000   0.0000   0.0000   0.0000   0.0000   0.0000   0.0000   0.0000   0.0000 
  0.0000   0.0000   0.0000   0.0000   0.0000   0.0000   0.0000   0.0000   0.0000   0.0000 
  0.0000   0.0000   0.0000   0.0000   0.0000   0.0000   0.0000   0.0000   0.0000   0.0000 
  0.0000   0.0000   0.0000   0.0000   0.0000   0.0000   0.0000   0.0000   0.0000   0.0000 
  0.0000   0.0000   0.0000   0.0000   0.0000   0.0000   0.0000   0.0000   0.0000   0.0000 
  0.0000   0.0000   0.0000   0.0000   0.0000   0.0000   0.0000   0.0000   0.0000   0.0000 
  0.0000   0.0000   0.0000   0.0000   0.0000   0.0000   0.0000   0.0000   0.0000   0.0000 
  0.0000   0.0000   0.0000   0.0000   0.0000   0.0000   0.0000   0.0000   0.0000   0.0000 
  0.0000   0.0000   0.0000   0.0000   0.0000   0.0000   0.0000   0.0000   0.0000   0.0000 
  0.0000   0.0000   0.0000   0.0000   0.0000   0.0000   0.0000   0.0000   0.0000   0.0000 
  0.0000   0.0000   0.0000   0.0000   0.0000   0.0000   0.0000   0.0000   0.0000   0.0000 
  0.0000   0.0000   0.0000   0.0000   0.0000   0.0000   0.0000   0.0000   0.0000   0.0000 
  0.0000   0.0000   0.0000   0.0000   0.0000   0.0000   0.0000   0.0000   0.0000   0.0000 
  0.0000   0.0000   0.0000   0.0000   0.0000   0.0000   0.0000   0.0000   0.0000   0.0000 
  0.0000   0.0000   0.0000   0.0000   0.0000   0.0000   0.0000   0.0000   0.0000   0.0000 
  0.0000   0.0000   0.0000   0.0000   0.0000   0.0000   0.0000   0.0000   0.0000   0.0000 
  0.0000   0.0000   0.0000   0.0000   0.0000   0.0000   0.0000   0.0000   0.0000   0.0000 
  0.0000   0.0000   0.0000   0.0000   0.0000   0.0000   0.0000   0.0000   0.0000   0.0000 
  0.0000   0.0000   0.0000   0.0000   0.0000   0.0000   0.0000   0.0000   0.0000   0.0000 
  0.0000   0.0000   0.0000   0.0000   0.0000   0.0000   0.0000   0.0000   0.0000   0.0000 
  0.0000   0.0000   0.0000   0.0000   0.0000   0.0000   0.0000   0.0000   0.0000   0.0000 
  0.0000   0.0000   0.0000   0.0000   0.0000   0.0000   0.0000   0.0000   0.0000   0.0000 
  0.0000   0.0000   0.0000   0.0000   0.0000   0.0000   0.0000   0.0000   0.0000   0.0000 
  0.0000   0.0000   0.0000   0.0000   0.0000   0.0000   0.0000   0.0000   0.0000   0.0000 
  0.0000   0.0000   0.0000   0.0000   0.0000   0.0000   0.0000   0.0000   0.0000   0.0000 
  0.0000   0.0000   0.0000   0.0000   0.0000   0.0000   0.0000   0.0000   0.0000   0.0000 
  0.0000   0.0000   0.0000   0.0000   0.0000   0.0000   0.0000   0.0000   0.0000   0.0000 
  0.0000   0.0000   0.0000   0.0000   0.0000   0.0000   0.0000   0.0000   0.0000   0.0000 
  0.0000   0.0000   0.0000   0.0000   0.0000   0.0000   0.0000   0.0000   0.0000   0.0000 
  0.0000   0.0000   0.0000   0.0000   0.0000   0.0000   0.0000   0.0000   0.0000   0.0000 
  0.0000   0.0000   0.0000   0.0000   0.0000   0.0000   0.0000   0.0000   0.0000   0.0000 
  0.0000   0.0000   0.0000   0.0000   0.0000   0.0000   0.0000   0.0000   0.0000   0.0000 
  0.0000   0.0000   0.0000   0.0000   0.0000   0.0000   0.0000   0.0000   0.0000   0.0000 
  0.0000   0.0000   0.0000   0.0000   0.0000   0.0000   0.0000   0.0000   0.0000   0.0000 
  0.0000   0.0000   0.0000   0.0000   0.0000   0.0000   0.0000   0.0000   0.0000   0.0000 
  0.0000   0.0000   0.0000   0.0000   0.0000   0.0000   0.0000   0.0000   0.0000   0.0000 
  0.0000   0.0000   0.0000   0.0000   0.0000   0.0000   0.0000   0.0000   0.0000   0.0000 
  0.0000   0.0000   0.0000   0.0000   0.0000   0.0000   0.0000   0.0000   0.0000   0.0000 
  0.0000   0.0000   0.0000   0.0000   0.0000   0.0000   0.0000   0.0000   0.0000   0.0000 
  0.0000   0.0000   0.0000   0.0000   0.0000   0.0000   0.0000   0.0000   0.0000   0.0000 
  0.0000   0.0000   0.0000   0.0000   0.0000   0.0000   0.0000   0.0000   0.0000   0.0000 
  0.0000   0.0000   0.0000   0.0000   0.0000   0.0000   0.0000   0.0000   0.0000   0.0000 
  0.0000   0.0000   0.0000   0.0000   0.0000   0.0000   0.0000   0.0000   0.0000   0.0000 
  0.0000   0.0000   0.0000   0.0000   0.0000   0.0000   0.0000   0.0000   0.0000   0.0000 
  0.0000   0.0000   0.0000   0.0000   0.0000   0.0000   0.0000   0.0000   0.0000   0.0000 
  0.0000   0.0000   0.0000   0.0000   0.0000   0.0000   0.0000   0.0000   0.0000   0.0000 
  0.0000   0.0000   0.0000   0.0000   0.0000   0.0000   0.0000   0.0000   0.0000   0.0000 
  0.0000   0.0000   0.0000   0.0000   0.0000   0.0000   0.0000   0.0000   0.0000   0.0000 
  0.0000   0.0000   0.0000   0.0000   0.0000   0.0000   0.0000   0.0000   0.0000   0.0000 
  0.0000   0.0000   0.0000   0.0000   0.0000   0.0000   0.0000   0.0000   0.0000   0.0000 
  0.0000   0.0000   0.0000   0.0000   0.0000   0.0000   0.0000   0.0000   0.0000   0.0000 
  0.0000   0.0000   0.0000   0.0000   0.0000   0.0000   0.0000   0.0000   0.0000   0.0000 
  0.0000   0.0000   0.0000   0.0000   0.0000   0.0000   0.0000   0.0000   0.0000   0.0000 
  0.0000   0.0000   0.0000   0.0000   0.0000   0.0000   0.0000   0.0000   0.0000   0.0000 
  0.0000   0.0000   0.0000   0.0000   0.0000   0.0000   0.0000   0.0000   0.0000   0.0000 
  0.0000   0.0000   0.0000   0.0000   0.0000   0.0000   0.0000   0.0000   0.0000   0.0000 
  0.0000   0.0000   0.0000   0.0000   0.0000   0.0000   0.0000   0.0000   0.0000   0.0000 
  0.0000   0.0000   0.0000   0.0000   0.0000   0.0000   0.0000   0.0000   0.0000   0.0000 
  0.0000   0.0000   0.0000   0.0000   0.0000   0.0000   0.0000   0.0000   0.0000   0.0000 
  0.0000   0.0000   0.0000   0.0000   0.0000   0.0000   0.0000   0.0000   0.0000   0.0000 
  0.0000   0.0000   0.0000   0.0000   0.0000   0.0000   0.0000   0.0000   0.0000   0.0000 
  0.0000   0.0000   0.0000   0.0000   0.0000   0.0000   0.0000   0.0000   0.0000   0.0000 
  0.0000   0.0000   0.0000   0.0000   0.0000   0.0000   0.0000   0.0000   0.0000   0.0000 
  0.0000   0.0000   0.0000   0.0000   0.0000   0.0000   0.0000   0.0000   0.0000   0.0000 
  0.0000   0.0000   0.0000   0.0000   0.0000   0.0000   0.0000   0.0000   0.0000   0.0000 
  0.0000   0.0000   0.0000   0.0000   0.0000   0.0000   0.0000   0.0000   0.0000   0.0000 
  0.0000   0.0000   0.0000   0.0000   0.0000   0.0000   0.0000   0.0000   0.0000   0.0000 
  0.0000   0.0000   0.0000   0.0000   0.0000   0.0000   0.0000   0.0000   0.0000   0.0000 
  0.0000   0.0000   0.0000   0.0000   0.0000   0.0000   0.0000   0.0000   0.0000   0.0000 
  0.0000   0.0000   0.0000   0.0000   0.0000   0.0000   0.0000   0.0000   0.0000   0.0000 
  0.0000   0.0000   0.0000   0.0000   0.0000   0.0000   0.0000   0.0000   0.0000   0.0000 
  0.0000   0.0000   0.0000   0.0000   0.0000   0.0000   0.0000   0.0000   0.0000   0.0000 
  0.0000   0.0000   0.0000   0.0000   0.0000   0.0000   0.0000   0.0000   0.0000   0.0000 
  0.0000   0.0000   0.0000   0.0000   0.0000   0.0000   0.0000   0.0000   0.0000   0.0000 
  0.0000   0.0000   0.0000   0.0000   0.0000   0.0000   0.0000   0.0000   0.0000   0.0000 
  0.0000   0.0000   0.0000   0.0000   0.0000   0.0000   0.0000   0.0000   0.0000   0.0000 
  0.0000   0.0000   0.0000   0.0000   0.0000   0.0000   0.0000   0.0000   0.0000   0.0000 
  0.0000   0.0000   0.0000   0.0000   0.0000   0.0000   0.0000   0.0000   0.0000   0.0000 
  0.0000   0.0000   0.0000   0.0000   0.0000   0.0000   0.0000   0.0000   0.0000   0.0000 
  0.0000   0.0000   0.0000   0.0000   0.0000   0.0000   0.0000   0.0000   0.0000   0.0000 
  0.0000   0.0000   0.0000   0.0000   0.0000   0.0000   0.0000   0.0000   0.0000   0.0000 
  0.0000   0.0000   0.0000   0.0000   0.0000   0.0000   0.0000   0.0000   0.0000   0.0000 
  0.0000   0.0000   0.0000   0.0000   0.0000   0.0000   0.0000   0.0000   0.0000   0.0000 
  0.0000   0.0000   0.0000   0.0000   0.0000   0.0000   0.0000   0.0000   0.0000   0.0000 
  0.0000   0.0000   0.0000   0.0000   0.0000   0.0000   0.0000   0.0000   0.0000   0.0000 
  0.0000   0.0000   0.0000   0.0000   0.0000   0.0000   0.0000   0.0000   0.0000   0.0000 
  0.0000   0.0000   0.0000   0.0000   0.0000   0.0000   0.0000   0.0000   0.0000   0.0000 
  0.0000   0.0000   0.0000   0.0000   0.0000   0.0000   0.0000   0.0000   0.0000   0.0000 
  0.0000   0.0000   0.0000   0.0000   0.0000   0.0000   0.0000   0.0000   0.0000   0.0000 
  0.0000   0.0000   0.0000   0.0000   0.0000   0.0000   0.0000   0.0000   0.0000   0.0000 
  0.0000   0.0000   0.0000   0.0000   0.0000   0.0000   0.0000   0.0000   0.0000   0.0000 
  0.0000   0.0000   0.0000   0.0000   0.0000   0.0000   0.0000   0.0000   0.0000   0.0000 
  0.0000   0.0000   0.0000   0.0000   0.0000   0.0000   0.0000   0.0000   0.0000   0.0000 
  0.0000   0.0000   0.0000   0.0000   0.0000   0.0000   0.0000   0.0000   0.0000   0.0000 
  0.0000   0.0000   0.0000   0.0000   0.0000   0.0000   0.0000   0.0000   0.0000   0.0000 
  0.0000   0.0000   0.0000   0.0000   0.0000   0.0000   0.0000   0.0000   0.0000   0.0000 
  0.0000   0.0000   0.0000   0.0000   0.0000   0.0000   0.0000   0.0000   0.0000   0.0000 
  0.0000   0.0000   0.0000   0.0000   0.0000   0.0000   0.0000   0.0000   0.0000   0.0000 
  0.0000   0.0000   0.0000   0.0000   0.0000   0.0000   0.0000   0.0000   0.0000   0.0000 
  0.0000   0.0000   0.0000   0.0000   0.0000   0.0000   0.0000   0.0000   0.0000   0.0000 
  0.0000   0.0000   0.0000   0.0000   0.0000   0.0000   0.0000   0.0000   0.0000   0.0000 
  0.0000   0.0000   0.0000   0.0000   0.0000   0.0000   0.0000   0.0000   0.0000   0.0000 
  0.0000   0.0000   0.0000   0.0000   0.0000   0.0000   0.0000   0.0000   0.0000   0.0000 
  0.0000   0.0000   0.0000   0.0000   0.0000   0.0000   0.0000   0.0000   0.0000   0.0000 
  0.0000   0.0000   0.0000   0.0000   0.0000   0.0000   0.0000   0.0000   0.0000   0.0000 
  0.0000   0.0000   0.0000   0.0000   0.0000   0.0000   0.0000   0.0000   0.0000   0.0000 
  0.0000   0.0000   0.0000   0.0000   0.0000   0.0000   0.0000   0.0000   0.0000   0.0000 
  0.0000   0.0000   0.0000   0.0000   0.0000   0.0000   0.0000   0.0000   0.0000   0.0000 
  0.0000   0.0000   0.0000   0.0000   0.0000   0.0000   0.0000   0.0000   0.0000   0.0000 
  0.0000   0.0000   0.0000   0.0000   0.0000   0.0000   0.0000   0.0000   0.0000   0.0000 
  0.0000   0.0000   0.0000   0.0000   0.0000   0.0000   0.0000   0.0000   0.0000   0.0000 
  0.0000   0.0000   0.0000   0.0000   0.0000   0.0000   0.0000   0.0000   0.0000   0.0000 
  0.0000   0.0000   0.0000   0.0000   0.0000   0.0000   0.0000   0.0000   0.0000   0.0000 
  0.0000   0.0000   0.0000   0.0000   0.0000   0.0000   0.0000   0.0000   0.0000   0.0000 
  0.0000   0.0000   0.0000   0.0000   0.0000   0.0000   0.0000   0.0000   0.0000   0.0000 
  0.0000   0.0000   0.0000   0.0000   0.0000   0.0000   0.0000   0.0000   0.0000   0.0000 
  0.0000   0.0000   0.0000   0.0000   0.0000   0.0000   0.0000   0.0000   0.0000   0.0000 
  0.0000   0.0000   0.0000   0.0000   0.0000   0.0000   0.0000   0.0000   0.0000   0.0000 
  0.0000   0.0000   0.0000   0.0000   0.0000   0.0000   0.0000   0.0000   0.0000   0.0000 
  0.0000   0.0000   0.0000   0.0000   0.0000   0.0000   0.0000   0.0000   0.0000   0.0000 
  0.0000   0.0000   0.0000   0.0000   0.0000   0.0000   0.0000   0.0000   0.0000   0.0000 
  0.0000   0.0000   0.0000   0.0000   0.0000   0.0000   0.0000   0.0000   0.0000   0.0000 
  0.0000   0.0000   0.0000   0.0000   0.0000   0.0000   0.0000   0.0000   0.0000   0.0000 
  0.0000   0.0000   0.0000   0.0000   0.0000   0.0000   0.0000   0.0000   0.0000   0.0000 
  0.0000   0.0000   0.0000   0.0000   0.0000   0.0000   0.0000   0.0000   0.0000   0.0000 
  0.0000   0.0000   0.0000   0.0000   0.0000   0.0000   0.0000   0.0000   0.0000   0.0000 
  0.0000   0.0000   0.0000   0.0000   0.0000   0.0000   0.0000   0.0000   0.0000   0.0000 
  0.0000   0.0000   0.0000   0.0000   0.0000   0.0000   0.0000   0.0000   0.0000   0.0000 
  0.0000   0.0000   0.0000   0.0000   0.0000   0.0000   0.0000   0.0000   0.0000   0.0000 
  0.0000   0.0000   0.0000   0.0000   0.0000   0.0000   0.0000   0.0000   0.0000   0.0000 
  0.0000   0.0000   0.0000   0.0000   0.0000   0.0000   0.0000   0.0000   0.0000   0.0000 
  0.0000   0.0000   0.0000   0.0000   0.0000   0.0000   0.0000   0.0000   0.0000   0.0000 
  0.0000   0.0000   0.0000   0.0000   0.0000   0.0000   0.0000   0.0000   0.0000   0.0000 
  0.0000   0.0000   0.0000   0.0000   0.0000   0.0000   0.0000   0.0000   0.0000   0.0000 
  0.0000   0.0000   0.0000   0.0000   0.0000   0.0000   0.0000   0.0000   0.0000   0.0000 
  0.0000   0.0000   0.0000   0.0000   0.0000   0.0000   0.0000   0.0000   0.0000   0.0000 
  0.0000   0.0000   0.0000   0.0000   0.0000   0.0000   0.0000   0.0000   0.0000   0.0000 
  0.0000   0.0000   0.0000   0.0000   0.0000   0.0000   0.0000   0.0000   0.0000   0.0000 
  0.0000   0.0000   0.0000   0.0000   0.0000   0.0000   0.0000   0.0000   0.0000   0.0000 
  0.0000   0.0000   0.0000   0.0000   0.0000   0.0000   0.0000   0.0000   0.0000   0.0000 
  0.0000   0.0000   0.0000   0.0000   0.0000   0.0000   0.0000   0.0000   0.0000   0.0000 
  0.0000   0.0000   0.0000   0.0000   0.0000   0.0000   0.0000   0.0000   0.0000   0.0000 
  0.0000   0.0000   0.0000   0.0000   0.0000   0.0000   0.0000   0.0000   0.0000   0.0000 
  0.0000   0.0000   0.0000   0.0000   0.0000   0.0000   0.0000   0.0000   0.0000   0.0000 
  0.0000   0.0000   0.0000   0.0000   0.0000   0.0000   0.0000   0.0000   0.0000   0.0000 
  0.0000   0.0000   0.0000   0.0000   0.0000   0.0000   0.0000   0.0000   0.0000   0.0000 
  0.0000   0.0000   0.0000   0.0000   0.0000   0.0000   0.0000   0.0000   0.0000   0.0000 
  0.0000   0.0000   0.0000   0.0000   0.0000   0.0000   0.0000   0.0000   0.0000   0.0000 
  0.0000   0.0000   0.0000   0.0000   0.0000   0.0000   0.0000   0.0000   0.0000   0.0000 
  0.0000   0.0000   0.0000   0.0000   0.0000   0.0000   0.0000   0.0000   0.0000   0.0000 
  0.0000   0.0000   0.0000   0.0000   0.0000   0.0000   0.0000   0.0000   0.0000   0.0000 
  0.0000   0.0000   0.0000   0.0000   0.0000   0.0000   0.0000   0.0000   0.0000   0.0000 
  0.0000   0.0000   0.0000   0.0000   0.0000   0.0000   0.0000   0.0000   0.0000   0.0000 
  0.0000   0.0000   0.0000   0.0000   0.0000   0.0000   0.0000   0.0000   0.0000   0.0000 
  0.0000   0.0000   0.0000   0.0000   0.0000   0.0000   0.0000   0.0000   0.0000   0.0000 
  0.0000   0.0000   0.0000   0.0000   0.0000   0.0000   0.0000   0.0000   0.0000   0.0000 
  0.0000   0.0000   0.0000   0.0000   0.0000   0.0000   0.0000   0.0000   0.0000   0.0000 
  0.0000   0.0000   0.0000   0.0000   0.0000   0.0000   0.0000   0.0000   0.0000   0.0000 
  0.0000   0.0000   0.0000   0.0000   0.0000   0.0000   0.0000   0.0000   0.0000   0.0000 
  0.0000   0.0000   0.0000   0.0000   0.0000   0.0000   0.0000   0.0000   0.0000   0.0000 
  0.0000   0.0000   0.0000   0.0000   0.0000   0.0000   0.0000   0.0000   0.0000   0.0000 
  0.0000   0.0000   0.0000   0.0000   0.0000   0.0000   0.0000   0.0000   0.0000   0.0000 
  0.0000   0.0000   0.0000   0.0000   0.0000   0.0000   0.0000   0.0000   0.0000   0.0000 
  0.0000   0.0000   0.0000   0.0000   0.0000   0.0000   0.0000   0.0000   0.0000   0.0000 
  0.0000   0.0000   0.0000   0.0000   0.0000   0.0000   0.0000   0.0000   0.0000   0.0000 
  0.0000   0.0000   0.0000   0.0000   0.0000   0.0000   0.0000   0.0000   0.0000   0.0000 
  0.0000   0.0000   0.0000   0.0000   0.0000   0.0000   0.0000   0.0000   0.0000   0.0000 
  0.0000   0.0000   0.0000   0.0000   0.0000   0.0000   0.0000   0.0000   0.0000   0.0000 
  0.0000   0.0000   0.0000   0.0000   0.0000   0.0000   0.0000   0.0000   0.0000   0.0000 
  0.0000   0.0000   0.0000   0.0000   0.0000   0.0000   0.0000   0.0000   0.0000   0.0000 
  0.0000   0.0000   0.0000   0.0000   0.0000   0.0000   0.0000   0.0000   0.0000   0.0000 
  0.0000   0.0000   0.0000   0.0000   0.0000   0.0000   0.0000   0.0000   0.0000   0.0000 
  0.0000   0.0000   0.0000   0.0000   0.0000   0.0000   0.0000   0.0000   0.0000   0.0000 
  0.0000   0.0000   0.0000   0.0000   0.0000   0.0000   0.0000   0.0000   0.0000   0.0000 
  0.0000   0.0000   0.0000   0.0000   0.0000   0.0000   0.0000   0.0000   0.0000   0.0000 
  0.0000   0.0000   0.0000   0.0000   0.0000   0.0000   0.0000   0.0000   0.0000   0.0000 
  0.0000   0.0000   0.0000   0.0000   0.0000   0.0000   0.0000   0.0000   0.0000   0.0000 
  0.0000   0.0000   0.0000   0.0000   0.0000   0.0000   0.0000   0.0000   0.0000   0.0000 
  0.0000   0.0000   0.0000   0.0000   0.0000   0.0000   0.0000   0.0000   0.0000   0.0000 
  0.0000   0.0000   0.0000   0.0000   0.0000   0.0000   0.0000   0.0000   0.0000   0.0000 
  0.0000   0.0000   0.0000   0.0000   0.0000   0.0000   0.0000   0.0000   0.0000   0.0000 
  0.0000   0.0000   0.0000   0.0000   0.0000   0.0000   0.0000   0.0000   0.0000   0.0000 
  0.0000   0.0000   0.0000   0.0000   0.0000   0.0000   0.0000   0.0000   0.0000   0.0000 
  0.0000   0.0000   0.0000   0.0000   0.0000   0.0000   0.0000   0.0000   0.0000   0.0000 
  0.0000   0.0000   0.0000   0.0000   0.0000   0.0000   0.0000   0.0000   0.0000   0.0000 
  0.0000   0.0000   0.0000   0.0000   0.0000   0.0000   0.0000   0.0000   0.0000   0.0000 
  0.0000   0.0000   0.0000   0.0000   0.0000   0.0000   0.0000   0.0000   0.0000   0.0000 
  0.0000   0.0000   0.0000   0.0000   0.0000   0.0000   0.0000   0.0000   0.0000   0.0000 
  0.0000   0.0000   0.0000   0.0000   0.0000   0.0000   0.0000   0.0000   0.0000   0.0000 
  0.0000   0.0000   0.0000   0.0000   0.0000   0.0000   0.0000   0.0000   0.0000   0.0000 
  0.0000   0.0000   0.0000   0.0000   0.0000   0.0000   0.0000   0.0000   0.0000   0.0000 
  0.0000   0.0000   0.0000   0.0000   0.0000   0.0000   0.0000   0.0000   0.0000   0.0000 
  0.0000   0.0000   0.0000   0.0000   0.0000   0.0000   0.0000   0.0000   0.0000   0.0000 
  0.0000   0.0000   0.0000   0.0000   0.0000   0.0000   0.0000   0.0000   0.0000   0.0000 
  0.0000   0.0000   0.0000   0.0000   0.0000   0.0000   0.0000   0.0000   0.0000   0.0000 
  0.0000   0.0000   0.0000   0.0000   0.0000   0.0000   0.0000   0.0000   0.0000   0.0000 
  0.0000   0.0000   0.0000   0.0000   0.0000   0.0000   0.0000   0.0000   0.0000   0.0000 
  0.0000   0.0000   0.0000   0.0000   0.0000   0.0000   0.0000   0.0000   0.0000   0.0000 
  0.0000   0.0000   0.0000   0.0000   0.0000   0.0000   0.0000   0.0000   0.0000   0.0000 
  0.0000   0.0000   0.0000   0.0000   0.0000   0.0000   0.0000   0.0000   0.0000   0.0000 
  0.0000   0.0000   0.0000   0.0000   0.0000   0.0000   0.0000   0.0000   0.0000   0.0000 
  0.0000   0.0000   0.0000   0.0000   0.0000   0.0000   0.0000   0.0000   0.0000   0.0000 
  0.0000   0.0000   0.0000   0.0000   0.0000   0.0000   0.0000   0.0000   0.0000   0.0000 
  0.0000   0.0000   0.0000   0.0000   0.0000   0.0000   0.0000   0.0000   0.0000   0.0000 
  0.0000   0.0000   0.0000   0.0000   0.0000   0.0000   0.0000   0.0000   0.0000   0.0000 
  0.0000   0.0000   0.0000   0.0000   0.0000   0.0000   0.0000   0.0000   0.0000   0.0000 
  0.0000   0.0000   0.0000   0.0000   0.0000   0.0000   0.0000   0.0000   0.0000   0.0000 
  0.0000   0.0000   0.0000   0.0000   0.0000   0.0000   0.0000   0.0000   0.0000   0.0000 
  0.0000   0.0000   0.0000   0.0000   0.0000   0.0000   0.0000   0.0000   0.0000   0.0000 
  0.0000   0.0000   0.0000   0.0000   0.0000   0.0000   0.0000   0.0000   0.0000   0.0000 
  0.0000   0.0000   0.0000   0.0000   0.0000   0.0000   0.0000   0.0000   0.0000   0.0000 
  0.0000   0.0000   0.0000   0.0000   0.0000   0.0000   0.0000   0.0000   0.0000   0.0000 
  0.0000   0.0000   0.0000   0.0000   0.0000   0.0000   0.0000   0.0000   0.0000   0.0000 
  0.0000   0.0000   0.0000   0.0000   0.0000   0.0000   0.0000   0.0000   0.0000   0.0000 
  0.0000   0.0000   0.0000   0.0000   0.0000   0.0000   0.0000   0.0000   0.0000   0.0000 
  0.0000   0.0000   0.0000   0.0000   0.0000   0.0000   0.0000   0.0000   0.0000   0.0000 
  0.0000   0.0000   0.0000   0.0000   0.0000   0.0000   0.0000   0.0000   0.0000   0.0000 
  0.0000   0.0000   0.0000   0.0000   0.0000   0.0000   0.0000   0.0000   0.0000   0.0000 
  0.0000   0.0000   0.0000   0.0000   0.0000   0.0000   0.0000   0.0000   0.0000   0.0000 
  0.0000   0.0000   0.0000   0.0000   0.0000   0.0000   0.0000   0.0000   0.0000   0.0000 
  0.0000   0.0000   0.0000   0.0000   0.0000   0.0000   0.0000   0.0000   0.0000   0.0000 
  0.0000   0.0000   0.0000   0.0000   0.0000   0.0000   0.0000   0.0000   0.0000   0.0000 
  0.0000   0.0000   0.0000   0.0000   0.0000   0.0000   0.0000   0.0000   0.0000   0.0000 
