y-axis acceleration data

 -0.3242  -0.5845  -0.6421  -0.5552  -0.8799  -0.5781  -0.6597  -0.5664  -0.5796  -0.6113 
 -0.4175  -0.6372  -0.6270  -0.4160  -0.7246  -0.7251  -0.5186  -0.5142  -0.6836  -0.5503 
 -0.5762  -0.6211  -0.4429  -0.5806  -0.6348  -0.7441  -0.4712  -0.5044  -0.4604  -0.4854 
 -0.5713  -0.4585  -0.3872  -0.5146  -0.4282  -0.6421  -0.6299  -0.4507  -0.7148  -0.4727 
 -0.4658  -0.5796  -0.7349  -0.5527  -0.3945  -0.6128  -0.4922  -0.3921  -0.6772  -0.4380 
 -0.4927  -0.7368  -0.6724  -0.5430  -0.5830  -0.7036  -0.3867  -0.3916  -0.6572  -0.4736 
 -0.6143  -0.6416  -0.5698  -0.3662  -0.8403  -0.7046  -0.5688  -0.4531  -0.7100  -0.5391 
 -0.7964  -0.5122  -0.5508  -0.4038  -0.4404  -0.6250  -0.6279  -0.4917  -0.8232  -0.5205 
 -0.0562  -0.5928  -0.5166  -0.3066  -0.4121  -0.5210  -0.4204  -0.4048  -0.7432  -0.5122 
 -0.3555  -0.6836  -0.6064  -0.2661  -0.7407  -0.5605  -0.2568  -0.4263  -0.7236  -0.5220 
 -0.8579  -0.6064  -0.7041  -0.1753  -0.5747  -0.6631  -0.2813  -0.3008  -0.6367  -0.5737 
 -0.9663  -0.4771  -0.6230  -0.1948  -0.3501  -0.5947  -0.3477  -0.3501  -0.8379  -0.6602 
 -0.5762  -0.5522  -0.5293  -0.2202  -0.5034  -0.5347  -0.4023  -0.2866  -0.7842  -0.6724 
 -0.5039  -0.6279  -0.5244  -0.2778  -0.6147  -0.5151  -0.2993  -0.1763  -0.5649  -0.6553 
 -0.7026  -0.5615  -0.6143  -0.1797  -0.5913  -0.5947  -0.1978  -0.1152  -0.5112  -0.7158 
 -0.8145  -0.5537  -0.6108  -0.0532  -0.6392  -0.5518  -0.2402  -0.1421  -0.5142  -0.6963 
 -0.5605  -0.5713  -0.5562  -0.0991  -0.5103  -0.5122  -0.2065  -0.2197  -0.5044  -0.6113 
 -0.4219  -0.6016  -0.5938  -0.1206  -0.5986  -0.5044  -0.0444  -0.1016  -0.4976  -0.6587 
 -0.5103  -0.5400  -0.5425  -0.0615  -0.5933  -0.4175  -0.0791  -0.0835  -0.5610  -0.6626 
 -0.6338  -0.5122  -0.6387  -0.0562  -0.5420  -0.5166  -0.0205  -0.0874  -0.7339  -0.6216 
 -0.5942  -0.5449  -0.6030   0.2432  -0.5122  -0.4229   0.0435   0.0337  -0.6216  -0.5786 
 -0.5176  -0.5039  -0.5371   0.4746  -0.4907  -0.3638   0.0981   0.0737  -0.3975  -0.6665 
 -0.4507  -0.5020  -0.6416   0.4199  -0.3931  -0.4609   0.1475   0.0737  -0.6851  -0.6440 
 -0.4609  -0.4341  -0.6123   0.8511  -0.4912  -0.3472   0.1367   0.1265  -0.4683  -0.6123 
 -0.4404  -0.4092  -0.3657   0.8408  -0.4512  -0.2178   0.1675   0.2271  -0.8115  -0.5615 
 -0.3647  -0.4048  -0.3438   1.0586  -0.4204  -0.3594   0.5137   0.3936  -0.4702  -0.6904 
 -0.3652  -0.4395  -0.4521   1.0703  -0.3623  -0.3018   0.5913   0.5391  -0.6558  -0.6479 
 -0.3042  -0.5352  -0.4800   1.1636  -0.5420  -0.1265   0.5166   0.7085  -0.8311  -0.6553 
 -0.0684  -0.3223  -0.2354   1.2104  -0.4756  -0.1182   0.8120   0.8896  -0.5854  -0.6509 
 -0.1733  -0.2974  -0.2617   1.2778  -0.3174  -0.2046   0.9995   0.9702  -0.4219  -0.7251 
 -0.1636  -0.4346  -0.1924   1.1216  -0.4292  -0.1826   1.0552   1.1128  -0.4844  -0.6357 
 -0.2163  -0.3813  -0.1377   1.3784  -0.5161  -0.1411   1.0371   1.2300  -0.6685  -0.6309 
 -0.1104  -0.1797  -0.2021   0.3281  -0.4019  -0.1743   1.1729   1.2070  -0.7559  -0.6387 
 -0.0801  -0.1904  -0.2393  -0.1357  -0.2056  -0.0122   1.2949   1.1055  -0.5615  -0.6533 
 -0.2144  -0.2285  -0.1216  -0.4946  -0.2876   0.1182   1.1499   1.0776  -0.5254  -0.6387 
 -0.1323  -0.0610   0.0620  -0.9937  -0.2007  -0.0278   1.2422   1.0415  -0.5591  -0.6177 
 -0.1460  -0.2480   0.2344  -2.1606  -0.0938  -0.0186   0.8120   1.4170  -0.6382  -0.6030 
 -0.1787  -0.1025   0.0557   1.9609  -0.0146   0.2563  -0.1592   0.7725  -0.6943  -0.6382 
  0.0083  -0.0005   0.2529   4.9521  -0.0552   0.2534  -0.4248  -0.4995  -0.6260  -0.6475 
  0.1421   0.0259   0.5811  -1.5352  -0.0259   0.3052  -1.4976  -0.4390  -0.5967  -0.5737 
  0.0752  -0.0415   0.6875  -1.1909  -0.1353   0.5181  -0.6172  -1.6050  -0.5752  -0.5991 
  0.0557   0.1826   0.7310   1.8374  -0.0210   0.7334  -3.2378  -0.2490  -0.5498  -0.6465 
  0.2583   0.3774   1.0464   1.0649   0.1963   0.7637   4.0161  -1.5615  -0.4355  -0.6196 
  0.4282   0.3774   1.0742  -0.2461   0.0117   0.9424   1.0845   4.4727  -0.4907  -0.5737 
  0.6558   0.4409   1.1567   0.4209   0.0347   1.1494  -1.9150  -0.1055  -0.4141  -0.5493 
  0.6328   0.4771   1.2437   0.4155   0.3296   1.2769   1.5293  -1.8247  -0.3818  -0.5176 
  0.8208   0.7822   1.2119   0.0957   0.4697   1.0576   0.6904   2.3979  -0.4248  -0.5137 
  1.0376   0.9175   1.2290   0.4561   0.6602   1.1558  -1.0186  -0.5029  -0.3770  -0.5474 
  1.0884   1.1118   1.0288   0.1348   0.6948   1.1162   0.5493   0.7778  -0.3633  -0.3604 
  1.1289   0.9634   0.3208  -0.5239   0.8608   1.2603   1.3691   1.3149  -0.4419  -0.3989 
  1.1904   1.1426  -0.0044  -0.3335   1.1567   1.1191  -0.0635  -0.6470  -0.4282  -0.4238 
  1.1118   1.3862  -0.3857  -0.1543   1.1724  -0.2231  -0.2749  -0.6870  -0.3740  -0.5146 
  1.1597   1.2974  -1.3354   0.1641   1.1401  -0.7651   0.6812   0.6055  -0.3906  -0.5317 
  0.9238   1.0356  -1.1904   0.4146   1.2456  -0.6123   0.7290   0.9712  -0.4067  -0.4458 
 -0.0547   0.9292   2.3237   0.4390   1.0728  -1.1050   0.3853   0.8384  -0.4116  -0.2725 
 -0.1836  -0.1831   7.0518   0.4399   0.9336  -4.1240   0.1934   0.5151  -0.4541  -0.1538 
 -0.6011  -0.2212  -0.5840   0.4937   0.6973   2.6323   0.2417   0.2368  -0.4307  -0.1045 
 -1.1538  -1.0088  -1.7646   0.5107  -0.1279   4.0503   0.3086  -0.0488  -0.5068  -0.1851 
 -2.6938  -0.7363   0.6943   0.2363  -0.2466  -0.4194   0.1260  -0.1021  -0.4888  -0.0981 
  3.7930  -2.5698  -1.4360  -0.0020  -0.8198   1.1440  -0.1953   0.0693  -0.4829  -0.1021 
  1.9902   5.2407   0.9463  -0.1274  -0.9312   0.9839  -0.3032   0.2319  -0.4375   0.0103 
 -1.4292   0.2544   1.1885  -0.2783  -2.8975  -0.1470  -0.1787  -0.0200  -0.5410   0.0845 
  0.8149  -3.1768   0.1572  -0.5142   4.5537   0.1260  -0.1636  -0.1460  -0.5479   0.0620 
 -0.6167   1.4404  -0.2324  -0.7910   0.8408  -0.0107  -0.0776   0.0874  -0.4463   0.1235 
 -0.4468   1.2607   0.3735  -0.3896  -2.6714  -0.3262  -0.1772   0.0825  -0.4595   0.1611 
  0.9287  -1.6626   0.7363  -0.1230   1.4980  -0.3584  -0.3833  -0.2188  -0.4512   0.2300 
  1.2700   1.4561   0.5928  -0.3311   0.9453   0.3452  -0.4473  -0.4570  -0.4448   0.2329 
  1.1343   1.3701   0.2603  -0.2876  -0.8457   0.8979  -0.3530  -0.6499  -0.4248   0.3530 
  0.6182  -0.0635   0.1880   0.3145   0.2822   0.8262  -0.2031  -1.2642  -0.3608   0.4253 
  0.1025  -0.3125   0.1328   0.6338   0.6538   0.6309  -0.1646  -2.0078  -0.3633   0.5210 
 -0.1646   0.3799   0.0308   0.5601   1.1138   0.5308  -0.2910  -0.3472  -0.3755   0.6670 
 -0.2563   0.6172  -0.1235  -0.9434   1.2334   0.4165  -0.8677   0.4229  -0.3950   0.7490 
 -0.1895   0.4619  -0.2402   0.4370   0.4575   0.1392  -0.4844   0.0063  -0.3472   0.9102 
 -0.0732   0.2051  -0.3755   0.5791  -0.0259  -0.0752   1.5645  -0.5229  -0.3550   1.0371 
 -0.0171  -0.0313  -0.5127   3.0396  -0.0532  -0.2153   2.3755  -0.3242  -0.3716   1.1230 
 -0.1274  -0.1040  -0.4648  -0.9102   0.0908  -0.3833   1.7119  -0.3091  -0.3931   1.1484 
 -0.4111  -0.0815  -0.1377  -0.1333  -0.0679  -0.7070  -1.1797  -0.5210  -0.3765   1.1025 
 -0.6851  -0.0991   0.0952   0.1333  -0.0571  -1.0830  -0.4761  -0.6460  -0.3623   1.1279 
 -0.3481  -0.0986   0.0986   0.1050  -0.0625  -0.7134   0.2144  -0.7603  -0.3545   1.0879 
  0.0156  -0.1890  -1.4365  -0.1333  -0.1509  -0.5049   0.2612  -0.5293  -0.3906   1.3276 
 -0.2368  -0.1343  -2.1958  -0.2222  -0.5522  -0.3706   0.2563  -0.4590  -0.4058   0.2314 
 -0.3931  -0.0415   0.4932  -0.1797  -0.6978  -0.3691  -0.1133  -0.6587  -0.4136   0.0874 
 -1.3193  -0.0459   1.3882  -0.1450  -0.6621   0.0010  -0.4873  -0.6304  -0.3726  -0.5820 
 -0.3140  -0.0820   1.9385  -0.1714  -0.4785  -0.1738  -0.5713  -0.8271  -0.3408  -1.2065 
  2.0718  -0.1421  -2.1567   0.0283  -0.1221  -0.5557  -0.4253  -0.8296  -0.3735  -1.2397 
  2.3911  -0.7847  -1.0840   0.1484   0.1001  -0.7471  -0.1641  -0.7861  -0.4023   0.2471 
  0.2461  -1.1675  -0.8252   0.0669  -0.0293   0.7417  -0.0107  -0.5835  -0.3848   4.5425 
 -0.7329   0.1797  -0.4385  -0.1650  -1.0225   1.0317  -0.0371  -0.2861  -0.4072  -0.6357 
  0.7222   1.7173  -0.8418  -0.2158  -1.7559   2.0327  -0.1143  -0.0918  -0.4712   0.1816 
  0.2788   2.5498  -0.9399  -0.1851   0.4775  -1.3062  -0.1548  -0.0513  -0.4399   1.8320 
  0.0781  -0.3159  -0.4253  -0.1079   1.3159  -0.3433  -0.1606  -0.1909  -0.4131   0.0962 
 -0.5991  -0.4424  -0.2266  -0.0645   2.5332   0.9302  -0.1265  -0.2402  -0.4282   0.0562 
 -0.7017   0.2910  -0.3755  -0.0317   0.0879   0.6147  -0.0371  -0.3193  -0.4888   0.5146 
 -0.3081   0.1528  -0.5967  -0.0381  -0.8149   0.9199   0.0400  -0.3320  -0.5361   0.2227 
 -0.0532   0.0293  -0.3726  -0.0757  -0.0610   0.4097   0.0518  -0.3486  -0.4409   0.2144 
  0.1216  -0.0151  -0.1978  -0.0747   0.0537  -0.3071   0.0088  -0.3120  -0.3496   0.6992 
  0.1309  -0.2529  -0.3467  -0.0767   0.2031  -0.6631  -0.0327  -0.2783  -0.4453   0.5562 
 -0.1572  -0.3818  -0.5273  -0.0234   0.1201  -0.4990  -0.0547  -0.2769  -0.5176   0.2080 
 -0.4971  -0.3970  -0.5659   0.0205  -0.2056  -0.0493  -0.0430  -0.2651  -0.5186   0.1968 
 -0.5845  -0.2041  -0.5698   0.0034  -0.5630   0.2036  -0.0283  -0.2700  -0.4922   0.2808 
 -0.3594  -0.0381  -0.4912  -0.0488  -0.4497   0.2085  -0.0215  -0.2871  -0.4521   0.2568 
 -0.0781  -0.0923  -0.5278  -0.1440  -0.1636   0.0581  -0.0703  -0.3516  -0.4922   0.0908 
  0.0957  -0.2271  -0.5967  -0.1768   0.1558  -0.1196  -0.1387  -0.3091  -0.5342  -0.0962 
  0.1504  -0.2324  -0.6074  -0.1333   0.2251  -0.1694  -0.1738  -0.1489  -0.5693  -0.1470 
  0.1772  -0.1431  -0.5625  -0.0903   0.1929  -0.1714  -0.1431  -0.0522  -0.5146  -0.3262 
  0.1802  -0.0547  -0.4971  -0.0879   0.0269  -0.1147  -0.1123   0.0645  -0.4854  -0.6348 
  0.1880   0.0547  -0.4058  -0.1162  -0.0698  -0.0474  -0.0981  -0.1548  -0.5571  -0.8560 
  0.1470   0.1284  -0.3945  -0.1318  -0.1035   0.0029  -0.1089  -0.4854  -0.6357  -0.7783 
  0.1167   0.1611  -0.3511  -0.1353  -0.1133   0.0127  -0.1182  -0.5107  -0.6489  -0.5952 
  0.0640   0.1357  -0.3364  -0.1372  -0.1143  -0.0430  -0.0962  -0.3711  -0.5449  -0.2695 
  0.0186   0.0830  -0.3120  -0.1396  -0.1279  -0.0679  -0.0918  -0.2236  -0.5259   0.1973 
 -0.0762   0.0845  -0.2822  -0.1440  -0.1475  -0.0591  -0.0845  -0.1616  -0.5747  -0.2646 
 -0.1602   0.0493  -0.2051  -0.1460  -0.1050  -0.0273  -0.0703  -0.0718  -0.4956  -1.0957 
 -0.1968   0.0063  -0.1538  -0.1396  -0.0615  -0.0640  -0.0610  -0.0474  -0.4390   0.9751 
 -0.1875  -0.0234  -0.1274  -0.1426   0.0161  -0.0869  -0.0605  -0.2031  -0.4570   0.9692 
 -0.2095  -0.1025  -0.1709  -0.1382   0.0132  -0.1460  -0.0601  -0.4839  -0.4106   1.8296 
 -0.2139  -0.0923  -0.2778  -0.1255   0.0000  -0.1450  -0.0684  -0.5762  -0.5024  -0.4043 
 -0.2280  -0.1323  -0.3149  -0.1128   0.0244  -0.1641  -0.0620  -0.5903  -0.4111   0.5776 
 -0.0684  -0.2417  -0.3101  -0.1113  -0.0347  -0.1411  -0.0674  -0.4370  -0.4272   0.2031 
 -0.0425  -0.2798  -0.2793  -0.1182  -0.1250  -0.1382  -0.0732  -0.3203  -0.3149  -0.0415 
 -0.2495  -0.2651  -0.2505  -0.1221  -0.1724  -0.0854  -0.0596  -0.3594  -0.2637  -0.1367 
 -0.3940  -0.2778  -0.2358  -0.1074  -0.1621  -0.0332  -0.0493  -0.3208  -0.4780  -0.3179 
 -0.4224  -0.3022  -0.2148  -0.1235  -0.1597  -0.0444  -0.0620  -0.3340  -0.3159  -0.6953 
 -0.5000  -0.2935  -0.1968  -0.1255  -0.1172  -0.0874  -0.0806  -0.4805  -0.2573  -0.8125 
 -0.4902  -0.2510  -0.1802  -0.1074  -0.1045  -0.0674  -0.0854  -0.5918  -0.2339  -0.5508 
 -0.4443  -0.2324  -0.1660  -0.0986  -0.1089  -0.0581  -0.0923  -0.5532  -0.0610  -0.2207 
 -0.4482  -0.2148  -0.1436  -0.0874  -0.1338  -0.0225  -0.1006  -0.4473  -0.0972  -0.0381 
 -0.4644  -0.1997  -0.1040  -0.0850  -0.1426  -0.0244  -0.1040  -0.4937  -0.1401  -0.1104 
 -0.4067  -0.2104  -0.0933  -0.0952  -0.1284  -0.0259  -0.1133  -0.5425   0.0073  -0.2041 
 -0.3745  -0.2432  -0.0879  -0.1206  -0.0986  -0.0371  -0.1323  -0.5527   0.1382  -0.1611 
 -0.3740  -0.2329  -0.0786  -0.1855  -0.1333  -0.0527  -0.1538  -0.5371   0.1313  -0.0786 
 -0.3843  -0.2725  -0.0151  -0.2246  -0.1514  -0.0723  -0.1641  -0.4482   0.0933   0.0186 
 -0.3682  -0.2832   0.0259  -0.2490  -0.1689  -0.0557  -0.1489  -0.6221   0.1187   0.0688 
 -0.3604  -0.2759   0.0195  -0.2598  -0.1563  -0.0225  -0.1333  -0.4619   0.2065   0.0713 
 -0.3779  -0.2607   0.0054  -0.2529  -0.1445  -0.0112  -0.1152   0.0181   0.4937   0.0298 
 -0.4668  -0.2373  -0.0171  -0.2378  -0.1309  -0.0127  -0.1152  -0.7041   0.4136  -0.0688 
 -0.7144  -0.2363  -0.1216  -0.2275  -0.1206  -0.0107  -0.1440  -1.5967   0.6323  -0.1240 
 -0.7832  -0.2339  -0.1709  -0.2051  -0.1357  -0.0117  -0.1812  -2.1323   0.9224  -0.1455 
 -0.6187  -0.2471  -0.1729  -0.1885  -0.1343  -0.0430  -0.2046  -1.9106   0.9419  -0.0864 
 -0.4346  -0.2539  -0.1504  -0.1699  -0.0991  -0.0513  -0.2036   1.9360   0.9961  -0.0386 
 -0.3477  -0.2144  -0.1338  -0.1401  -0.0537  -0.0679  -0.1694   0.0000   1.0391  -0.0757 
 -0.3555  -0.2300  -0.1396  -0.0986  -0.0259  -0.0649  -0.1216   0.0000   1.1865  -0.1528 
 -0.3242  -0.2764  -0.1523  -0.0591  -0.0234  -0.0547  -0.0776   0.0000   1.1777  -0.1470 
 -0.2046  -0.2993  -0.1890  -0.0630  -0.0283  -0.0679  -0.0483   0.0000   1.1108  -0.0518 
 -0.0596  -0.2686  -0.2070  -0.0981  -0.0308  -0.0859  -0.0640   0.0000   1.1841   0.0420 
  0.0420  -0.2427  -0.1982  -0.1196  -0.0376  -0.0996  -0.1030   0.0000   1.0879   0.1367 
  0.0571  -0.2480  -0.1802  -0.1216  -0.0264  -0.1094  -0.1353   0.0000   0.1875   0.0684 
  0.0840  -0.2588  -0.1729   0.0000  -0.0244  -0.1289  -0.1553   0.0000  -0.5078  -0.0034 
  0.0981   0.0000  -0.1670   0.0000  -0.0308  -0.1270  -0.1670   0.0000  -0.5581   0.0078 
  0.1392   0.0000  -0.1597   0.0000  -0.0566  -0.1182  -0.1489   0.0000  -1.3750  -0.0078 
  0.2153   0.0000  -0.1392   0.0000  -0.0781  -0.1279  -0.1582   0.0000  -1.0786  -0.0151 
  0.3203   0.0000  -0.1069   0.0000  -0.0781  -0.1416  -0.1655   0.0000   1.0425  -0.0518 
  0.4106   0.0000  -0.1108   0.0000  -0.0503  -0.1299  -0.1616   0.0000   4.7529  -0.0928 
  0.5005   0.0000   0.0000   0.0000  -0.0601  -0.1152  -0.1514   0.0000   0.0464  -0.0898 
  0.6221   0.0000   0.0000   0.0000  -0.0947  -0.1045  -0.1367   0.0000   0.3193  -0.0503 
  0.5620   0.0000   0.0000   0.0000  -0.1182  -0.0981  -0.0991   0.0000  -0.1367  -0.0400 
  0.5352   0.0000   0.0000   0.0000  -0.1187  -0.0815  -0.0352   0.0000  -0.0122  -0.0674 
  0.4956   0.0000   0.0000   0.0000  -0.1138  -0.0664   0.0000   0.0000   1.0303  -0.0923 
  0.5518   0.0000   0.0000   0.0000  -0.1245  -0.0864   0.0000   0.0000   0.9292  -0.0576 
  0.6431   0.0000   0.0000   0.0000  -0.1343  -0.0942   0.0000   0.0000  -0.0273  -0.0083 
  0.6763   0.0000   0.0000   0.0000  -0.1484  -0.0786   0.0000   0.0000  -0.1099   0.0649 
  0.6309   0.0000   0.0000   0.0000  -0.1143  -0.0669   0.0000   0.0000   0.4048   0.0522 
  0.4600   0.0000   0.0000   0.0000  -0.0806  -0.0508   0.0000   0.0000   0.7334   0.0234 
  0.4116   0.0000   0.0000   0.0000  -0.0835  -0.0664   0.0000   0.0000   0.6846  -0.0122 
  0.6587   0.0000   0.0000   0.0000  -0.0942  -0.1147   0.0000   0.0000   0.4722  -0.0508 
  0.7007   0.0000   0.0000   0.0000  -0.0913  -0.1724   0.0000   0.0000   0.3120  -0.0708 
  0.3721   0.0000   0.0000   0.0000  -0.0811  -0.1563   0.0000   0.0000   0.1367  -0.0625 
  0.3120   0.0000   0.0000   0.0000  -0.0601  -0.1304   0.0000   0.0000  -0.1646  -0.0010 
  0.4478   0.0000   0.0000   0.0000  -0.0322  -0.0854   0.0000   0.0000  -0.2217   0.0054 
  0.3779   0.0000   0.0000   0.0000  -0.0356  -0.0835   0.0000   0.0000  -0.2358   0.0103 
  0.2559   0.0000   0.0000   0.0000  -0.0679  -0.1055   0.0000   0.0000  -0.2783  -0.0034 
  0.4326   0.0000   0.0000   0.0000  -0.0747  -0.1372   0.0000   0.0000  -0.2764   0.0171 
  0.3691   0.0000   0.0000   0.0000  -0.0923  -0.1206   0.0000   0.0000  -0.3203   0.0435 
  0.1978   0.0000   0.0000   0.0000  -0.0991  -0.0654   0.0000   0.0000  -0.5493   0.0659 
  0.1147   0.0000   0.0000   0.0000  -0.0762  -0.0220   0.0000   0.0000  -0.7559   0.0801 
  0.2192   0.0000   0.0000   0.0000  -0.0601  -0.0381   0.0000   0.0000  -0.9922   0.0654 
  0.2563   0.0000   0.0000   0.0000  -0.0737  -0.1387   0.0000   0.0000  -0.8062   0.0376 
  0.0820   0.0000   0.0000   0.0000  -0.1045  -0.2217   0.0000   0.0000  -0.3032   0.0137 
  0.0703   0.0000   0.0000   0.0000  -0.0913  -0.2607   0.0000   0.0000   0.0620  -0.0093 
  0.0000   0.0000   0.0000   0.0000  -0.0918  -0.2344   0.0000   0.0000  -0.7500   0.0215 
  0.0000   0.0000   0.0000   0.0000  -0.1206  -0.2046   0.0000   0.0000  -1.1714   0.0234 
  0.0000   0.0000   0.0000   0.0000  -0.1362  -0.1753   0.0000   0.0000   0.4268   0.0020 
  0.0000   0.0000   0.0000   0.0000  -0.2041   0.0000   0.0000   0.0000   0.3989   0.0093 
  0.0000   0.0000   0.0000   0.0000  -0.1992   0.0000   0.0000   0.0000   2.5479  -0.0386 
  0.0000   0.0000   0.0000   0.0000  -0.1953   0.0000   0.0000   0.0000  -0.3701  -0.0444 
  0.0000   0.0000   0.0000   0.0000  -0.2090   0.0000   0.0000   0.0000   0.5713  -0.0039 
  0.0000   0.0000   0.0000   0.0000  -0.2344   0.0000   0.0000   0.0000   0.2051  -0.0049 
  0.0000   0.0000   0.0000   0.0000  -0.2759   0.0000   0.0000   0.0000   0.3438   0.0625 
  0.0000   0.0000   0.0000   0.0000  -0.2979   0.0000   0.0000   0.0000   0.4385   0.1133 
  0.0000   0.0000   0.0000   0.0000  -0.2905   0.0000   0.0000   0.0000  -0.0156   0.1758 
  0.0000   0.0000   0.0000   0.0000  -0.2891   0.0000   0.0000   0.0000  -0.3286   0.2466 
  0.0000   0.0000   0.0000   0.0000  -0.2798   0.0000   0.0000   0.0000  -0.5313   0.1304 
  0.0000   0.0000   0.0000   0.0000  -0.2520   0.0000   0.0000   0.0000  -0.3491  -0.0571 
  0.0000   0.0000   0.0000   0.0000  -0.2378   0.0000   0.0000   0.0000  -0.1646  -0.1196 
  0.0000   0.0000   0.0000   0.0000  -0.2339   0.0000   0.0000   0.0000  -0.2065  -0.1025 
  0.0000   0.0000   0.0000   0.0000  -0.2124   0.0000   0.0000   0.0000  -0.2700  -0.0571 
  0.0000   0.0000   0.0000   0.0000  -0.1572   0.0000   0.0000   0.0000  -0.2446  -0.0649 
  0.0000   0.0000   0.0000   0.0000   0.0000   0.0000   0.0000   0.0000  -0.1245  -0.0688 
  0.0000   0.0000   0.0000   0.0000   0.0000   0.0000   0.0000   0.0000  -0.0444  -0.1948 
  0.0000   0.0000   0.0000   0.0000   0.0000   0.0000   0.0000   0.0000  -0.0249  -0.4121 
  0.0000   0.0000   0.0000   0.0000   0.0000   0.0000   0.0000   0.0000   0.0005  -0.5879 
  0.0000   0.0000   0.0000   0.0000   0.0000   0.0000   0.0000   0.0000  -0.0278  -0.6221 
  0.0000   0.0000   0.0000   0.0000   0.0000   0.0000   0.0000   0.0000  -0.0356  -0.5464 
  0.0000   0.0000   0.0000   0.0000   0.0000   0.0000   0.0000   0.0000  -0.0625  -0.5391 
  0.0000   0.0000   0.0000   0.0000   0.0000   0.0000   0.0000   0.0000  -0.0562  -0.5308 
  0.0000   0.0000   0.0000   0.0000   0.0000   0.0000   0.0000   0.0000  -0.0820  -0.6289 
  0.0000   0.0000   0.0000   0.0000   0.0000   0.0000   0.0000   0.0000   0.0171  -0.5552 
  0.0000   0.0000   0.0000   0.0000   0.0000   0.0000   0.0000   0.0000   0.1152  -0.5806 
  0.0000   0.0000   0.0000   0.0000   0.0000   0.0000   0.0000   0.0000   0.1104  -0.6387 
  0.0000   0.0000   0.0000   0.0000   0.0000   0.0000   0.0000   0.0000  -0.0728  -0.6729 
  0.0000   0.0000   0.0000   0.0000   0.0000   0.0000   0.0000   0.0000  -0.2075  -0.6523 
  0.0000   0.0000   0.0000   0.0000   0.0000   0.0000   0.0000   0.0000  -0.2573  -0.6260 
  0.0000   0.0000   0.0000   0.0000   0.0000   0.0000   0.0000   0.0000  -0.2021  -0.5781 
  0.0000   0.0000   0.0000   0.0000   0.0000   0.0000   0.0000   0.0000  -0.1367  -0.5620 
  0.0000   0.0000   0.0000   0.0000   0.0000   0.0000   0.0000   0.0000  -0.0981  -0.5645 
  0.0000   0.0000   0.0000   0.0000   0.0000   0.0000   0.0000   0.0000  -0.0244  -0.4819 
  0.0000   0.0000   0.0000   0.0000   0.0000   0.0000   0.0000   0.0000   0.0073  -0.4131 
  0.0000   0.0000   0.0000   0.0000   0.0000   0.0000   0.0000   0.0000  -0.0088  -0.4058 
  0.0000   0.0000   0.0000   0.0000   0.0000   0.0000   0.0000   0.0000  -0.0347  -0.3457 
  0.0000   0.0000   0.0000   0.0000   0.0000   0.0000   0.0000   0.0000  -0.0864  -0.3589 
  0.0000   0.0000   0.0000   0.0000   0.0000   0.0000   0.0000   0.0000  -0.0723  -0.4106 
  0.0000   0.0000   0.0000   0.0000   0.0000   0.0000   0.0000   0.0000  -0.0176  -0.4917 
  0.0000   0.0000   0.0000   0.0000   0.0000   0.0000   0.0000   0.0000   0.0273  -0.4404 
  0.0000   0.0000   0.0000   0.0000   0.0000   0.0000   0.0000   0.0000   0.0322  -0.3276 
  0.0000   0.0000   0.0000   0.0000   0.0000   0.0000   0.0000   0.0000   0.0078  -0.3481 
  0.0000   0.0000   0.0000   0.0000   0.0000   0.0000   0.0000   0.0000  -0.0078  -0.5132 
  0.0000   0.0000   0.0000   0.0000   0.0000   0.0000   0.0000   0.0000  -0.0366  -0.5654 
  0.0000   0.0000   0.0000   0.0000   0.0000   0.0000   0.0000   0.0000  -0.0332  -0.6235 
  0.0000   0.0000   0.0000   0.0000   0.0000   0.0000   0.0000   0.0000  -0.0400  -0.6748 
  0.0000   0.0000   0.0000   0.0000   0.0000   0.0000   0.0000   0.0000  -0.0532  -0.6865 
  0.0000   0.0000   0.0000   0.0000   0.0000   0.0000   0.0000   0.0000  -0.0547  -0.8311 
  0.0000   0.0000   0.0000   0.0000   0.0000   0.0000   0.0000   0.0000  -0.0483  -0.9297 
  0.0000   0.0000   0.0000   0.0000   0.0000   0.0000   0.0000   0.0000  -0.0547  -1.1094 
  0.0000   0.0000   0.0000   0.0000   0.0000   0.0000   0.0000   0.0000  -0.0342   2.0796 
  0.0000   0.0000   0.0000   0.0000   0.0000   0.0000   0.0000   0.0000  -0.0396  -2.6631 
  0.0000   0.0000   0.0000   0.0000   0.0000   0.0000   0.0000   0.0000  -0.0332  -0.9517 
  0.0000   0.0000   0.0000   0.0000   0.0000   0.0000   0.0000   0.0000  -0.0283  -1.2256 
  0.0000   0.0000   0.0000   0.0000   0.0000   0.0000   0.0000   0.0000   0.0000  -1.9067 
  0.0000   0.0000   0.0000   0.0000   0.0000   0.0000   0.0000   0.0000   0.0000  -2.0918 
  0.0000   0.0000   0.0000   0.0000   0.0000   0.0000   0.0000   0.0000   0.0000  -1.3960 
  0.0000   0.0000   0.0000   0.0000   0.0000   0.0000   0.0000   0.0000   0.0000  -1.2495 
  0.0000   0.0000   0.0000   0.0000   0.0000   0.0000   0.0000   0.0000   0.0000  -1.3013 
  0.0000   0.0000   0.0000   0.0000   0.0000   0.0000   0.0000   0.0000   0.0000  -1.1484 
  0.0000   0.0000   0.0000   0.0000   0.0000   0.0000   0.0000   0.0000   0.0000  -1.0176 
  0.0000   0.0000   0.0000   0.0000   0.0000   0.0000   0.0000   0.0000   0.0000  -0.8765 
  0.0000   0.0000   0.0000   0.0000   0.0000   0.0000   0.0000   0.0000   0.0000  -0.8926 
  0.0000   0.0000   0.0000   0.0000   0.0000   0.0000   0.0000   0.0000   0.0000  -1.0288 
  0.0000   0.0000   0.0000   0.0000   0.0000   0.0000   0.0000   0.0000   0.0000  -1.0000 
  0.0000   0.0000   0.0000   0.0000   0.0000   0.0000   0.0000   0.0000   0.0000  -0.9180 
  0.0000   0.0000   0.0000   0.0000   0.0000   0.0000   0.0000   0.0000   0.0000  -0.7964 
  0.0000   0.0000   0.0000   0.0000   0.0000   0.0000   0.0000   0.0000   0.0000   0.0000 
  0.0000   0.0000   0.0000   0.0000   0.0000   0.0000   0.0000   0.0000   0.0000   0.0000 
  0.0000   0.0000   0.0000   0.0000   0.0000   0.0000   0.0000   0.0000   0.0000   0.0000 
  0.0000   0.0000   0.0000   0.0000   0.0000   0.0000   0.0000   0.0000   0.0000   0.0000 
  0.0000   0.0000   0.0000   0.0000   0.0000   0.0000   0.0000   0.0000   0.0000   0.0000 
  0.0000   0.0000   0.0000   0.0000   0.0000   0.0000   0.0000   0.0000   0.0000   0.0000 
  0.0000   0.0000   0.0000   0.0000   0.0000   0.0000   0.0000   0.0000   0.0000   0.0000 
  0.0000   0.0000   0.0000   0.0000   0.0000   0.0000   0.0000   0.0000   0.0000   0.0000 
  0.0000   0.0000   0.0000   0.0000   0.0000   0.0000   0.0000   0.0000   0.0000   0.0000 
  0.0000   0.0000   0.0000   0.0000   0.0000   0.0000   0.0000   0.0000   0.0000   0.0000 
  0.0000   0.0000   0.0000   0.0000   0.0000   0.0000   0.0000   0.0000   0.0000   0.0000 
  0.0000   0.0000   0.0000   0.0000   0.0000   0.0000   0.0000   0.0000   0.0000   0.0000 
  0.0000   0.0000   0.0000   0.0000   0.0000   0.0000   0.0000   0.0000   0.0000   0.0000 
  0.0000   0.0000   0.0000   0.0000   0.0000   0.0000   0.0000   0.0000   0.0000   0.0000 
  0.0000   0.0000   0.0000   0.0000   0.0000   0.0000   0.0000   0.0000   0.0000   0.0000 
  0.0000   0.0000   0.0000   0.0000   0.0000   0.0000   0.0000   0.0000   0.0000   0.0000 
  0.0000   0.0000   0.0000   0.0000   0.0000   0.0000   0.0000   0.0000   0.0000   0.0000 
  0.0000   0.0000   0.0000   0.0000   0.0000   0.0000   0.0000   0.0000   0.0000   0.0000 
  0.0000   0.0000   0.0000   0.0000   0.0000   0.0000   0.0000   0.0000   0.0000   0.0000 
  0.0000   0.0000   0.0000   0.0000   0.0000   0.0000   0.0000   0.0000   0.0000   0.0000 
  0.0000   0.0000   0.0000   0.0000   0.0000   0.0000   0.0000   0.0000   0.0000   0.0000 
  0.0000   0.0000   0.0000   0.0000   0.0000   0.0000   0.0000   0.0000   0.0000   0.0000 
  0.0000   0.0000   0.0000   0.0000   0.0000   0.0000   0.0000   0.0000   0.0000   0.0000 
  0.0000   0.0000   0.0000   0.0000   0.0000   0.0000   0.0000   0.0000   0.0000   0.0000 
  0.0000   0.0000   0.0000   0.0000   0.0000   0.0000   0.0000   0.0000   0.0000   0.0000 
  0.0000   0.0000   0.0000   0.0000   0.0000   0.0000   0.0000   0.0000   0.0000   0.0000 
  0.0000   0.0000   0.0000   0.0000   0.0000   0.0000   0.0000   0.0000   0.0000   0.0000 
  0.0000   0.0000   0.0000   0.0000   0.0000   0.0000   0.0000   0.0000   0.0000   0.0000 
  0.0000   0.0000   0.0000   0.0000   0.0000   0.0000   0.0000   0.0000   0.0000   0.0000 
  0.0000   0.0000   0.0000   0.0000   0.0000   0.0000   0.0000   0.0000   0.0000   0.0000 
  0.0000   0.0000   0.0000   0.0000   0.0000   0.0000   0.0000   0.0000   0.0000   0.0000 
  0.0000   0.0000   0.0000   0.0000   0.0000   0.0000   0.0000   0.0000   0.0000   0.0000 
  0.0000   0.0000   0.0000   0.0000   0.0000   0.0000   0.0000   0.0000   0.0000   0.0000 
  0.0000   0.0000   0.0000   0.0000   0.0000   0.0000   0.0000   0.0000   0.0000   0.0000 
  0.0000   0.0000   0.0000   0.0000   0.0000   0.0000   0.0000   0.0000   0.0000   0.0000 
  0.0000   0.0000   0.0000   0.0000   0.0000   0.0000   0.0000   0.0000   0.0000   0.0000 
  0.0000   0.0000   0.0000   0.0000   0.0000   0.0000   0.0000   0.0000   0.0000   0.0000 
  0.0000   0.0000   0.0000   0.0000   0.0000   0.0000   0.0000   0.0000   0.0000   0.0000 
  0.0000   0.0000   0.0000   0.0000   0.0000   0.0000   0.0000   0.0000   0.0000   0.0000 
  0.0000   0.0000   0.0000   0.0000   0.0000   0.0000   0.0000   0.0000   0.0000   0.0000 
  0.0000   0.0000   0.0000   0.0000   0.0000   0.0000   0.0000   0.0000   0.0000   0.0000 
  0.0000   0.0000   0.0000   0.0000   0.0000   0.0000   0.0000   0.0000   0.0000   0.0000 
  0.0000   0.0000   0.0000   0.0000   0.0000   0.0000   0.0000   0.0000   0.0000   0.0000 
  0.0000   0.0000   0.0000   0.0000   0.0000   0.0000   0.0000   0.0000   0.0000   0.0000 
  0.0000   0.0000   0.0000   0.0000   0.0000   0.0000   0.0000   0.0000   0.0000   0.0000 
  0.0000   0.0000   0.0000   0.0000   0.0000   0.0000   0.0000   0.0000   0.0000   0.0000 
  0.0000   0.0000   0.0000   0.0000   0.0000   0.0000   0.0000   0.0000   0.0000   0.0000 
  0.0000   0.0000   0.0000   0.0000   0.0000   0.0000   0.0000   0.0000   0.0000   0.0000 
  0.0000   0.0000   0.0000   0.0000   0.0000   0.0000   0.0000   0.0000   0.0000   0.0000 
  0.0000   0.0000   0.0000   0.0000   0.0000   0.0000   0.0000   0.0000   0.0000   0.0000 
  0.0000   0.0000   0.0000   0.0000   0.0000   0.0000   0.0000   0.0000   0.0000   0.0000 
  0.0000   0.0000   0.0000   0.0000   0.0000   0.0000   0.0000   0.0000   0.0000   0.0000 
  0.0000   0.0000   0.0000   0.0000   0.0000   0.0000   0.0000   0.0000   0.0000   0.0000 
  0.0000   0.0000   0.0000   0.0000   0.0000   0.0000   0.0000   0.0000   0.0000   0.0000 
  0.0000   0.0000   0.0000   0.0000   0.0000   0.0000   0.0000   0.0000   0.0000   0.0000 
  0.0000   0.0000   0.0000   0.0000   0.0000   0.0000   0.0000   0.0000   0.0000   0.0000 
  0.0000   0.0000   0.0000   0.0000   0.0000   0.0000   0.0000   0.0000   0.0000   0.0000 
  0.0000   0.0000   0.0000   0.0000   0.0000   0.0000   0.0000   0.0000   0.0000   0.0000 
  0.0000   0.0000   0.0000   0.0000   0.0000   0.0000   0.0000   0.0000   0.0000   0.0000 
  0.0000   0.0000   0.0000   0.0000   0.0000   0.0000   0.0000   0.0000   0.0000   0.0000 
  0.0000   0.0000   0.0000   0.0000   0.0000   0.0000   0.0000   0.0000   0.0000   0.0000 
  0.0000   0.0000   0.0000   0.0000   0.0000   0.0000   0.0000   0.0000   0.0000   0.0000 
  0.0000   0.0000   0.0000   0.0000   0.0000   0.0000   0.0000   0.0000   0.0000   0.0000 
  0.0000   0.0000   0.0000   0.0000   0.0000   0.0000   0.0000   0.0000   0.0000   0.0000 
  0.0000   0.0000   0.0000   0.0000   0.0000   0.0000   0.0000   0.0000   0.0000   0.0000 
  0.0000   0.0000   0.0000   0.0000   0.0000   0.0000   0.0000   0.0000   0.0000   0.0000 
  0.0000   0.0000   0.0000   0.0000   0.0000   0.0000   0.0000   0.0000   0.0000   0.0000 
  0.0000   0.0000   0.0000   0.0000   0.0000   0.0000   0.0000   0.0000   0.0000   0.0000 
  0.0000   0.0000   0.0000   0.0000   0.0000   0.0000   0.0000   0.0000   0.0000   0.0000 
  0.0000   0.0000   0.0000   0.0000   0.0000   0.0000   0.0000   0.0000   0.0000   0.0000 
  0.0000   0.0000   0.0000   0.0000   0.0000   0.0000   0.0000   0.0000   0.0000   0.0000 
  0.0000   0.0000   0.0000   0.0000   0.0000   0.0000   0.0000   0.0000   0.0000   0.0000 
  0.0000   0.0000   0.0000   0.0000   0.0000   0.0000   0.0000   0.0000   0.0000   0.0000 
  0.0000   0.0000   0.0000   0.0000   0.0000   0.0000   0.0000   0.0000   0.0000   0.0000 
  0.0000   0.0000   0.0000   0.0000   0.0000   0.0000   0.0000   0.0000   0.0000   0.0000 
  0.0000   0.0000   0.0000   0.0000   0.0000   0.0000   0.0000   0.0000   0.0000   0.0000 
  0.0000   0.0000   0.0000   0.0000   0.0000   0.0000   0.0000   0.0000   0.0000   0.0000 
  0.0000   0.0000   0.0000   0.0000   0.0000   0.0000   0.0000   0.0000   0.0000   0.0000 
  0.0000   0.0000   0.0000   0.0000   0.0000   0.0000   0.0000   0.0000   0.0000   0.0000 
  0.0000   0.0000   0.0000   0.0000   0.0000   0.0000   0.0000   0.0000   0.0000   0.0000 
  0.0000   0.0000   0.0000   0.0000   0.0000   0.0000   0.0000   0.0000   0.0000   0.0000 
  0.0000   0.0000   0.0000   0.0000   0.0000   0.0000   0.0000   0.0000   0.0000   0.0000 
  0.0000   0.0000   0.0000   0.0000   0.0000   0.0000   0.0000   0.0000   0.0000   0.0000 
  0.0000   0.0000   0.0000   0.0000   0.0000   0.0000   0.0000   0.0000   0.0000   0.0000 
  0.0000   0.0000   0.0000   0.0000   0.0000   0.0000   0.0000   0.0000   0.0000   0.0000 
  0.0000   0.0000   0.0000   0.0000   0.0000   0.0000   0.0000   0.0000   0.0000   0.0000 
  0.0000   0.0000   0.0000   0.0000   0.0000   0.0000   0.0000   0.0000   0.0000   0.0000 
  0.0000   0.0000   0.0000   0.0000   0.0000   0.0000   0.0000   0.0000   0.0000   0.0000 
  0.0000   0.0000   0.0000   0.0000   0.0000   0.0000   0.0000   0.0000   0.0000   0.0000 
  0.0000   0.0000   0.0000   0.0000   0.0000   0.0000   0.0000   0.0000   0.0000   0.0000 
  0.0000   0.0000   0.0000   0.0000   0.0000   0.0000   0.0000   0.0000   0.0000   0.0000 
  0.0000   0.0000   0.0000   0.0000   0.0000   0.0000   0.0000   0.0000   0.0000   0.0000 
  0.0000   0.0000   0.0000   0.0000   0.0000   0.0000   0.0000   0.0000   0.0000   0.0000 
  0.0000   0.0000   0.0000   0.0000   0.0000   0.0000   0.0000   0.0000   0.0000   0.0000 
  0.0000   0.0000   0.0000   0.0000   0.0000   0.0000   0.0000   0.0000   0.0000   0.0000 
  0.0000   0.0000   0.0000   0.0000   0.0000   0.0000   0.0000   0.0000   0.0000   0.0000 
  0.0000   0.0000   0.0000   0.0000   0.0000   0.0000   0.0000   0.0000   0.0000   0.0000 
  0.0000   0.0000   0.0000   0.0000   0.0000   0.0000   0.0000   0.0000   0.0000   0.0000 
  0.0000   0.0000   0.0000   0.0000   0.0000   0.0000   0.0000   0.0000   0.0000   0.0000 
  0.0000   0.0000   0.0000   0.0000   0.0000   0.0000   0.0000   0.0000   0.0000   0.0000 
  0.0000   0.0000   0.0000   0.0000   0.0000   0.0000   0.0000   0.0000   0.0000   0.0000 
  0.0000   0.0000   0.0000   0.0000   0.0000   0.0000   0.0000   0.0000   0.0000   0.0000 
  0.0000   0.0000   0.0000   0.0000   0.0000   0.0000   0.0000   0.0000   0.0000   0.0000 
  0.0000   0.0000   0.0000   0.0000   0.0000   0.0000   0.0000   0.0000   0.0000   0.0000 
  0.0000   0.0000   0.0000   0.0000   0.0000   0.0000   0.0000   0.0000   0.0000   0.0000 
  0.0000   0.0000   0.0000   0.0000   0.0000   0.0000   0.0000   0.0000   0.0000   0.0000 
  0.0000   0.0000   0.0000   0.0000   0.0000   0.0000   0.0000   0.0000   0.0000   0.0000 
  0.0000   0.0000   0.0000   0.0000   0.0000   0.0000   0.0000   0.0000   0.0000   0.0000 
  0.0000   0.0000   0.0000   0.0000   0.0000   0.0000   0.0000   0.0000   0.0000   0.0000 
  0.0000   0.0000   0.0000   0.0000   0.0000   0.0000   0.0000   0.0000   0.0000   0.0000 
  0.0000   0.0000   0.0000   0.0000   0.0000   0.0000   0.0000   0.0000   0.0000   0.0000 
  0.0000   0.0000   0.0000   0.0000   0.0000   0.0000   0.0000   0.0000   0.0000   0.0000 
  0.0000   0.0000   0.0000   0.0000   0.0000   0.0000   0.0000   0.0000   0.0000   0.0000 
  0.0000   0.0000   0.0000   0.0000   0.0000   0.0000   0.0000   0.0000   0.0000   0.0000 
  0.0000   0.0000   0.0000   0.0000   0.0000   0.0000   0.0000   0.0000   0.0000   0.0000 
  0.0000   0.0000   0.0000   0.0000   0.0000   0.0000   0.0000   0.0000   0.0000   0.0000 
  0.0000   0.0000   0.0000   0.0000   0.0000   0.0000   0.0000   0.0000   0.0000   0.0000 
  0.0000   0.0000   0.0000   0.0000   0.0000   0.0000   0.0000   0.0000   0.0000   0.0000 
  0.0000   0.0000   0.0000   0.0000   0.0000   0.0000   0.0000   0.0000   0.0000   0.0000 
  0.0000   0.0000   0.0000   0.0000   0.0000   0.0000   0.0000   0.0000   0.0000   0.0000 
  0.0000   0.0000   0.0000   0.0000   0.0000   0.0000   0.0000   0.0000   0.0000   0.0000 
  0.0000   0.0000   0.0000   0.0000   0.0000   0.0000   0.0000   0.0000   0.0000   0.0000 
  0.0000   0.0000   0.0000   0.0000   0.0000   0.0000   0.0000   0.0000   0.0000   0.0000 
  0.0000   0.0000   0.0000   0.0000   0.0000   0.0000   0.0000   0.0000   0.0000   0.0000 
  0.0000   0.0000   0.0000   0.0000   0.0000   0.0000   0.0000   0.0000   0.0000   0.0000 
  0.0000   0.0000   0.0000   0.0000   0.0000   0.0000   0.0000   0.0000   0.0000   0.0000 
  0.0000   0.0000   0.0000   0.0000   0.0000   0.0000   0.0000   0.0000   0.0000   0.0000 
  0.0000   0.0000   0.0000   0.0000   0.0000   0.0000   0.0000   0.0000   0.0000   0.0000 
  0.0000   0.0000   0.0000   0.0000   0.0000   0.0000   0.0000   0.0000   0.0000   0.0000 
  0.0000   0.0000   0.0000   0.0000   0.0000   0.0000   0.0000   0.0000   0.0000   0.0000 
  0.0000   0.0000   0.0000   0.0000   0.0000   0.0000   0.0000   0.0000   0.0000   0.0000 
  0.0000   0.0000   0.0000   0.0000   0.0000   0.0000   0.0000   0.0000   0.0000   0.0000 
  0.0000   0.0000   0.0000   0.0000   0.0000   0.0000   0.0000   0.0000   0.0000   0.0000 
  0.0000   0.0000   0.0000   0.0000   0.0000   0.0000   0.0000   0.0000   0.0000   0.0000 
  0.0000   0.0000   0.0000   0.0000   0.0000   0.0000   0.0000   0.0000   0.0000   0.0000 
  0.0000   0.0000   0.0000   0.0000   0.0000   0.0000   0.0000   0.0000   0.0000   0.0000 
  0.0000   0.0000   0.0000   0.0000   0.0000   0.0000   0.0000   0.0000   0.0000   0.0000 
  0.0000   0.0000   0.0000   0.0000   0.0000   0.0000   0.0000   0.0000   0.0000   0.0000 
  0.0000   0.0000   0.0000   0.0000   0.0000   0.0000   0.0000   0.0000   0.0000   0.0000 
  0.0000   0.0000   0.0000   0.0000   0.0000   0.0000   0.0000   0.0000   0.0000   0.0000 
  0.0000   0.0000   0.0000   0.0000   0.0000   0.0000   0.0000   0.0000   0.0000   0.0000 
  0.0000   0.0000   0.0000   0.0000   0.0000   0.0000   0.0000   0.0000   0.0000   0.0000 
  0.0000   0.0000   0.0000   0.0000   0.0000   0.0000   0.0000   0.0000   0.0000   0.0000 
  0.0000   0.0000   0.0000   0.0000   0.0000   0.0000   0.0000   0.0000   0.0000   0.0000 
  0.0000   0.0000   0.0000   0.0000   0.0000   0.0000   0.0000   0.0000   0.0000   0.0000 
  0.0000   0.0000   0.0000   0.0000   0.0000   0.0000   0.0000   0.0000   0.0000   0.0000 
  0.0000   0.0000   0.0000   0.0000   0.0000   0.0000   0.0000   0.0000   0.0000   0.0000 
  0.0000   0.0000   0.0000   0.0000   0.0000   0.0000   0.0000   0.0000   0.0000   0.0000 
  0.0000   0.0000   0.0000   0.0000   0.0000   0.0000   0.0000   0.0000   0.0000   0.0000 
  0.0000   0.0000   0.0000   0.0000   0.0000   0.0000   0.0000   0.0000   0.0000   0.0000 
  0.0000   0.0000   0.0000   0.0000   0.0000   0.0000   0.0000   0.0000   0.0000   0.0000 
  0.0000   0.0000   0.0000   0.0000   0.0000   0.0000   0.0000   0.0000   0.0000   0.0000 
  0.0000   0.0000   0.0000   0.0000   0.0000   0.0000   0.0000   0.0000   0.0000   0.0000 
  0.0000   0.0000   0.0000   0.0000   0.0000   0.0000   0.0000   0.0000   0.0000   0.0000 
  0.0000   0.0000   0.0000   0.0000   0.0000   0.0000   0.0000   0.0000   0.0000   0.0000 
  0.0000   0.0000   0.0000   0.0000   0.0000   0.0000   0.0000   0.0000   0.0000   0.0000 
  0.0000   0.0000   0.0000   0.0000   0.0000   0.0000   0.0000   0.0000   0.0000   0.0000 
  0.0000   0.0000   0.0000   0.0000   0.0000   0.0000   0.0000   0.0000   0.0000   0.0000 
  0.0000   0.0000   0.0000   0.0000   0.0000   0.0000   0.0000   0.0000   0.0000   0.0000 
  0.0000   0.0000   0.0000   0.0000   0.0000   0.0000   0.0000   0.0000   0.0000   0.0000 
  0.0000   0.0000   0.0000   0.0000   0.0000   0.0000   0.0000   0.0000   0.0000   0.0000 
  0.0000   0.0000   0.0000   0.0000   0.0000   0.0000   0.0000   0.0000   0.0000   0.0000 
  0.0000   0.0000   0.0000   0.0000   0.0000   0.0000   0.0000   0.0000   0.0000   0.0000 
  0.0000   0.0000   0.0000   0.0000   0.0000   0.0000   0.0000   0.0000   0.0000   0.0000 
  0.0000   0.0000   0.0000   0.0000   0.0000   0.0000   0.0000   0.0000   0.0000   0.0000 
  0.0000   0.0000   0.0000   0.0000   0.0000   0.0000   0.0000   0.0000   0.0000   0.0000 
  0.0000   0.0000   0.0000   0.0000   0.0000   0.0000   0.0000   0.0000   0.0000   0.0000 
  0.0000   0.0000   0.0000   0.0000   0.0000   0.0000   0.0000   0.0000   0.0000   0.0000 
  0.0000   0.0000   0.0000   0.0000   0.0000   0.0000   0.0000   0.0000   0.0000   0.0000 
  0.0000   0.0000   0.0000   0.0000   0.0000   0.0000   0.0000   0.0000   0.0000   0.0000 
  0.0000   0.0000   0.0000   0.0000   0.0000   0.0000   0.0000   0.0000   0.0000   0.0000 
  0.0000   0.0000   0.0000   0.0000   0.0000   0.0000   0.0000   0.0000   0.0000   0.0000 
  0.0000   0.0000   0.0000   0.0000   0.0000   0.0000   0.0000   0.0000   0.0000   0.0000 
  0.0000   0.0000   0.0000   0.0000   0.0000   0.0000   0.0000   0.0000   0.0000   0.0000 
  0.0000   0.0000   0.0000   0.0000   0.0000   0.0000   0.0000   0.0000   0.0000   0.0000 
  0.0000   0.0000   0.0000   0.0000   0.0000   0.0000   0.0000   0.0000   0.0000   0.0000 
  0.0000   0.0000   0.0000   0.0000   0.0000   0.0000   0.0000   0.0000   0.0000   0.0000 
  0.0000   0.0000   0.0000   0.0000   0.0000   0.0000   0.0000   0.0000   0.0000   0.0000 
  0.0000   0.0000   0.0000   0.0000   0.0000   0.0000   0.0000   0.0000   0.0000   0.0000 
  0.0000   0.0000   0.0000   0.0000   0.0000   0.0000   0.0000   0.0000   0.0000   0.0000 
  0.0000   0.0000   0.0000   0.0000   0.0000   0.0000   0.0000   0.0000   0.0000   0.0000 
  0.0000   0.0000   0.0000   0.0000   0.0000   0.0000   0.0000   0.0000   0.0000   0.0000 
  0.0000   0.0000   0.0000   0.0000   0.0000   0.0000   0.0000   0.0000   0.0000   0.0000 
  0.0000   0.0000   0.0000   0.0000   0.0000   0.0000   0.0000   0.0000   0.0000   0.0000 
  0.0000   0.0000   0.0000   0.0000   0.0000   0.0000   0.0000   0.0000   0.0000   0.0000 
  0.0000   0.0000   0.0000   0.0000   0.0000   0.0000   0.0000   0.0000   0.0000   0.0000 
  0.0000   0.0000   0.0000   0.0000   0.0000   0.0000   0.0000   0.0000   0.0000   0.0000 
  0.0000   0.0000   0.0000   0.0000   0.0000   0.0000   0.0000   0.0000   0.0000   0.0000 
  0.0000   0.0000   0.0000   0.0000   0.0000   0.0000   0.0000   0.0000   0.0000   0.0000 
  0.0000   0.0000   0.0000   0.0000   0.0000   0.0000   0.0000   0.0000   0.0000   0.0000 
  0.0000   0.0000   0.0000   0.0000   0.0000   0.0000   0.0000   0.0000   0.0000   0.0000 
  0.0000   0.0000   0.0000   0.0000   0.0000   0.0000   0.0000   0.0000   0.0000   0.0000 
  0.0000   0.0000   0.0000   0.0000   0.0000   0.0000   0.0000   0.0000   0.0000   0.0000 
  0.0000   0.0000   0.0000   0.0000   0.0000   0.0000   0.0000   0.0000   0.0000   0.0000 
  0.0000   0.0000   0.0000   0.0000   0.0000   0.0000   0.0000   0.0000   0.0000   0.0000 
  0.0000   0.0000   0.0000   0.0000   0.0000   0.0000   0.0000   0.0000   0.0000   0.0000 
  0.0000   0.0000   0.0000   0.0000   0.0000   0.0000   0.0000   0.0000   0.0000   0.0000 
  0.0000   0.0000   0.0000   0.0000   0.0000   0.0000   0.0000   0.0000   0.0000   0.0000 
  0.0000   0.0000   0.0000   0.0000   0.0000   0.0000   0.0000   0.0000   0.0000   0.0000 
  0.0000   0.0000   0.0000   0.0000   0.0000   0.0000   0.0000   0.0000   0.0000   0.0000 
  0.0000   0.0000   0.0000   0.0000   0.0000   0.0000   0.0000   0.0000   0.0000   0.0000 
  0.0000   0.0000   0.0000   0.0000   0.0000   0.0000   0.0000   0.0000   0.0000   0.0000 
  0.0000   0.0000   0.0000   0.0000   0.0000   0.0000   0.0000   0.0000   0.0000   0.0000 
  0.0000   0.0000   0.0000   0.0000   0.0000   0.0000   0.0000   0.0000   0.0000   0.0000 
  0.0000   0.0000   0.0000   0.0000   0.0000   0.0000   0.0000   0.0000   0.0000   0.0000 
  0.0000   0.0000   0.0000   0.0000   0.0000   0.0000   0.0000   0.0000   0.0000   0.0000 
  0.0000   0.0000   0.0000   0.0000   0.0000   0.0000   0.0000   0.0000   0.0000   0.0000 
  0.0000   0.0000   0.0000   0.0000   0.0000   0.0000   0.0000   0.0000   0.0000   0.0000 
  0.0000   0.0000   0.0000   0.0000   0.0000   0.0000   0.0000   0.0000   0.0000   0.0000 
  0.0000   0.0000   0.0000   0.0000   0.0000   0.0000   0.0000   0.0000   0.0000   0.0000 
  0.0000   0.0000   0.0000   0.0000   0.0000   0.0000   0.0000   0.0000   0.0000   0.0000 
  0.0000   0.0000   0.0000   0.0000   0.0000   0.0000   0.0000   0.0000   0.0000   0.0000 
  0.0000   0.0000   0.0000   0.0000   0.0000   0.0000   0.0000   0.0000   0.0000   0.0000 
  0.0000   0.0000   0.0000   0.0000   0.0000   0.0000   0.0000   0.0000   0.0000   0.0000 
  0.0000   0.0000   0.0000   0.0000   0.0000   0.0000   0.0000   0.0000   0.0000   0.0000 
  0.0000   0.0000   0.0000   0.0000   0.0000   0.0000   0.0000   0.0000   0.0000   0.0000 
  0.0000   0.0000   0.0000   0.0000   0.0000   0.0000   0.0000   0.0000   0.0000   0.0000 
  0.0000   0.0000   0.0000   0.0000   0.0000   0.0000   0.0000   0.0000   0.0000   0.0000 
  0.0000   0.0000   0.0000   0.0000   0.0000   0.0000   0.0000   0.0000   0.0000   0.0000 
  0.0000   0.0000   0.0000   0.0000   0.0000   0.0000   0.0000   0.0000   0.0000   0.0000 
  0.0000   0.0000   0.0000   0.0000   0.0000   0.0000   0.0000   0.0000   0.0000   0.0000 
  0.0000   0.0000   0.0000   0.0000   0.0000   0.0000   0.0000   0.0000   0.0000   0.0000 
  0.0000   0.0000   0.0000   0.0000   0.0000   0.0000   0.0000   0.0000   0.0000   0.0000 
  0.0000   0.0000   0.0000   0.0000   0.0000   0.0000   0.0000   0.0000   0.0000   0.0000 
  0.0000   0.0000   0.0000   0.0000   0.0000   0.0000   0.0000   0.0000   0.0000   0.0000 
  0.0000   0.0000   0.0000   0.0000   0.0000   0.0000   0.0000   0.0000   0.0000   0.0000 
  0.0000   0.0000   0.0000   0.0000   0.0000   0.0000   0.0000   0.0000   0.0000   0.0000 
  0.0000   0.0000   0.0000   0.0000   0.0000   0.0000   0.0000   0.0000   0.0000   0.0000 
  0.0000   0.0000   0.0000   0.0000   0.0000   0.0000   0.0000   0.0000   0.0000   0.0000 
  0.0000   0.0000   0.0000   0.0000   0.0000   0.0000   0.0000   0.0000   0.0000   0.0000 
  0.0000   0.0000   0.0000   0.0000   0.0000   0.0000   0.0000   0.0000   0.0000   0.0000 
  0.0000   0.0000   0.0000   0.0000   0.0000   0.0000   0.0000   0.0000   0.0000   0.0000 
  0.0000   0.0000   0.0000   0.0000   0.0000   0.0000   0.0000   0.0000   0.0000   0.0000 
  0.0000   0.0000   0.0000   0.0000   0.0000   0.0000   0.0000   0.0000   0.0000   0.0000 
  0.0000   0.0000   0.0000   0.0000   0.0000   0.0000   0.0000   0.0000   0.0000   0.0000 
  0.0000   0.0000   0.0000   0.0000   0.0000   0.0000   0.0000   0.0000   0.0000   0.0000 
  0.0000   0.0000   0.0000   0.0000   0.0000   0.0000   0.0000   0.0000   0.0000   0.0000 
  0.0000   0.0000   0.0000   0.0000   0.0000   0.0000   0.0000   0.0000   0.0000   0.0000 
  0.0000   0.0000   0.0000   0.0000   0.0000   0.0000   0.0000   0.0000   0.0000   0.0000 
  0.0000   0.0000   0.0000   0.0000   0.0000   0.0000   0.0000   0.0000   0.0000   0.0000 
  0.0000   0.0000   0.0000   0.0000   0.0000   0.0000   0.0000   0.0000   0.0000   0.0000 
  0.0000   0.0000   0.0000   0.0000   0.0000   0.0000   0.0000   0.0000   0.0000   0.0000 
  0.0000   0.0000   0.0000   0.0000   0.0000   0.0000   0.0000   0.0000   0.0000   0.0000 
  0.0000   0.0000   0.0000   0.0000   0.0000   0.0000   0.0000   0.0000   0.0000   0.0000 
  0.0000   0.0000   0.0000   0.0000   0.0000   0.0000   0.0000   0.0000   0.0000   0.0000 
  0.0000   0.0000   0.0000   0.0000   0.0000   0.0000   0.0000   0.0000   0.0000   0.0000 
  0.0000   0.0000   0.0000   0.0000   0.0000   0.0000   0.0000   0.0000   0.0000   0.0000 
  0.0000   0.0000   0.0000   0.0000   0.0000   0.0000   0.0000   0.0000   0.0000   0.0000 
  0.0000   0.0000   0.0000   0.0000   0.0000   0.0000   0.0000   0.0000   0.0000   0.0000 
  0.0000   0.0000   0.0000   0.0000   0.0000   0.0000   0.0000   0.0000   0.0000   0.0000 
  0.0000   0.0000   0.0000   0.0000   0.0000   0.0000   0.0000   0.0000   0.0000   0.0000 
  0.0000   0.0000   0.0000   0.0000   0.0000   0.0000   0.0000   0.0000   0.0000   0.0000 
  0.0000   0.0000   0.0000   0.0000   0.0000   0.0000   0.0000   0.0000   0.0000   0.0000 
  0.0000   0.0000   0.0000   0.0000   0.0000   0.0000   0.0000   0.0000   0.0000   0.0000 
  0.0000   0.0000   0.0000   0.0000   0.0000   0.0000   0.0000   0.0000   0.0000   0.0000 
  0.0000   0.0000   0.0000   0.0000   0.0000   0.0000   0.0000   0.0000   0.0000   0.0000 
  0.0000   0.0000   0.0000   0.0000   0.0000   0.0000   0.0000   0.0000   0.0000   0.0000 
  0.0000   0.0000   0.0000   0.0000   0.0000   0.0000   0.0000   0.0000   0.0000   0.0000 
  0.0000   0.0000   0.0000   0.0000   0.0000   0.0000   0.0000   0.0000   0.0000   0.0000 
  0.0000   0.0000   0.0000   0.0000   0.0000   0.0000   0.0000   0.0000   0.0000   0.0000 
  0.0000   0.0000   0.0000   0.0000   0.0000   0.0000   0.0000   0.0000   0.0000   0.0000 
  0.0000   0.0000   0.0000   0.0000   0.0000   0.0000   0.0000   0.0000   0.0000   0.0000 
  0.0000   0.0000   0.0000   0.0000   0.0000   0.0000   0.0000   0.0000   0.0000   0.0000 
  0.0000   0.0000   0.0000   0.0000   0.0000   0.0000   0.0000   0.0000   0.0000   0.0000 
  0.0000   0.0000   0.0000   0.0000   0.0000   0.0000   0.0000   0.0000   0.0000   0.0000 
  0.0000   0.0000   0.0000   0.0000   0.0000   0.0000   0.0000   0.0000   0.0000   0.0000 
  0.0000   0.0000   0.0000   0.0000   0.0000   0.0000   0.0000   0.0000   0.0000   0.0000 
  0.0000   0.0000   0.0000   0.0000   0.0000   0.0000   0.0000   0.0000   0.0000   0.0000 
  0.0000   0.0000   0.0000   0.0000   0.0000   0.0000   0.0000   0.0000   0.0000   0.0000 
  0.0000   0.0000   0.0000   0.0000   0.0000   0.0000   0.0000   0.0000   0.0000   0.0000 
  0.0000   0.0000   0.0000   0.0000   0.0000   0.0000   0.0000   0.0000   0.0000   0.0000 
  0.0000   0.0000   0.0000   0.0000   0.0000   0.0000   0.0000   0.0000   0.0000   0.0000 
  0.0000   0.0000   0.0000   0.0000   0.0000   0.0000   0.0000   0.0000   0.0000   0.0000 
  0.0000   0.0000   0.0000   0.0000   0.0000   0.0000   0.0000   0.0000   0.0000   0.0000 
  0.0000   0.0000   0.0000   0.0000   0.0000   0.0000   0.0000   0.0000   0.0000   0.0000 
  0.0000   0.0000   0.0000   0.0000   0.0000   0.0000   0.0000   0.0000   0.0000   0.0000 
  0.0000   0.0000   0.0000   0.0000   0.0000   0.0000   0.0000   0.0000   0.0000   0.0000 
  0.0000   0.0000   0.0000   0.0000   0.0000   0.0000   0.0000   0.0000   0.0000   0.0000 
  0.0000   0.0000   0.0000   0.0000   0.0000   0.0000   0.0000   0.0000   0.0000   0.0000 
  0.0000   0.0000   0.0000   0.0000   0.0000   0.0000   0.0000   0.0000   0.0000   0.0000 
  0.0000   0.0000   0.0000   0.0000   0.0000   0.0000   0.0000   0.0000   0.0000   0.0000 
  0.0000   0.0000   0.0000   0.0000   0.0000   0.0000   0.0000   0.0000   0.0000   0.0000 
  0.0000   0.0000   0.0000   0.0000   0.0000   0.0000   0.0000   0.0000   0.0000   0.0000 
  0.0000   0.0000   0.0000   0.0000   0.0000   0.0000   0.0000   0.0000   0.0000   0.0000 
  0.0000   0.0000   0.0000   0.0000   0.0000   0.0000   0.0000   0.0000   0.0000   0.0000 
  0.0000   0.0000   0.0000   0.0000   0.0000   0.0000   0.0000   0.0000   0.0000   0.0000 
  0.0000   0.0000   0.0000   0.0000   0.0000   0.0000   0.0000   0.0000   0.0000   0.0000 
  0.0000   0.0000   0.0000   0.0000   0.0000   0.0000   0.0000   0.0000   0.0000   0.0000 
  0.0000   0.0000   0.0000   0.0000   0.0000   0.0000   0.0000   0.0000   0.0000   0.0000 
  0.0000   0.0000   0.0000   0.0000   0.0000   0.0000   0.0000   0.0000   0.0000   0.0000 
  0.0000   0.0000   0.0000   0.0000   0.0000   0.0000   0.0000   0.0000   0.0000   0.0000 
  0.0000   0.0000   0.0000   0.0000   0.0000   0.0000   0.0000   0.0000   0.0000   0.0000 
  0.0000   0.0000   0.0000   0.0000   0.0000   0.0000   0.0000   0.0000   0.0000   0.0000 
  0.0000   0.0000   0.0000   0.0000   0.0000   0.0000   0.0000   0.0000   0.0000   0.0000 
  0.0000   0.0000   0.0000   0.0000   0.0000   0.0000   0.0000   0.0000   0.0000   0.0000 
  0.0000   0.0000   0.0000   0.0000   0.0000   0.0000   0.0000   0.0000   0.0000   0.0000 
  0.0000   0.0000   0.0000   0.0000   0.0000   0.0000   0.0000   0.0000   0.0000   0.0000 
  0.0000   0.0000   0.0000   0.0000   0.0000   0.0000   0.0000   0.0000   0.0000   0.0000 
  0.0000   0.0000   0.0000   0.0000   0.0000   0.0000   0.0000   0.0000   0.0000   0.0000 
  0.0000   0.0000   0.0000   0.0000   0.0000   0.0000   0.0000   0.0000   0.0000   0.0000 
  0.0000   0.0000   0.0000   0.0000   0.0000   0.0000   0.0000   0.0000   0.0000   0.0000 
  0.0000   0.0000   0.0000   0.0000   0.0000   0.0000   0.0000   0.0000   0.0000   0.0000 
  0.0000   0.0000   0.0000   0.0000   0.0000   0.0000   0.0000   0.0000   0.0000   0.0000 
  0.0000   0.0000   0.0000   0.0000   0.0000   0.0000   0.0000   0.0000   0.0000   0.0000 
  0.0000   0.0000   0.0000   0.0000   0.0000   0.0000   0.0000   0.0000   0.0000   0.0000 
  0.0000   0.0000   0.0000   0.0000   0.0000   0.0000   0.0000   0.0000   0.0000   0.0000 
  0.0000   0.0000   0.0000   0.0000   0.0000   0.0000   0.0000   0.0000   0.0000   0.0000 
  0.0000   0.0000   0.0000   0.0000   0.0000   0.0000   0.0000   0.0000   0.0000   0.0000 
  0.0000   0.0000   0.0000   0.0000   0.0000   0.0000   0.0000   0.0000   0.0000   0.0000 
  0.0000   0.0000   0.0000   0.0000   0.0000   0.0000   0.0000   0.0000   0.0000   0.0000 
  0.0000   0.0000   0.0000   0.0000   0.0000   0.0000   0.0000   0.0000   0.0000   0.0000 
  0.0000   0.0000   0.0000   0.0000   0.0000   0.0000   0.0000   0.0000   0.0000   0.0000 
  0.0000   0.0000   0.0000   0.0000   0.0000   0.0000   0.0000   0.0000   0.0000   0.0000 
  0.0000   0.0000   0.0000   0.0000   0.0000   0.0000   0.0000   0.0000   0.0000   0.0000 
  0.0000   0.0000   0.0000   0.0000   0.0000   0.0000   0.0000   0.0000   0.0000   0.0000 
  0.0000   0.0000   0.0000   0.0000   0.0000   0.0000   0.0000   0.0000   0.0000   0.0000 
  0.0000   0.0000   0.0000   0.0000   0.0000   0.0000   0.0000   0.0000   0.0000   0.0000 
  0.0000   0.0000   0.0000   0.0000   0.0000   0.0000   0.0000   0.0000   0.0000   0.0000 
  0.0000   0.0000   0.0000   0.0000   0.0000   0.0000   0.0000   0.0000   0.0000   0.0000 
  0.0000   0.0000   0.0000   0.0000   0.0000   0.0000   0.0000   0.0000   0.0000   0.0000 
  0.0000   0.0000   0.0000   0.0000   0.0000   0.0000   0.0000   0.0000   0.0000   0.0000 
  0.0000   0.0000   0.0000   0.0000   0.0000   0.0000   0.0000   0.0000   0.0000   0.0000 
  0.0000   0.0000   0.0000   0.0000   0.0000   0.0000   0.0000   0.0000   0.0000   0.0000 
  0.0000   0.0000   0.0000   0.0000   0.0000   0.0000   0.0000   0.0000   0.0000   0.0000 
  0.0000   0.0000   0.0000   0.0000   0.0000   0.0000   0.0000   0.0000   0.0000   0.0000 
  0.0000   0.0000   0.0000   0.0000   0.0000   0.0000   0.0000   0.0000   0.0000   0.0000 
  0.0000   0.0000   0.0000   0.0000   0.0000   0.0000   0.0000   0.0000   0.0000   0.0000 
  0.0000   0.0000   0.0000   0.0000   0.0000   0.0000   0.0000   0.0000   0.0000   0.0000 
  0.0000   0.0000   0.0000   0.0000   0.0000   0.0000   0.0000   0.0000   0.0000   0.0000 
  0.0000   0.0000   0.0000   0.0000   0.0000   0.0000   0.0000   0.0000   0.0000   0.0000 
  0.0000   0.0000   0.0000   0.0000   0.0000   0.0000   0.0000   0.0000   0.0000   0.0000 
  0.0000   0.0000   0.0000   0.0000   0.0000   0.0000   0.0000   0.0000   0.0000   0.0000 
  0.0000   0.0000   0.0000   0.0000   0.0000   0.0000   0.0000   0.0000   0.0000   0.0000 
  0.0000   0.0000   0.0000   0.0000   0.0000   0.0000   0.0000   0.0000   0.0000   0.0000 
  0.0000   0.0000   0.0000   0.0000   0.0000   0.0000   0.0000   0.0000   0.0000   0.0000 
  0.0000   0.0000   0.0000   0.0000   0.0000   0.0000   0.0000   0.0000   0.0000   0.0000 
  0.0000   0.0000   0.0000   0.0000   0.0000   0.0000   0.0000   0.0000   0.0000   0.0000 
  0.0000   0.0000   0.0000   0.0000   0.0000   0.0000   0.0000   0.0000   0.0000   0.0000 
  0.0000   0.0000   0.0000   0.0000   0.0000   0.0000   0.0000   0.0000   0.0000   0.0000 
  0.0000   0.0000   0.0000   0.0000   0.0000   0.0000   0.0000   0.0000   0.0000   0.0000 
  0.0000   0.0000   0.0000   0.0000   0.0000   0.0000   0.0000   0.0000   0.0000   0.0000 
  0.0000   0.0000   0.0000   0.0000   0.0000   0.0000   0.0000   0.0000   0.0000   0.0000 
  0.0000   0.0000   0.0000   0.0000   0.0000   0.0000   0.0000   0.0000   0.0000   0.0000 
  0.0000   0.0000   0.0000   0.0000   0.0000   0.0000   0.0000   0.0000   0.0000   0.0000 
  0.0000   0.0000   0.0000   0.0000   0.0000   0.0000   0.0000   0.0000   0.0000   0.0000 
  0.0000   0.0000   0.0000   0.0000   0.0000   0.0000   0.0000   0.0000   0.0000   0.0000 
  0.0000   0.0000   0.0000   0.0000   0.0000   0.0000   0.0000   0.0000   0.0000   0.0000 
  0.0000   0.0000   0.0000   0.0000   0.0000   0.0000   0.0000   0.0000   0.0000   0.0000 
  0.0000   0.0000   0.0000   0.0000   0.0000   0.0000   0.0000   0.0000   0.0000   0.0000 
  0.0000   0.0000   0.0000   0.0000   0.0000   0.0000   0.0000   0.0000   0.0000   0.0000 
  0.0000   0.0000   0.0000   0.0000   0.0000   0.0000   0.0000   0.0000   0.0000   0.0000 
  0.0000   0.0000   0.0000   0.0000   0.0000   0.0000   0.0000   0.0000   0.0000   0.0000 
  0.0000   0.0000   0.0000   0.0000   0.0000   0.0000   0.0000   0.0000   0.0000   0.0000 
  0.0000   0.0000   0.0000   0.0000   0.0000   0.0000   0.0000   0.0000   0.0000   0.0000 
  0.0000   0.0000   0.0000   0.0000   0.0000   0.0000   0.0000   0.0000   0.0000   0.0000 
  0.0000   0.0000   0.0000   0.0000   0.0000   0.0000   0.0000   0.0000   0.0000   0.0000 
  0.0000   0.0000   0.0000   0.0000   0.0000   0.0000   0.0000   0.0000   0.0000   0.0000 
  0.0000   0.0000   0.0000   0.0000   0.0000   0.0000   0.0000   0.0000   0.0000   0.0000 
  0.0000   0.0000   0.0000   0.0000   0.0000   0.0000   0.0000   0.0000   0.0000   0.0000 
  0.0000   0.0000   0.0000   0.0000   0.0000   0.0000   0.0000   0.0000   0.0000   0.0000 
  0.0000   0.0000   0.0000   0.0000   0.0000   0.0000   0.0000   0.0000   0.0000   0.0000 
  0.0000   0.0000   0.0000   0.0000   0.0000   0.0000   0.0000   0.0000   0.0000   0.0000 
  0.0000   0.0000   0.0000   0.0000   0.0000   0.0000   0.0000   0.0000   0.0000   0.0000 
  0.0000   0.0000   0.0000   0.0000   0.0000   0.0000   0.0000   0.0000   0.0000   0.0000 
  0.0000   0.0000   0.0000   0.0000   0.0000   0.0000   0.0000   0.0000   0.0000   0.0000 
  0.0000   0.0000   0.0000   0.0000   0.0000   0.0000   0.0000   0.0000   0.0000   0.0000 
  0.0000   0.0000   0.0000   0.0000   0.0000   0.0000   0.0000   0.0000   0.0000   0.0000 
  0.0000   0.0000   0.0000   0.0000   0.0000   0.0000   0.0000   0.0000   0.0000   0.0000 
  0.0000   0.0000   0.0000   0.0000   0.0000   0.0000   0.0000   0.0000   0.0000   0.0000 
  0.0000   0.0000   0.0000   0.0000   0.0000   0.0000   0.0000   0.0000   0.0000   0.0000 
  0.0000   0.0000   0.0000   0.0000   0.0000   0.0000   0.0000   0.0000   0.0000   0.0000 
  0.0000   0.0000   0.0000   0.0000   0.0000   0.0000   0.0000   0.0000   0.0000   0.0000 
  0.0000   0.0000   0.0000   0.0000   0.0000   0.0000   0.0000   0.0000   0.0000   0.0000 
  0.0000   0.0000   0.0000   0.0000   0.0000   0.0000   0.0000   0.0000   0.0000   0.0000 
  0.0000   0.0000   0.0000   0.0000   0.0000   0.0000   0.0000   0.0000   0.0000   0.0000 
  0.0000   0.0000   0.0000   0.0000   0.0000   0.0000   0.0000   0.0000   0.0000   0.0000 
  0.0000   0.0000   0.0000   0.0000   0.0000   0.0000   0.0000   0.0000   0.0000   0.0000 
  0.0000   0.0000   0.0000   0.0000   0.0000   0.0000   0.0000   0.0000   0.0000   0.0000 
  0.0000   0.0000   0.0000   0.0000   0.0000   0.0000   0.0000   0.0000   0.0000   0.0000 
  0.0000   0.0000   0.0000   0.0000   0.0000   0.0000   0.0000   0.0000   0.0000   0.0000 
  0.0000   0.0000   0.0000   0.0000   0.0000   0.0000   0.0000   0.0000   0.0000   0.0000 
  0.0000   0.0000   0.0000   0.0000   0.0000   0.0000   0.0000   0.0000   0.0000   0.0000 
  0.0000   0.0000   0.0000   0.0000   0.0000   0.0000   0.0000   0.0000   0.0000   0.0000 
  0.0000   0.0000   0.0000   0.0000   0.0000   0.0000   0.0000   0.0000   0.0000   0.0000 
  0.0000   0.0000   0.0000   0.0000   0.0000   0.0000   0.0000   0.0000   0.0000   0.0000 
  0.0000   0.0000   0.0000   0.0000   0.0000   0.0000   0.0000   0.0000   0.0000   0.0000 
  0.0000   0.0000   0.0000   0.0000   0.0000   0.0000   0.0000   0.0000   0.0000   0.0000 
  0.0000   0.0000   0.0000   0.0000   0.0000   0.0000   0.0000   0.0000   0.0000   0.0000 
  0.0000   0.0000   0.0000   0.0000   0.0000   0.0000   0.0000   0.0000   0.0000   0.0000 
  0.0000   0.0000   0.0000   0.0000   0.0000   0.0000   0.0000   0.0000   0.0000   0.0000 
  0.0000   0.0000   0.0000   0.0000   0.0000   0.0000   0.0000   0.0000   0.0000   0.0000 
  0.0000   0.0000   0.0000   0.0000   0.0000   0.0000   0.0000   0.0000   0.0000   0.0000 
  0.0000   0.0000   0.0000   0.0000   0.0000   0.0000   0.0000   0.0000   0.0000   0.0000 
  0.0000   0.0000   0.0000   0.0000   0.0000   0.0000   0.0000   0.0000   0.0000   0.0000 
  0.0000   0.0000   0.0000   0.0000   0.0000   0.0000   0.0000   0.0000   0.0000   0.0000 
  0.0000   0.0000   0.0000   0.0000   0.0000   0.0000   0.0000   0.0000   0.0000   0.0000 
  0.0000   0.0000   0.0000   0.0000   0.0000   0.0000   0.0000   0.0000   0.0000   0.0000 
  0.0000   0.0000   0.0000   0.0000   0.0000   0.0000   0.0000   0.0000   0.0000   0.0000 
  0.0000   0.0000   0.0000   0.0000   0.0000   0.0000   0.0000   0.0000   0.0000   0.0000 
  0.0000   0.0000   0.0000   0.0000   0.0000   0.0000   0.0000   0.0000   0.0000   0.0000 
  0.0000   0.0000   0.0000   0.0000   0.0000   0.0000   0.0000   0.0000   0.0000   0.0000 
  0.0000   0.0000   0.0000   0.0000   0.0000   0.0000   0.0000   0.0000   0.0000   0.0000 
  0.0000   0.0000   0.0000   0.0000   0.0000   0.0000   0.0000   0.0000   0.0000   0.0000 
  0.0000   0.0000   0.0000   0.0000   0.0000   0.0000   0.0000   0.0000   0.0000   0.0000 
  0.0000   0.0000   0.0000   0.0000   0.0000   0.0000   0.0000   0.0000   0.0000   0.0000 
  0.0000   0.0000   0.0000   0.0000   0.0000   0.0000   0.0000   0.0000   0.0000   0.0000 
  0.0000   0.0000   0.0000   0.0000   0.0000   0.0000   0.0000   0.0000   0.0000   0.0000 
  0.0000   0.0000   0.0000   0.0000   0.0000   0.0000   0.0000   0.0000   0.0000   0.0000 
  0.0000   0.0000   0.0000   0.0000   0.0000   0.0000   0.0000   0.0000   0.0000   0.0000 
  0.0000   0.0000   0.0000   0.0000   0.0000   0.0000   0.0000   0.0000   0.0000   0.0000 
  0.0000   0.0000   0.0000   0.0000   0.0000   0.0000   0.0000   0.0000   0.0000   0.0000 
  0.0000   0.0000   0.0000   0.0000   0.0000   0.0000   0.0000   0.0000   0.0000   0.0000 
  0.0000   0.0000   0.0000   0.0000   0.0000   0.0000   0.0000   0.0000   0.0000   0.0000 
  0.0000   0.0000   0.0000   0.0000   0.0000   0.0000   0.0000   0.0000   0.0000   0.0000 
  0.0000   0.0000   0.0000   0.0000   0.0000   0.0000   0.0000   0.0000   0.0000   0.0000 
  0.0000   0.0000   0.0000   0.0000   0.0000   0.0000   0.0000   0.0000   0.0000   0.0000 
  0.0000   0.0000   0.0000   0.0000   0.0000   0.0000   0.0000   0.0000   0.0000   0.0000 
  0.0000   0.0000   0.0000   0.0000   0.0000   0.0000   0.0000   0.0000   0.0000   0.0000 
  0.0000   0.0000   0.0000   0.0000   0.0000   0.0000   0.0000   0.0000   0.0000   0.0000 
  0.0000   0.0000   0.0000   0.0000   0.0000   0.0000   0.0000   0.0000   0.0000   0.0000 
  0.0000   0.0000   0.0000   0.0000   0.0000   0.0000   0.0000   0.0000   0.0000   0.0000 
  0.0000   0.0000   0.0000   0.0000   0.0000   0.0000   0.0000   0.0000   0.0000   0.0000 
  0.0000   0.0000   0.0000   0.0000   0.0000   0.0000   0.0000   0.0000   0.0000   0.0000 
  0.0000   0.0000   0.0000   0.0000   0.0000   0.0000   0.0000   0.0000   0.0000   0.0000 
  0.0000   0.0000   0.0000   0.0000   0.0000   0.0000   0.0000   0.0000   0.0000   0.0000 
  0.0000   0.0000   0.0000   0.0000   0.0000   0.0000   0.0000   0.0000   0.0000   0.0000 
  0.0000   0.0000   0.0000   0.0000   0.0000   0.0000   0.0000   0.0000   0.0000   0.0000 
  0.0000   0.0000   0.0000   0.0000   0.0000   0.0000   0.0000   0.0000   0.0000   0.0000 
  0.0000   0.0000   0.0000   0.0000   0.0000   0.0000   0.0000   0.0000   0.0000   0.0000 
  0.0000   0.0000   0.0000   0.0000   0.0000   0.0000   0.0000   0.0000   0.0000   0.0000 
  0.0000   0.0000   0.0000   0.0000   0.0000   0.0000   0.0000   0.0000   0.0000   0.0000 
  0.0000   0.0000   0.0000   0.0000   0.0000   0.0000   0.0000   0.0000   0.0000   0.0000 
  0.0000   0.0000   0.0000   0.0000   0.0000   0.0000   0.0000   0.0000   0.0000   0.0000 
  0.0000   0.0000   0.0000   0.0000   0.0000   0.0000   0.0000   0.0000   0.0000   0.0000 
  0.0000   0.0000   0.0000   0.0000   0.0000   0.0000   0.0000   0.0000   0.0000   0.0000 
  0.0000   0.0000   0.0000   0.0000   0.0000   0.0000   0.0000   0.0000   0.0000   0.0000 
  0.0000   0.0000   0.0000   0.0000   0.0000   0.0000   0.0000   0.0000   0.0000   0.0000 
  0.0000   0.0000   0.0000   0.0000   0.0000   0.0000   0.0000   0.0000   0.0000   0.0000 
  0.0000   0.0000   0.0000   0.0000   0.0000   0.0000   0.0000   0.0000   0.0000   0.0000 
  0.0000   0.0000   0.0000   0.0000   0.0000   0.0000   0.0000   0.0000   0.0000   0.0000 
  0.0000   0.0000   0.0000   0.0000   0.0000   0.0000   0.0000   0.0000   0.0000   0.0000 
  0.0000   0.0000   0.0000   0.0000   0.0000   0.0000   0.0000   0.0000   0.0000   0.0000 
  0.0000   0.0000   0.0000   0.0000   0.0000   0.0000   0.0000   0.0000   0.0000   0.0000 
  0.0000   0.0000   0.0000   0.0000   0.0000   0.0000   0.0000   0.0000   0.0000   0.0000 
  0.0000   0.0000   0.0000   0.0000   0.0000   0.0000   0.0000   0.0000   0.0000   0.0000 
  0.0000   0.0000   0.0000   0.0000   0.0000   0.0000   0.0000   0.0000   0.0000   0.0000 
  0.0000   0.0000   0.0000   0.0000   0.0000   0.0000   0.0000   0.0000   0.0000   0.0000 
  0.0000   0.0000   0.0000   0.0000   0.0000   0.0000   0.0000   0.0000   0.0000   0.0000 
  0.0000   0.0000   0.0000   0.0000   0.0000   0.0000   0.0000   0.0000   0.0000   0.0000 
  0.0000   0.0000   0.0000   0.0000   0.0000   0.0000   0.0000   0.0000   0.0000   0.0000 
  0.0000   0.0000   0.0000   0.0000   0.0000   0.0000   0.0000   0.0000   0.0000   0.0000 
  0.0000   0.0000   0.0000   0.0000   0.0000   0.0000   0.0000   0.0000   0.0000   0.0000 
  0.0000   0.0000   0.0000   0.0000   0.0000   0.0000   0.0000   0.0000   0.0000   0.0000 
  0.0000   0.0000   0.0000   0.0000   0.0000   0.0000   0.0000   0.0000   0.0000   0.0000 
  0.0000   0.0000   0.0000   0.0000   0.0000   0.0000   0.0000   0.0000   0.0000   0.0000 
  0.0000   0.0000   0.0000   0.0000   0.0000   0.0000   0.0000   0.0000   0.0000   0.0000 
  0.0000   0.0000   0.0000   0.0000   0.0000   0.0000   0.0000   0.0000   0.0000   0.0000 
  0.0000   0.0000   0.0000   0.0000   0.0000   0.0000   0.0000   0.0000   0.0000   0.0000 
  0.0000   0.0000   0.0000   0.0000   0.0000   0.0000   0.0000   0.0000   0.0000   0.0000 
  0.0000   0.0000   0.0000   0.0000   0.0000   0.0000   0.0000   0.0000   0.0000   0.0000 
  0.0000   0.0000   0.0000   0.0000   0.0000   0.0000   0.0000   0.0000   0.0000   0.0000 
  0.0000   0.0000   0.0000   0.0000   0.0000   0.0000   0.0000   0.0000   0.0000   0.0000 
  0.0000   0.0000   0.0000   0.0000   0.0000   0.0000   0.0000   0.0000   0.0000   0.0000 
  0.0000   0.0000   0.0000   0.0000   0.0000   0.0000   0.0000   0.0000   0.0000   0.0000 
  0.0000   0.0000   0.0000   0.0000   0.0000   0.0000   0.0000   0.0000   0.0000   0.0000 
  0.0000   0.0000   0.0000   0.0000   0.0000   0.0000   0.0000   0.0000   0.0000   0.0000 
  0.0000   0.0000   0.0000   0.0000   0.0000   0.0000   0.0000   0.0000   0.0000   0.0000 
  0.0000   0.0000   0.0000   0.0000   0.0000   0.0000   0.0000   0.0000   0.0000   0.0000 
  0.0000   0.0000   0.0000   0.0000   0.0000   0.0000   0.0000   0.0000   0.0000   0.0000 
  0.0000   0.0000   0.0000   0.0000   0.0000   0.0000   0.0000   0.0000   0.0000   0.0000 
  0.0000   0.0000   0.0000   0.0000   0.0000   0.0000   0.0000   0.0000   0.0000   0.0000 
  0.0000   0.0000   0.0000   0.0000   0.0000   0.0000   0.0000   0.0000   0.0000   0.0000 
  0.0000   0.0000   0.0000   0.0000   0.0000   0.0000   0.0000   0.0000   0.0000   0.0000 
  0.0000   0.0000   0.0000   0.0000   0.0000   0.0000   0.0000   0.0000   0.0000   0.0000 
  0.0000   0.0000   0.0000   0.0000   0.0000   0.0000   0.0000   0.0000   0.0000   0.0000 
  0.0000   0.0000   0.0000   0.0000   0.0000   0.0000   0.0000   0.0000   0.0000   0.0000 
  0.0000   0.0000   0.0000   0.0000   0.0000   0.0000   0.0000   0.0000   0.0000   0.0000 
  0.0000   0.0000   0.0000   0.0000   0.0000   0.0000   0.0000   0.0000   0.0000   0.0000 
  0.0000   0.0000   0.0000   0.0000   0.0000   0.0000   0.0000   0.0000   0.0000   0.0000 
  0.0000   0.0000   0.0000   0.0000   0.0000   0.0000   0.0000   0.0000   0.0000   0.0000 
  0.0000   0.0000   0.0000   0.0000   0.0000   0.0000   0.0000   0.0000   0.0000   0.0000 
  0.0000   0.0000   0.0000   0.0000   0.0000   0.0000   0.0000   0.0000   0.0000   0.0000 
  0.0000   0.0000   0.0000   0.0000   0.0000   0.0000   0.0000   0.0000   0.0000   0.0000 
  0.0000   0.0000   0.0000   0.0000   0.0000   0.0000   0.0000   0.0000   0.0000   0.0000 
  0.0000   0.0000   0.0000   0.0000   0.0000   0.0000   0.0000   0.0000   0.0000   0.0000 
  0.0000   0.0000   0.0000   0.0000   0.0000   0.0000   0.0000   0.0000   0.0000   0.0000 
  0.0000   0.0000   0.0000   0.0000   0.0000   0.0000   0.0000   0.0000   0.0000   0.0000 
  0.0000   0.0000   0.0000   0.0000   0.0000   0.0000   0.0000   0.0000   0.0000   0.0000 
  0.0000   0.0000   0.0000   0.0000   0.0000   0.0000   0.0000   0.0000   0.0000   0.0000 
  0.0000   0.0000   0.0000   0.0000   0.0000   0.0000   0.0000   0.0000   0.0000   0.0000 
  0.0000   0.0000   0.0000   0.0000   0.0000   0.0000   0.0000   0.0000   0.0000   0.0000 
  0.0000   0.0000   0.0000   0.0000   0.0000   0.0000   0.0000   0.0000   0.0000   0.0000 
  0.0000   0.0000   0.0000   0.0000   0.0000   0.0000   0.0000   0.0000   0.0000   0.0000 
  0.0000   0.0000   0.0000   0.0000   0.0000   0.0000   0.0000   0.0000   0.0000   0.0000 
  0.0000   0.0000   0.0000   0.0000   0.0000   0.0000   0.0000   0.0000   0.0000   0.0000 
  0.0000   0.0000   0.0000   0.0000   0.0000   0.0000   0.0000   0.0000   0.0000   0.0000 
  0.0000   0.0000   0.0000   0.0000   0.0000   0.0000   0.0000   0.0000   0.0000   0.0000 
  0.0000   0.0000   0.0000   0.0000   0.0000   0.0000   0.0000   0.0000   0.0000   0.0000 
  0.0000   0.0000   0.0000   0.0000   0.0000   0.0000   0.0000   0.0000   0.0000   0.0000 
  0.0000   0.0000   0.0000   0.0000   0.0000   0.0000   0.0000   0.0000   0.0000   0.0000 
