x-axis gyroscope data

 49.1250  15.5625  33.3750 105.3125  18.8750 -10.0000  44.5625  30.8125  -4.6250  28.1875 
 29.1875  10.9375  30.7500  96.6875 113.1875   0.4375  67.3750  60.5625  -2.1875  33.1250 
 43.5625   9.6875  16.8125  69.1875 138.6875  24.9375  61.8750  60.5625  28.0000  23.0625 
 47.8750   6.3750 -40.5000  97.0000 119.1250  34.1250  69.0000  53.1875  -6.1250  13.1250 
 63.5625 -14.5625 -49.1875 130.2500  85.9375  23.7500  88.8125  85.1250   5.0625   2.0000 
 77.9375   0.5000   5.4375 139.8125  54.2500  23.5625 114.7500  92.9375  13.4375   0.2500 
 99.9375  29.1875  13.5000 152.0625  37.6875  41.5625 106.5000  87.5000   2.3750   4.0625 
134.2500  18.7500   0.5000 153.6875  65.4375  48.6250 110.2500 102.7500   8.8125  14.6250 
124.1250  -4.5625 -14.3750 181.6875  12.9375  33.7500 135.0000 125.5625  27.4375  17.1875 
 40.8750  -2.9375 -15.8125 180.3750  -9.1250   8.3125 133.7500 123.0000   7.2500  12.5625 
 -7.2500   8.1875  13.1250 195.9375  35.0000  14.6250 125.3125 145.0625   8.0625  13.8125 
 47.0000   7.9375  41.6875 186.6250  15.8750  27.8125 148.8125 136.1250   7.0000  15.5000 
 63.0625  -5.8750  43.3750 184.5625 -17.1250  27.8750 160.3125 153.0625   4.6875  13.5625 
 25.8125   2.6250  32.5625 188.3125  -6.3125  27.0000 154.1250 167.7500   9.6875   9.4375 
 15.6875  14.5625  34.2500 213.5625  16.9375  33.1250 158.7500 169.0625   0.0625  -2.4375 
 39.9375  13.8750  54.9375 193.2500  16.1875  50.3750 167.5000 167.1875   8.0000   4.8750 
 77.9375   9.3125  74.0625 160.6250  21.1875  55.1875 184.6875 164.0625   8.0625   4.1250 
 49.6250  25.8125  74.7500 157.8750 -11.6875  52.2500 183.8750 179.2500  11.3125  -2.5000 
 25.1250  42.1250  82.0000 156.4375   1.9375  62.0625 167.8125 170.5000   9.2500  -9.6250 
 29.5625  52.1250  87.5000 147.8750  15.2500  57.9375 177.0000 185.1875   7.0625  -3.6250 
 51.8750  49.0000 122.1250 161.1250  25.6875  85.8125 171.6875 179.1250  18.6875  -7.5000 
 65.5000  72.8750 136.6250 131.2500  43.3750  96.3125 156.3750 151.1875  17.5000 -14.8750 
 60.9375  88.4375 131.0000 102.3125  51.0625 102.3125 140.9375 139.9375  -5.3750  -6.1250 
 56.3750 104.6250 160.0000  90.0000  40.5625 125.9375 133.1875 147.1250   0.8125  -1.8750 
 65.8125 121.3125 178.0000  69.7500  57.4375 123.0625 145.5625 135.4375   4.4375  -2.1250 
 90.7500 123.2500 160.1875  68.5625  55.2500 125.5625 142.8125 114.6875  21.6250 -12.0625 
113.7500 138.7500 165.1875  49.6250  62.5625 168.7500 100.8750  92.3750  25.0625   1.0000 
142.0000 158.5625 182.1250  30.6250  55.6875 179.5625  80.2500  75.3125  24.2500  -1.6250 
156.5625 174.7500 203.3125   6.3125  99.1875 158.3125  71.8125  70.3750  26.8125   7.8125 
142.9375 175.6250 197.8750  -5.5000 110.8125 151.7500  49.7500  61.3125  26.5000  14.9375 
161.1875 166.5625 206.7500 -16.6875 108.9375 163.3750  35.8750  62.5000  26.3125  40.2500 
193.3750 191.3750 204.1250 -57.2500 130.1250 179.2500  39.5625  39.5625  28.3125  30.7500 
211.6875 205.6250 180.9375 -18.2500 151.7500 187.8125  37.6250  32.7500  46.1875  22.0000 
193.5625 187.5625 168.6875  36.9375 166.3125 196.8750  22.5000  33.6250  52.9375  25.4375 
186.7500 188.1250 163.8750  29.2500 148.7500 169.7500   6.0000  27.9375  60.1875  31.2500 
188.6875 197.0625 193.3125   2.1875 177.5625 141.0625 -14.6875  -3.0625  54.8750  34.0000 
176.2500 188.4375 148.5000 112.1250 187.8750 147.6250  -3.5625 -55.2500  62.8125  32.2500 
175.8750 180.1875 124.5000 510.9375 185.5625 147.1875   8.2500 -30.9375  74.2500  37.7500 
193.8125 173.5000 122.6875  55.6250 172.6250 128.1250  10.9375  15.7500  69.4375  45.6250 
173.0000 168.5000 105.3750 -361.6875 179.3125 120.5000 -29.9375  -4.3125  60.2500  50.6875 
129.3125 171.6875  60.3125 550.0000 182.5625 112.2500 -35.0625 -53.5000  54.9375  45.8750 
117.5000 173.3750  48.5625 459.1250 197.6250  89.3750 242.4375 -23.8125  35.8125  45.6875 
128.4375 133.4375  53.7500   1.0625 168.7500  75.0000 658.5625 372.9375  19.5625  56.8125 
114.9375  71.2500  35.1250 116.8750 123.1250  68.0000 -386.2500 465.7500  -1.5000  72.2500 
 85.7500  59.3125  22.1250 152.0625 129.3750  52.8750 -246.5000 -324.0000   3.1250  82.9375 
 66.4375  76.8750  19.0000 -23.2500 143.7500  34.6875 344.1875 270.6875   3.3750  80.1875 
 56.4375  93.2500  16.1875 -65.7500 122.5625  28.6875  20.3125 352.6875   0.8125  93.1875 
 43.8750  66.8750   4.1875 -30.3750  88.1250  30.8125  81.5625  84.0625   1.6875  84.7500 
 37.4375  30.6875 -15.0625 -110.8750  67.0000   2.5625 360.4375 245.0625 -14.0000 100.8750 
 26.1875  27.8750  16.6875 -91.5000  72.1875 -34.4375 -59.3125 -177.8750 -23.0000 116.1250 
  5.0000  31.1250  60.6250  -7.6875  63.3750 -19.6250 -193.6875 -263.8125 -16.5625 133.4375 
 -8.6875   6.9375  20.6250  15.8750  48.6250  58.7500 -22.5000  39.4375 -13.1875 133.6875 
-30.9375 -24.3125   0.8125   6.1875  38.3125  44.8125  68.6250 187.0000 -16.3750 145.1875 
-32.7500 -39.0000 194.5625 -53.9375  16.8750  -0.1250 -54.9375  82.1875 -18.3750 156.5000 
 26.7500 -47.5000 497.7500 -116.3750  -0.0625 -38.2500 -128.3750 -29.4375 -16.3125 170.6875 
 34.0000 -15.0625 -181.5625 -129.7500 -14.7500 277.3750 -131.6250 -93.0625 -14.6250 177.5625 
-30.1250  14.1250 -878.6250 -121.5625 -11.3125 871.0000 -106.6875 -120.7500 -16.6250 181.1875 
 11.1250 -15.9375 136.8750 -131.5625  16.8750 -86.3125 -94.2500 -92.8125 -19.3750 177.6875 
154.1875  21.3125 242.7500 -126.5000  21.8750 -369.8125 -80.5625 -15.0000 -12.9375 186.3750 
356.4375 234.6875 353.8750 -92.1875 -22.3750 356.3125 -50.1875  24.1250  -5.0000 174.1875 
-538.0625 375.6875 308.0000 -10.5000   9.4375  86.0625  18.3750   4.6875  -1.1875 182.3125 
-304.1250 -484.2500 -34.5625  66.8125 373.2500 -88.0000  87.4375 -20.8750   3.8750 168.1875 
350.0000 -168.1875 -109.0625 117.5000 575.4375 -23.7500 131.6875 -42.6875  21.0625 150.2500 
181.5000 400.6250  30.3750 137.9375 -160.6875 -21.5000 125.6875 -82.6250  25.6875 166.5000 
374.6875  21.8125 139.5625  62.1875 -59.1250 -84.1875  41.8125 -174.6250  12.1250 157.7500 
319.5625 193.6875  67.6875 -47.9375 536.1250  16.5625 -41.8125 -319.5625  11.6250 153.7500 
 96.7500 307.9375 -52.0000 -146.9375 103.0000 115.6250 -109.7500 -431.2500  18.4375 148.1250 
-132.2500 -189.5625 -101.0000 -182.0000  58.0625  63.1250 -144.6875 -485.3125  23.1875 144.6875 
-284.5000 -282.1875 -91.6250 -148.1250 242.3125 -86.9375 -165.9375 -456.0625  27.2500 114.0000 
-276.8750 -94.8125 -76.0625 -217.8125 252.0000 -144.4375 -192.3750 -326.5625  22.8125  86.7500 
-205.9375   6.4375 -51.1250 -327.0000 133.4375 -137.2500 -148.0000 -202.6250  17.9375  67.5000 
-114.7500 -48.3125 -23.5000 -288.1875 -66.6875 -128.3750 -101.6875 -243.4375  16.8750  62.3125 
 -6.1250 -112.0000   7.7500  18.6250 -234.7500 -127.3750 110.6875 -392.0625  20.8750  62.8750 
 50.0625 -116.0625  23.3750 -164.1875 -234.7500 -105.0625 117.8750 -344.6875  14.8750  53.6875 
 47.4375 -91.3125  25.1875 -257.2500 -163.8125 -47.3125 -335.6250 -268.1875   4.7500  39.9375 
 -3.0000 -40.3750 -29.2500 -331.3750 -105.7500   0.8750 -429.3750 -246.5625   5.5000  37.2500 
-49.0625  38.2500 -116.3750 -59.2500 -62.4375  40.8125 -385.1250 -224.2500   6.3125  26.5625 
-87.5000  83.6875 -155.8750  -6.0000 -23.4375 108.0000 -32.4375 -139.3750   0.4375   2.8125 
-164.5625  94.1875 -272.1875 -30.1250 -17.0625 118.5625  16.6875 -91.4375  -9.5625 -22.8125 
-186.6875 119.2500 -327.3125 -48.1875 -40.8125 -19.7500 -13.1875 -37.7500  -9.5000 -19.0000 
-238.1875  50.1875 -125.2500 -70.4375 -78.0000 -127.1875 -102.6875 -38.5625  -6.5625  -6.1875 
-261.0625 -54.3750  52.3125 -60.5000 -122.2500 -149.1250 -166.3750 -88.8125  -3.6250  11.7500 
-160.8750 -151.6875 -321.7500 -38.6250 -104.3125 -196.8125 -149.5000 -74.8750   2.1875 -49.1875 
130.7500 -226.6250 -528.1875 -22.2500 -107.6875 -185.1250 -69.3750 -17.1875  -9.8750 -74.5000 
  4.7500 -253.9375 -579.7500 -10.2500 -156.2500 -113.3125  18.5625  41.0625 -11.5625  62.7500 
-439.6875 -196.3125 -251.7500 -41.3125 -202.0000   2.5625  47.8750 116.3750  -7.7500 621.1875 
-554.0625 -64.0625 -95.2500 -78.3125 -239.7500  91.3750  24.9375 182.1875  -3.6875 408.3750 
-288.0625 222.7500 -69.9375 -78.3125 -227.5625 -207.7500   3.0000 215.6250  -9.1875 -92.1875 
-138.0625  51.1875 -182.0000 -37.5000 -63.8750 -174.6875  -0.3750 181.6250 -15.8125 525.0000 
-154.9375 -396.4375 -89.1875  10.9375 281.1875 -236.3750  13.0000 110.4375 -12.8125 405.1250 
-149.5000 -481.3125  64.3750  36.2500 -75.0000 145.8125  36.6250  60.2500 -30.6250 113.6250 
-57.4375 -235.0625  39.7500  42.6875 -325.9375 185.3125  59.3750  36.5625 -49.7500 286.4375 
 45.2500 -128.0000 -40.8750  41.3125 -461.1250  51.8125  71.4375  26.3750 -55.0000 225.3125 
113.7500 -123.1250  38.5625  37.3750 -271.0625 -101.5625  60.7500  31.1250 -40.2500  57.7500 
117.7500 -102.5625 129.5625  38.5000 -89.7500 -233.4375  37.0000  31.1250 -16.1875  26.8125 
 26.1875 -116.6875  89.0000  43.7500 -46.5625 -280.3750  11.8750  28.3125 -22.1875  26.1875 
-100.8750 -140.5000  26.3125  36.8125 -98.6250 -170.4375   2.0000  22.0000 -43.1250 -77.1875 
-168.3750 -119.5625  13.3125  15.8125 -163.7500 -12.1875  -0.6875   6.1875 -43.8750 -112.3750 
-164.3125 -57.2500  42.2500 -13.1875 -174.3125  69.7500  -1.6875  -6.8750 -41.1250 -128.5000 
-90.8750 -28.6250  68.8750 -48.0625 -103.4375  53.8125  -7.6250 -14.6250 -36.1875 -155.5000 
  2.3750 -42.9375  59.3125 -76.0625   5.1875  -3.1250 -18.0000 -17.1250 -44.0625 -181.1250 
 39.6250 -62.8750  36.1875 -84.0000  86.0625 -48.6875 -25.0000 -10.6875 -47.5625 -194.3125 
 28.9375 -60.5000  28.5625 -61.4375  89.6250 -55.0000 -23.0000   5.3750 -38.5000 -187.6875 
  7.3750 -28.6875  42.3750 -36.2500  48.9375 -30.5625  -7.6250  26.0000 -24.4375 -184.8750 
-20.3750   8.0000  50.5000 -25.3125  -2.9375  -0.6875  10.0000  27.0000  -3.3125 -188.0625 
-46.6250  22.3125  43.9375 -20.3125 -30.8750  20.8125  19.7500 -67.1250   0.9375 -202.5000 
-71.2500  21.6875  31.6875 -15.1250 -30.1250  34.6250  19.0000 -147.3125  -8.0625 -232.6250 
-82.8125  18.0625  10.8125  -7.8125 -14.6875  38.1250  14.6875 -168.3125   2.3750 -234.5625 
-83.6875  -0.2500  -8.8750  -3.1875   6.4375  26.7500  14.5000 -116.2500  18.6250 -199.6875 
-79.9375 -21.0625 -17.8750  -0.9375  26.5625  11.8125  13.3125 -66.8750  31.5625 -199.0000 
-73.7500 -28.8125 -12.4375  -1.0000  41.1250  12.5000  11.0000 -56.3125  31.6250 -159.6250 
-61.0625 -28.0625 -13.0625  -3.2500  57.4375  13.1250   8.0000 -76.7500  41.7500 -185.0625 
-46.9375 -24.2500 -21.9375  -9.7500  69.7500   4.6875   5.1875 -101.1875  63.6875 -156.6875 
-30.8750 -24.1250 -31.8750 -19.2500  70.0000 -10.9375   1.5625 -114.0625  67.5000 168.0000 
-20.3125 -24.5625 -50.9375 -25.9375  47.8125 -20.5625  -4.4375 -105.1875  79.1250 -150.9375 
 -6.2500 -23.6875 -70.5000 -35.2500  21.8125 -19.8750 -11.9375 -94.6250  98.0000 -375.9375 
 11.0000 -22.3750 -68.8750 -43.3750  -2.4375  -8.1875 -17.3125 -40.7500 106.3125 -279.2500 
 31.3125 -15.7500 -51.0000 -47.4375 -22.8125   7.6875 -24.5625  17.0625 131.5625 -142.3750 
 41.9375  -8.1250 -25.7500 -46.6875 -42.7500  19.1250 -32.1250  41.1875 156.5000 -228.8750 
 34.1250   6.5625  -5.2500 -44.3125 -42.6250  28.8125 -38.5000  31.1875 178.5625 -214.3125 
 24.5000  20.1250   8.0000 -37.9375 -23.5625  32.6250 -43.8125   3.0000 179.6875 -193.7500 
 32.8125  25.7500   9.3125 -26.9375  -4.2500  27.1875 -49.5625 -27.3750 166.0625 -208.0625 
 43.0625  28.8125   3.8750 -10.0000   7.6875  17.1875 -55.5625 -74.3750 186.4375 -179.1875 
 52.0625  30.6875  -5.6250   9.1875  20.2500  12.1250 -58.8750 -110.3125 185.5000 -76.0000 
 64.6250  27.8125 -19.1875  17.3125  27.8125  14.0000 -58.5000 -113.1875 198.5625  33.8125 
 56.0000  21.0625 -28.3125  15.9375  29.2500  13.6250 -58.9375 -87.8125 204.8125  57.3750 
 35.2500  13.7500 -35.7500  11.7500  29.3125   9.5000 -60.1875 -78.7500 185.4375  29.8750 
 28.8750   3.1875 -44.9375  -0.3125  29.0000  -0.5000 -61.4375 -92.2500 185.0000   0.6250 
 29.8750  -5.5000 -51.2500 -18.6875  27.2500 -13.1875 -60.9375 -89.8750 200.0000   8.1875 
 16.6875  -6.0625 -49.5000 -34.3750  16.8125 -23.1250 -58.2500 -74.6250 180.3125  43.7500 
  8.8125  -1.5000 -42.0000 -46.4375   2.0625 -25.3750 -52.8750 -61.6875 148.1250  63.1250 
  9.3750  -2.0000 -39.0000 -45.8750  -9.5000 -26.0625 -44.1250 -80.4375 147.4375  59.9375 
 10.6875  -2.5625 -48.1250 -36.0000 -15.7500 -24.9375 -34.5000 -92.4375 149.8750  40.1250 
 10.5625  -2.0000 -59.6250 -27.1875 -18.1875 -25.8750 -34.0000 -81.8125 137.5000  11.7500 
 16.1250  -1.7500 -74.1875 -13.6875 -23.6250 -31.6250 -44.0625 -142.4375  95.8750 -18.3125 
 28.5625  -6.5000 -88.4375  -0.8125 -30.0000 -37.3750 -54.4375 -248.3125  74.5625 -46.1250 
 55.8750 -15.7500 -87.8750   7.3750 -34.8125 -42.0000 -60.4375 -250.6875  78.8125 -57.1875 
112.9375 -24.3750 -76.4375  13.3125 -36.9375 -47.6250 -57.7500 -149.9375  58.0000 -54.5625 
184.5000 -23.6250 -62.6875  17.1250 -33.9375 -46.8750 -46.8750  84.5625  44.7500 -40.1875 
223.4375 -18.5000 -55.7500  17.4375 -30.1875 -46.1875 -31.2500 449.9375  47.8750 -38.0625 
226.6250 -15.3750 -54.1250  14.9375 -28.3750 -44.6875 -15.6875   0.0000  47.5625 -51.0625 
221.0000 -18.4375 -54.7500  10.9375 -30.8750 -40.8125  -7.9375   0.0000  44.7500 -50.8750 
235.8750 -19.2500 -53.3125   4.6250 -32.1250 -44.3750 -11.0625   0.0000  15.8750 -28.1875 
252.0000 -11.0625 -47.2500   0.5000 -29.1250 -50.4375 -22.3125   0.0000 -13.3125   5.5000 
244.5625  -3.0625 -35.6250   3.9375 -21.6875 -48.7500 -34.3750   0.0000 -36.6875  21.5625 
225.1875  -5.4375 -20.8125  15.5000 -12.1250 -47.4375 -39.5625   0.0000 -11.3125  23.3125 
208.0625 -12.0000 -10.3125  29.1250  -6.8750 -44.8750 -37.9375   0.0000   0.0000   5.0000 
198.2500 -18.0000  -4.0000   0.0000  -7.5000 -38.9375 -31.6875   0.0000  26.0000  -8.0625 
206.0000   0.0000   0.6250   0.0000 -10.1250 -32.8125 -21.7500   0.0000 -28.6875  -8.7500 
230.6875   0.0000   5.5000   0.0000 -13.3125 -28.6875 -14.0625   0.0000 -20.5625  -7.1875 
252.8125   0.0000   7.5000   0.0000 -13.3750 -29.9375  -9.3750   0.0000 205.0000 -14.0625 
257.3125   0.0000   6.0000   0.0000 -10.2500 -28.2500  -3.7500   0.0000 695.6250 -24.0000 
242.6875   0.0000   2.1250   0.0000 -14.8750 -27.8125   1.1250   0.0000 252.5000 -27.1875 
219.6875   0.0000   0.0000   0.0000 -24.0000 -33.6875   4.8125   0.0000 -363.8125 -24.6250 
179.5000   0.0000   0.0000   0.0000 -28.3750 -37.5625   9.8125   0.0000 -84.5625 -23.9375 
126.1875   0.0000   0.0000   0.0000 -27.7500 -38.1875  13.6875   0.0000 110.6250 -29.5625 
 75.7500   0.0000   0.0000   0.0000 -26.6250 -38.5000   9.8125   0.0000 233.5625 -34.8750 
 54.0000   0.0000   0.0000   0.0000 -28.3750 -38.6875   0.0000   0.0000 304.1875 -28.6250 
 54.6250   0.0000   0.0000   0.0000 -28.9375 -33.8750   0.0000   0.0000  42.0625 -18.2500 
 40.9375   0.0000   0.0000   0.0000 -25.6250 -26.1875   0.0000   0.0000 -99.6250 -13.5000 
  9.4375   0.0000   0.0000   0.0000 -16.5625 -17.9375   0.0000   0.0000   3.6875 -15.3125 
 -3.3750   0.0000   0.0000   0.0000  -6.6875 -11.3750   0.0000   0.0000  91.6250 -30.3750 
 -5.1875   0.0000   0.0000   0.0000  -5.2500  -9.6250   0.0000   0.0000  52.3125 -44.6250 
-23.5625   0.0000   0.0000   0.0000  -4.5000 -13.1875   0.0000   0.0000 -45.4375 -50.0625 
-71.7500   0.0000   0.0000   0.0000   0.5625 -14.8125   0.0000   0.0000 -109.3125 -52.6250 
-102.9375   0.0000   0.0000   0.0000   7.5625  -8.8750   0.0000   0.0000 -120.3750 -52.1875 
-121.9375   0.0000   0.0000   0.0000  14.8750   2.8750   0.0000   0.0000 -115.5625 -52.3750 
-153.6875   0.0000   0.0000   0.0000  21.1875   9.4375   0.0000   0.0000 -104.6250 -58.6250 
-168.8125   0.0000   0.0000   0.0000  19.5000   5.8125   0.0000   0.0000 -59.2500 -72.7500 
-136.5000   0.0000   0.0000   0.0000  13.6875  -2.8750   0.0000   0.0000  -4.3125 -86.3125 
-113.5625   0.0000   0.0000   0.0000   9.7500  -7.1250   0.0000   0.0000  -5.1875 -93.3750 
-122.4375   0.0000   0.0000   0.0000  11.1875  -2.5000   0.0000   0.0000 -57.5000 -93.6875 
-135.1875   0.0000   0.0000   0.0000  15.4375   4.0625   0.0000   0.0000 -100.5000 -96.0625 
-140.7500   0.0000   0.0000   0.0000  20.6875  -1.1875   0.0000   0.0000 -135.8750 -97.5625 
-154.8125   0.0000   0.0000   0.0000  22.4375 -21.9375   0.0000   0.0000 -161.0625 -96.1250 
-179.1875   0.0000   0.0000   0.0000  18.5000 -35.6875   0.0000   0.0000 -144.3750 -92.6250 
-184.2500   0.0000   0.0000   0.0000  12.6250 -50.2500   0.0000   0.0000 -143.6250 -82.5000 
-219.4375   0.0000   0.0000   0.0000  11.0625 -49.0000   0.0000   0.0000 -150.1875 -71.9375 
-288.3125   0.0000   0.0000   0.0000  12.8125 -28.6875   0.0000   0.0000 -171.1875 -64.3125 
  0.0000   0.0000   0.0000   0.0000  17.0000 -14.3750   0.0000   0.0000 -155.9375 -50.6875 
  0.0000   0.0000   0.0000   0.0000   9.4375 -12.8125   0.0000   0.0000 -49.8750 -48.1875 
  0.0000   0.0000   0.0000   0.0000  12.1875 -14.0625   0.0000   0.0000 248.0000 -62.8125 
  0.0000   0.0000   0.0000   0.0000  15.0625   0.0000   0.0000   0.0000 -105.5000 -66.1250 
  0.0000   0.0000   0.0000   0.0000  16.1250   0.0000   0.0000   0.0000 -135.1875 -62.3750 
  0.0000   0.0000   0.0000   0.0000  21.8125   0.0000   0.0000   0.0000 -280.0000 -58.5625 
  0.0000   0.0000   0.0000   0.0000  14.0625   0.0000   0.0000   0.0000 -92.5625 -41.6875 
  0.0000   0.0000   0.0000   0.0000   4.1875   0.0000   0.0000   0.0000 -65.1250 -25.0000 
  0.0000   0.0000   0.0000   0.0000  -1.1250   0.0000   0.0000   0.0000 -45.8125 -28.8125 
  0.0000   0.0000   0.0000   0.0000   1.0625   0.0000   0.0000   0.0000 -80.3750  -5.8750 
  0.0000   0.0000   0.0000   0.0000   4.3125   0.0000   0.0000   0.0000 -157.6875  15.7500 
  0.0000   0.0000   0.0000   0.0000   3.1875   0.0000   0.0000   0.0000 -168.1250 -11.8125 
  0.0000   0.0000   0.0000   0.0000  -1.5000   0.0000   0.0000   0.0000 -90.8750 -20.8750 
  0.0000   0.0000   0.0000   0.0000  -9.1875   0.0000   0.0000   0.0000 -24.4375 -18.9375 
  0.0000   0.0000   0.0000   0.0000 -14.7500   0.0000   0.0000   0.0000  -4.5000   1.3750 
  0.0000   0.0000   0.0000   0.0000 -14.8750   0.0000   0.0000   0.0000 -12.5625  17.7500 
  0.0000   0.0000   0.0000   0.0000 -31.7500   0.0000   0.0000   0.0000   1.0625  11.8750 
  0.0000   0.0000   0.0000   0.0000 -50.9375   0.0000   0.0000   0.0000  38.4375 -17.7500 
  0.0000   0.0000   0.0000   0.0000   0.0000   0.0000   0.0000   0.0000  65.3750 -50.0625 
  0.0000   0.0000   0.0000   0.0000   0.0000   0.0000   0.0000   0.0000  65.3125 -86.0625 
  0.0000   0.0000   0.0000   0.0000   0.0000   0.0000   0.0000   0.0000  49.6250 -93.9375 
  0.0000   0.0000   0.0000   0.0000   0.0000   0.0000   0.0000   0.0000  41.7500 -72.3750 
  0.0000   0.0000   0.0000   0.0000   0.0000   0.0000   0.0000   0.0000  34.3750 -41.3750 
  0.0000   0.0000   0.0000   0.0000   0.0000   0.0000   0.0000   0.0000  25.6250 -21.2500 
  0.0000   0.0000   0.0000   0.0000   0.0000   0.0000   0.0000   0.0000  13.9375 -24.6250 
  0.0000   0.0000   0.0000   0.0000   0.0000   0.0000   0.0000   0.0000   2.9375 -36.7500 
  0.0000   0.0000   0.0000   0.0000   0.0000   0.0000   0.0000   0.0000  -5.2500 -44.5625 
  0.0000   0.0000   0.0000   0.0000   0.0000   0.0000   0.0000   0.0000  -5.1250 -47.8750 
  0.0000   0.0000   0.0000   0.0000   0.0000   0.0000   0.0000   0.0000 -35.8125 -53.8750 
  0.0000   0.0000   0.0000   0.0000   0.0000   0.0000   0.0000   0.0000 -85.6250 -65.0625 
  0.0000   0.0000   0.0000   0.0000   0.0000   0.0000   0.0000   0.0000 -100.0625 -64.1250 
  0.0000   0.0000   0.0000   0.0000   0.0000   0.0000   0.0000   0.0000 -74.0625 -60.5000 
  0.0000   0.0000   0.0000   0.0000   0.0000   0.0000   0.0000   0.0000 -26.2500 -64.1250 
  0.0000   0.0000   0.0000   0.0000   0.0000   0.0000   0.0000   0.0000  27.5000 -71.5000 
  0.0000   0.0000   0.0000   0.0000   0.0000   0.0000   0.0000   0.0000  62.3125 -81.5000 
  0.0000   0.0000   0.0000   0.0000   0.0000   0.0000   0.0000   0.0000  73.1875 -79.6875 
  0.0000   0.0000   0.0000   0.0000   0.0000   0.0000   0.0000   0.0000  65.9375 -69.5625 
  0.0000   0.0000   0.0000   0.0000   0.0000   0.0000   0.0000   0.0000  52.3750 -72.7500 
  0.0000   0.0000   0.0000   0.0000   0.0000   0.0000   0.0000   0.0000  30.0000 -75.4375 
  0.0000   0.0000   0.0000   0.0000   0.0000   0.0000   0.0000   0.0000  10.0000 -86.6250 
  0.0000   0.0000   0.0000   0.0000   0.0000   0.0000   0.0000   0.0000   1.0625 -111.0625 
  0.0000   0.0000   0.0000   0.0000   0.0000   0.0000   0.0000   0.0000   6.9375 -126.2500 
  0.0000   0.0000   0.0000   0.0000   0.0000   0.0000   0.0000   0.0000  13.9375 -124.5000 
  0.0000   0.0000   0.0000   0.0000   0.0000   0.0000   0.0000   0.0000   8.1875 -103.3750 
  0.0000   0.0000   0.0000   0.0000   0.0000   0.0000   0.0000   0.0000  -2.8125 -111.4375 
  0.0000   0.0000   0.0000   0.0000   0.0000   0.0000   0.0000   0.0000 -11.5000 -137.3750 
  0.0000   0.0000   0.0000   0.0000   0.0000   0.0000   0.0000   0.0000 -17.4375 -141.1250 
  0.0000   0.0000   0.0000   0.0000   0.0000   0.0000   0.0000   0.0000 -21.3750 -110.8125 
  0.0000   0.0000   0.0000   0.0000   0.0000   0.0000   0.0000   0.0000 -30.6875 -95.6875 
  0.0000   0.0000   0.0000   0.0000   0.0000   0.0000   0.0000   0.0000 -44.0000 -76.2500 
  0.0000   0.0000   0.0000   0.0000   0.0000   0.0000   0.0000   0.0000 -59.0000 -77.0000 
  0.0000   0.0000   0.0000   0.0000   0.0000   0.0000   0.0000   0.0000 -72.1875 -91.6250 
  0.0000   0.0000   0.0000   0.0000   0.0000   0.0000   0.0000   0.0000 -81.2500 -70.2500 
  0.0000   0.0000   0.0000   0.0000   0.0000   0.0000   0.0000   0.0000 -88.1250 -182.8750 
  0.0000   0.0000   0.0000   0.0000   0.0000   0.0000   0.0000   0.0000 -90.8750   4.3125 
  0.0000   0.0000   0.0000   0.0000   0.0000   0.0000   0.0000   0.0000 -89.2500  95.4375 
  0.0000   0.0000   0.0000   0.0000   0.0000   0.0000   0.0000   0.0000 -87.0625 123.9375 
  0.0000   0.0000   0.0000   0.0000   0.0000   0.0000   0.0000   0.0000 -82.8125   7.0625 
  0.0000   0.0000   0.0000   0.0000   0.0000   0.0000   0.0000   0.0000   0.0000 -28.5625 
  0.0000   0.0000   0.0000   0.0000   0.0000   0.0000   0.0000   0.0000   0.0000  73.8750 
  0.0000   0.0000   0.0000   0.0000   0.0000   0.0000   0.0000   0.0000   0.0000 108.9375 
  0.0000   0.0000   0.0000   0.0000   0.0000   0.0000   0.0000   0.0000   0.0000  62.8125 
  0.0000   0.0000   0.0000   0.0000   0.0000   0.0000   0.0000   0.0000   0.0000  58.3750 
  0.0000   0.0000   0.0000   0.0000   0.0000   0.0000   0.0000   0.0000   0.0000  85.2500 
  0.0000   0.0000   0.0000   0.0000   0.0000   0.0000   0.0000   0.0000   0.0000 100.8125 
  0.0000   0.0000   0.0000   0.0000   0.0000   0.0000   0.0000   0.0000   0.0000 100.0625 
  0.0000   0.0000   0.0000   0.0000   0.0000   0.0000   0.0000   0.0000   0.0000  83.6250 
  0.0000   0.0000   0.0000   0.0000   0.0000   0.0000   0.0000   0.0000   0.0000  81.3750 
  0.0000   0.0000   0.0000   0.0000   0.0000   0.0000   0.0000   0.0000   0.0000  82.0000 
  0.0000   0.0000   0.0000   0.0000   0.0000   0.0000   0.0000   0.0000   0.0000  82.1875 
  0.0000   0.0000   0.0000   0.0000   0.0000   0.0000   0.0000   0.0000   0.0000  74.5625 
  0.0000   0.0000   0.0000   0.0000   0.0000   0.0000   0.0000   0.0000   0.0000   0.0000 
  0.0000   0.0000   0.0000   0.0000   0.0000   0.0000   0.0000   0.0000   0.0000   0.0000 
  0.0000   0.0000   0.0000   0.0000   0.0000   0.0000   0.0000   0.0000   0.0000   0.0000 
  0.0000   0.0000   0.0000   0.0000   0.0000   0.0000   0.0000   0.0000   0.0000   0.0000 
  0.0000   0.0000   0.0000   0.0000   0.0000   0.0000   0.0000   0.0000   0.0000   0.0000 
  0.0000   0.0000   0.0000   0.0000   0.0000   0.0000   0.0000   0.0000   0.0000   0.0000 
  0.0000   0.0000   0.0000   0.0000   0.0000   0.0000   0.0000   0.0000   0.0000   0.0000 
  0.0000   0.0000   0.0000   0.0000   0.0000   0.0000   0.0000   0.0000   0.0000   0.0000 
  0.0000   0.0000   0.0000   0.0000   0.0000   0.0000   0.0000   0.0000   0.0000   0.0000 
  0.0000   0.0000   0.0000   0.0000   0.0000   0.0000   0.0000   0.0000   0.0000   0.0000 
  0.0000   0.0000   0.0000   0.0000   0.0000   0.0000   0.0000   0.0000   0.0000   0.0000 
  0.0000   0.0000   0.0000   0.0000   0.0000   0.0000   0.0000   0.0000   0.0000   0.0000 
  0.0000   0.0000   0.0000   0.0000   0.0000   0.0000   0.0000   0.0000   0.0000   0.0000 
  0.0000   0.0000   0.0000   0.0000   0.0000   0.0000   0.0000   0.0000   0.0000   0.0000 
  0.0000   0.0000   0.0000   0.0000   0.0000   0.0000   0.0000   0.0000   0.0000   0.0000 
  0.0000   0.0000   0.0000   0.0000   0.0000   0.0000   0.0000   0.0000   0.0000   0.0000 
  0.0000   0.0000   0.0000   0.0000   0.0000   0.0000   0.0000   0.0000   0.0000   0.0000 
  0.0000   0.0000   0.0000   0.0000   0.0000   0.0000   0.0000   0.0000   0.0000   0.0000 
  0.0000   0.0000   0.0000   0.0000   0.0000   0.0000   0.0000   0.0000   0.0000   0.0000 
  0.0000   0.0000   0.0000   0.0000   0.0000   0.0000   0.0000   0.0000   0.0000   0.0000 
  0.0000   0.0000   0.0000   0.0000   0.0000   0.0000   0.0000   0.0000   0.0000   0.0000 
  0.0000   0.0000   0.0000   0.0000   0.0000   0.0000   0.0000   0.0000   0.0000   0.0000 
  0.0000   0.0000   0.0000   0.0000   0.0000   0.0000   0.0000   0.0000   0.0000   0.0000 
  0.0000   0.0000   0.0000   0.0000   0.0000   0.0000   0.0000   0.0000   0.0000   0.0000 
  0.0000   0.0000   0.0000   0.0000   0.0000   0.0000   0.0000   0.0000   0.0000   0.0000 
  0.0000   0.0000   0.0000   0.0000   0.0000   0.0000   0.0000   0.0000   0.0000   0.0000 
  0.0000   0.0000   0.0000   0.0000   0.0000   0.0000   0.0000   0.0000   0.0000   0.0000 
  0.0000   0.0000   0.0000   0.0000   0.0000   0.0000   0.0000   0.0000   0.0000   0.0000 
  0.0000   0.0000   0.0000   0.0000   0.0000   0.0000   0.0000   0.0000   0.0000   0.0000 
  0.0000   0.0000   0.0000   0.0000   0.0000   0.0000   0.0000   0.0000   0.0000   0.0000 
  0.0000   0.0000   0.0000   0.0000   0.0000   0.0000   0.0000   0.0000   0.0000   0.0000 
  0.0000   0.0000   0.0000   0.0000   0.0000   0.0000   0.0000   0.0000   0.0000   0.0000 
  0.0000   0.0000   0.0000   0.0000   0.0000   0.0000   0.0000   0.0000   0.0000   0.0000 
  0.0000   0.0000   0.0000   0.0000   0.0000   0.0000   0.0000   0.0000   0.0000   0.0000 
  0.0000   0.0000   0.0000   0.0000   0.0000   0.0000   0.0000   0.0000   0.0000   0.0000 
  0.0000   0.0000   0.0000   0.0000   0.0000   0.0000   0.0000   0.0000   0.0000   0.0000 
  0.0000   0.0000   0.0000   0.0000   0.0000   0.0000   0.0000   0.0000   0.0000   0.0000 
  0.0000   0.0000   0.0000   0.0000   0.0000   0.0000   0.0000   0.0000   0.0000   0.0000 
  0.0000   0.0000   0.0000   0.0000   0.0000   0.0000   0.0000   0.0000   0.0000   0.0000 
  0.0000   0.0000   0.0000   0.0000   0.0000   0.0000   0.0000   0.0000   0.0000   0.0000 
  0.0000   0.0000   0.0000   0.0000   0.0000   0.0000   0.0000   0.0000   0.0000   0.0000 
  0.0000   0.0000   0.0000   0.0000   0.0000   0.0000   0.0000   0.0000   0.0000   0.0000 
  0.0000   0.0000   0.0000   0.0000   0.0000   0.0000   0.0000   0.0000   0.0000   0.0000 
  0.0000   0.0000   0.0000   0.0000   0.0000   0.0000   0.0000   0.0000   0.0000   0.0000 
  0.0000   0.0000   0.0000   0.0000   0.0000   0.0000   0.0000   0.0000   0.0000   0.0000 
  0.0000   0.0000   0.0000   0.0000   0.0000   0.0000   0.0000   0.0000   0.0000   0.0000 
  0.0000   0.0000   0.0000   0.0000   0.0000   0.0000   0.0000   0.0000   0.0000   0.0000 
  0.0000   0.0000   0.0000   0.0000   0.0000   0.0000   0.0000   0.0000   0.0000   0.0000 
  0.0000   0.0000   0.0000   0.0000   0.0000   0.0000   0.0000   0.0000   0.0000   0.0000 
  0.0000   0.0000   0.0000   0.0000   0.0000   0.0000   0.0000   0.0000   0.0000   0.0000 
  0.0000   0.0000   0.0000   0.0000   0.0000   0.0000   0.0000   0.0000   0.0000   0.0000 
  0.0000   0.0000   0.0000   0.0000   0.0000   0.0000   0.0000   0.0000   0.0000   0.0000 
  0.0000   0.0000   0.0000   0.0000   0.0000   0.0000   0.0000   0.0000   0.0000   0.0000 
  0.0000   0.0000   0.0000   0.0000   0.0000   0.0000   0.0000   0.0000   0.0000   0.0000 
  0.0000   0.0000   0.0000   0.0000   0.0000   0.0000   0.0000   0.0000   0.0000   0.0000 
  0.0000   0.0000   0.0000   0.0000   0.0000   0.0000   0.0000   0.0000   0.0000   0.0000 
  0.0000   0.0000   0.0000   0.0000   0.0000   0.0000   0.0000   0.0000   0.0000   0.0000 
  0.0000   0.0000   0.0000   0.0000   0.0000   0.0000   0.0000   0.0000   0.0000   0.0000 
  0.0000   0.0000   0.0000   0.0000   0.0000   0.0000   0.0000   0.0000   0.0000   0.0000 
  0.0000   0.0000   0.0000   0.0000   0.0000   0.0000   0.0000   0.0000   0.0000   0.0000 
  0.0000   0.0000   0.0000   0.0000   0.0000   0.0000   0.0000   0.0000   0.0000   0.0000 
  0.0000   0.0000   0.0000   0.0000   0.0000   0.0000   0.0000   0.0000   0.0000   0.0000 
  0.0000   0.0000   0.0000   0.0000   0.0000   0.0000   0.0000   0.0000   0.0000   0.0000 
  0.0000   0.0000   0.0000   0.0000   0.0000   0.0000   0.0000   0.0000   0.0000   0.0000 
  0.0000   0.0000   0.0000   0.0000   0.0000   0.0000   0.0000   0.0000   0.0000   0.0000 
  0.0000   0.0000   0.0000   0.0000   0.0000   0.0000   0.0000   0.0000   0.0000   0.0000 
  0.0000   0.0000   0.0000   0.0000   0.0000   0.0000   0.0000   0.0000   0.0000   0.0000 
  0.0000   0.0000   0.0000   0.0000   0.0000   0.0000   0.0000   0.0000   0.0000   0.0000 
  0.0000   0.0000   0.0000   0.0000   0.0000   0.0000   0.0000   0.0000   0.0000   0.0000 
  0.0000   0.0000   0.0000   0.0000   0.0000   0.0000   0.0000   0.0000   0.0000   0.0000 
  0.0000   0.0000   0.0000   0.0000   0.0000   0.0000   0.0000   0.0000   0.0000   0.0000 
  0.0000   0.0000   0.0000   0.0000   0.0000   0.0000   0.0000   0.0000   0.0000   0.0000 
  0.0000   0.0000   0.0000   0.0000   0.0000   0.0000   0.0000   0.0000   0.0000   0.0000 
  0.0000   0.0000   0.0000   0.0000   0.0000   0.0000   0.0000   0.0000   0.0000   0.0000 
  0.0000   0.0000   0.0000   0.0000   0.0000   0.0000   0.0000   0.0000   0.0000   0.0000 
  0.0000   0.0000   0.0000   0.0000   0.0000   0.0000   0.0000   0.0000   0.0000   0.0000 
  0.0000   0.0000   0.0000   0.0000   0.0000   0.0000   0.0000   0.0000   0.0000   0.0000 
  0.0000   0.0000   0.0000   0.0000   0.0000   0.0000   0.0000   0.0000   0.0000   0.0000 
  0.0000   0.0000   0.0000   0.0000   0.0000   0.0000   0.0000   0.0000   0.0000   0.0000 
  0.0000   0.0000   0.0000   0.0000   0.0000   0.0000   0.0000   0.0000   0.0000   0.0000 
  0.0000   0.0000   0.0000   0.0000   0.0000   0.0000   0.0000   0.0000   0.0000   0.0000 
  0.0000   0.0000   0.0000   0.0000   0.0000   0.0000   0.0000   0.0000   0.0000   0.0000 
  0.0000   0.0000   0.0000   0.0000   0.0000   0.0000   0.0000   0.0000   0.0000   0.0000 
  0.0000   0.0000   0.0000   0.0000   0.0000   0.0000   0.0000   0.0000   0.0000   0.0000 
  0.0000   0.0000   0.0000   0.0000   0.0000   0.0000   0.0000   0.0000   0.0000   0.0000 
  0.0000   0.0000   0.0000   0.0000   0.0000   0.0000   0.0000   0.0000   0.0000   0.0000 
  0.0000   0.0000   0.0000   0.0000   0.0000   0.0000   0.0000   0.0000   0.0000   0.0000 
  0.0000   0.0000   0.0000   0.0000   0.0000   0.0000   0.0000   0.0000   0.0000   0.0000 
  0.0000   0.0000   0.0000   0.0000   0.0000   0.0000   0.0000   0.0000   0.0000   0.0000 
  0.0000   0.0000   0.0000   0.0000   0.0000   0.0000   0.0000   0.0000   0.0000   0.0000 
  0.0000   0.0000   0.0000   0.0000   0.0000   0.0000   0.0000   0.0000   0.0000   0.0000 
  0.0000   0.0000   0.0000   0.0000   0.0000   0.0000   0.0000   0.0000   0.0000   0.0000 
  0.0000   0.0000   0.0000   0.0000   0.0000   0.0000   0.0000   0.0000   0.0000   0.0000 
  0.0000   0.0000   0.0000   0.0000   0.0000   0.0000   0.0000   0.0000   0.0000   0.0000 
  0.0000   0.0000   0.0000   0.0000   0.0000   0.0000   0.0000   0.0000   0.0000   0.0000 
  0.0000   0.0000   0.0000   0.0000   0.0000   0.0000   0.0000   0.0000   0.0000   0.0000 
  0.0000   0.0000   0.0000   0.0000   0.0000   0.0000   0.0000   0.0000   0.0000   0.0000 
  0.0000   0.0000   0.0000   0.0000   0.0000   0.0000   0.0000   0.0000   0.0000   0.0000 
  0.0000   0.0000   0.0000   0.0000   0.0000   0.0000   0.0000   0.0000   0.0000   0.0000 
  0.0000   0.0000   0.0000   0.0000   0.0000   0.0000   0.0000   0.0000   0.0000   0.0000 
  0.0000   0.0000   0.0000   0.0000   0.0000   0.0000   0.0000   0.0000   0.0000   0.0000 
  0.0000   0.0000   0.0000   0.0000   0.0000   0.0000   0.0000   0.0000   0.0000   0.0000 
  0.0000   0.0000   0.0000   0.0000   0.0000   0.0000   0.0000   0.0000   0.0000   0.0000 
  0.0000   0.0000   0.0000   0.0000   0.0000   0.0000   0.0000   0.0000   0.0000   0.0000 
  0.0000   0.0000   0.0000   0.0000   0.0000   0.0000   0.0000   0.0000   0.0000   0.0000 
  0.0000   0.0000   0.0000   0.0000   0.0000   0.0000   0.0000   0.0000   0.0000   0.0000 
  0.0000   0.0000   0.0000   0.0000   0.0000   0.0000   0.0000   0.0000   0.0000   0.0000 
  0.0000   0.0000   0.0000   0.0000   0.0000   0.0000   0.0000   0.0000   0.0000   0.0000 
  0.0000   0.0000   0.0000   0.0000   0.0000   0.0000   0.0000   0.0000   0.0000   0.0000 
  0.0000   0.0000   0.0000   0.0000   0.0000   0.0000   0.0000   0.0000   0.0000   0.0000 
  0.0000   0.0000   0.0000   0.0000   0.0000   0.0000   0.0000   0.0000   0.0000   0.0000 
  0.0000   0.0000   0.0000   0.0000   0.0000   0.0000   0.0000   0.0000   0.0000   0.0000 
  0.0000   0.0000   0.0000   0.0000   0.0000   0.0000   0.0000   0.0000   0.0000   0.0000 
  0.0000   0.0000   0.0000   0.0000   0.0000   0.0000   0.0000   0.0000   0.0000   0.0000 
  0.0000   0.0000   0.0000   0.0000   0.0000   0.0000   0.0000   0.0000   0.0000   0.0000 
  0.0000   0.0000   0.0000   0.0000   0.0000   0.0000   0.0000   0.0000   0.0000   0.0000 
  0.0000   0.0000   0.0000   0.0000   0.0000   0.0000   0.0000   0.0000   0.0000   0.0000 
  0.0000   0.0000   0.0000   0.0000   0.0000   0.0000   0.0000   0.0000   0.0000   0.0000 
  0.0000   0.0000   0.0000   0.0000   0.0000   0.0000   0.0000   0.0000   0.0000   0.0000 
  0.0000   0.0000   0.0000   0.0000   0.0000   0.0000   0.0000   0.0000   0.0000   0.0000 
  0.0000   0.0000   0.0000   0.0000   0.0000   0.0000   0.0000   0.0000   0.0000   0.0000 
  0.0000   0.0000   0.0000   0.0000   0.0000   0.0000   0.0000   0.0000   0.0000   0.0000 
  0.0000   0.0000   0.0000   0.0000   0.0000   0.0000   0.0000   0.0000   0.0000   0.0000 
  0.0000   0.0000   0.0000   0.0000   0.0000   0.0000   0.0000   0.0000   0.0000   0.0000 
  0.0000   0.0000   0.0000   0.0000   0.0000   0.0000   0.0000   0.0000   0.0000   0.0000 
  0.0000   0.0000   0.0000   0.0000   0.0000   0.0000   0.0000   0.0000   0.0000   0.0000 
  0.0000   0.0000   0.0000   0.0000   0.0000   0.0000   0.0000   0.0000   0.0000   0.0000 
  0.0000   0.0000   0.0000   0.0000   0.0000   0.0000   0.0000   0.0000   0.0000   0.0000 
  0.0000   0.0000   0.0000   0.0000   0.0000   0.0000   0.0000   0.0000   0.0000   0.0000 
  0.0000   0.0000   0.0000   0.0000   0.0000   0.0000   0.0000   0.0000   0.0000   0.0000 
  0.0000   0.0000   0.0000   0.0000   0.0000   0.0000   0.0000   0.0000   0.0000   0.0000 
  0.0000   0.0000   0.0000   0.0000   0.0000   0.0000   0.0000   0.0000   0.0000   0.0000 
  0.0000   0.0000   0.0000   0.0000   0.0000   0.0000   0.0000   0.0000   0.0000   0.0000 
  0.0000   0.0000   0.0000   0.0000   0.0000   0.0000   0.0000   0.0000   0.0000   0.0000 
  0.0000   0.0000   0.0000   0.0000   0.0000   0.0000   0.0000   0.0000   0.0000   0.0000 
  0.0000   0.0000   0.0000   0.0000   0.0000   0.0000   0.0000   0.0000   0.0000   0.0000 
  0.0000   0.0000   0.0000   0.0000   0.0000   0.0000   0.0000   0.0000   0.0000   0.0000 
  0.0000   0.0000   0.0000   0.0000   0.0000   0.0000   0.0000   0.0000   0.0000   0.0000 
  0.0000   0.0000   0.0000   0.0000   0.0000   0.0000   0.0000   0.0000   0.0000   0.0000 
  0.0000   0.0000   0.0000   0.0000   0.0000   0.0000   0.0000   0.0000   0.0000   0.0000 
  0.0000   0.0000   0.0000   0.0000   0.0000   0.0000   0.0000   0.0000   0.0000   0.0000 
  0.0000   0.0000   0.0000   0.0000   0.0000   0.0000   0.0000   0.0000   0.0000   0.0000 
  0.0000   0.0000   0.0000   0.0000   0.0000   0.0000   0.0000   0.0000   0.0000   0.0000 
  0.0000   0.0000   0.0000   0.0000   0.0000   0.0000   0.0000   0.0000   0.0000   0.0000 
  0.0000   0.0000   0.0000   0.0000   0.0000   0.0000   0.0000   0.0000   0.0000   0.0000 
  0.0000   0.0000   0.0000   0.0000   0.0000   0.0000   0.0000   0.0000   0.0000   0.0000 
  0.0000   0.0000   0.0000   0.0000   0.0000   0.0000   0.0000   0.0000   0.0000   0.0000 
  0.0000   0.0000   0.0000   0.0000   0.0000   0.0000   0.0000   0.0000   0.0000   0.0000 
  0.0000   0.0000   0.0000   0.0000   0.0000   0.0000   0.0000   0.0000   0.0000   0.0000 
  0.0000   0.0000   0.0000   0.0000   0.0000   0.0000   0.0000   0.0000   0.0000   0.0000 
  0.0000   0.0000   0.0000   0.0000   0.0000   0.0000   0.0000   0.0000   0.0000   0.0000 
  0.0000   0.0000   0.0000   0.0000   0.0000   0.0000   0.0000   0.0000   0.0000   0.0000 
  0.0000   0.0000   0.0000   0.0000   0.0000   0.0000   0.0000   0.0000   0.0000   0.0000 
  0.0000   0.0000   0.0000   0.0000   0.0000   0.0000   0.0000   0.0000   0.0000   0.0000 
  0.0000   0.0000   0.0000   0.0000   0.0000   0.0000   0.0000   0.0000   0.0000   0.0000 
  0.0000   0.0000   0.0000   0.0000   0.0000   0.0000   0.0000   0.0000   0.0000   0.0000 
  0.0000   0.0000   0.0000   0.0000   0.0000   0.0000   0.0000   0.0000   0.0000   0.0000 
  0.0000   0.0000   0.0000   0.0000   0.0000   0.0000   0.0000   0.0000   0.0000   0.0000 
  0.0000   0.0000   0.0000   0.0000   0.0000   0.0000   0.0000   0.0000   0.0000   0.0000 
  0.0000   0.0000   0.0000   0.0000   0.0000   0.0000   0.0000   0.0000   0.0000   0.0000 
  0.0000   0.0000   0.0000   0.0000   0.0000   0.0000   0.0000   0.0000   0.0000   0.0000 
  0.0000   0.0000   0.0000   0.0000   0.0000   0.0000   0.0000   0.0000   0.0000   0.0000 
  0.0000   0.0000   0.0000   0.0000   0.0000   0.0000   0.0000   0.0000   0.0000   0.0000 
  0.0000   0.0000   0.0000   0.0000   0.0000   0.0000   0.0000   0.0000   0.0000   0.0000 
  0.0000   0.0000   0.0000   0.0000   0.0000   0.0000   0.0000   0.0000   0.0000   0.0000 
  0.0000   0.0000   0.0000   0.0000   0.0000   0.0000   0.0000   0.0000   0.0000   0.0000 
  0.0000   0.0000   0.0000   0.0000   0.0000   0.0000   0.0000   0.0000   0.0000   0.0000 
  0.0000   0.0000   0.0000   0.0000   0.0000   0.0000   0.0000   0.0000   0.0000   0.0000 
  0.0000   0.0000   0.0000   0.0000   0.0000   0.0000   0.0000   0.0000   0.0000   0.0000 
  0.0000   0.0000   0.0000   0.0000   0.0000   0.0000   0.0000   0.0000   0.0000   0.0000 
  0.0000   0.0000   0.0000   0.0000   0.0000   0.0000   0.0000   0.0000   0.0000   0.0000 
  0.0000   0.0000   0.0000   0.0000   0.0000   0.0000   0.0000   0.0000   0.0000   0.0000 
  0.0000   0.0000   0.0000   0.0000   0.0000   0.0000   0.0000   0.0000   0.0000   0.0000 
  0.0000   0.0000   0.0000   0.0000   0.0000   0.0000   0.0000   0.0000   0.0000   0.0000 
  0.0000   0.0000   0.0000   0.0000   0.0000   0.0000   0.0000   0.0000   0.0000   0.0000 
  0.0000   0.0000   0.0000   0.0000   0.0000   0.0000   0.0000   0.0000   0.0000   0.0000 
  0.0000   0.0000   0.0000   0.0000   0.0000   0.0000   0.0000   0.0000   0.0000   0.0000 
  0.0000   0.0000   0.0000   0.0000   0.0000   0.0000   0.0000   0.0000   0.0000   0.0000 
  0.0000   0.0000   0.0000   0.0000   0.0000   0.0000   0.0000   0.0000   0.0000   0.0000 
  0.0000   0.0000   0.0000   0.0000   0.0000   0.0000   0.0000   0.0000   0.0000   0.0000 
  0.0000   0.0000   0.0000   0.0000   0.0000   0.0000   0.0000   0.0000   0.0000   0.0000 
  0.0000   0.0000   0.0000   0.0000   0.0000   0.0000   0.0000   0.0000   0.0000   0.0000 
  0.0000   0.0000   0.0000   0.0000   0.0000   0.0000   0.0000   0.0000   0.0000   0.0000 
  0.0000   0.0000   0.0000   0.0000   0.0000   0.0000   0.0000   0.0000   0.0000   0.0000 
  0.0000   0.0000   0.0000   0.0000   0.0000   0.0000   0.0000   0.0000   0.0000   0.0000 
  0.0000   0.0000   0.0000   0.0000   0.0000   0.0000   0.0000   0.0000   0.0000   0.0000 
  0.0000   0.0000   0.0000   0.0000   0.0000   0.0000   0.0000   0.0000   0.0000   0.0000 
  0.0000   0.0000   0.0000   0.0000   0.0000   0.0000   0.0000   0.0000   0.0000   0.0000 
  0.0000   0.0000   0.0000   0.0000   0.0000   0.0000   0.0000   0.0000   0.0000   0.0000 
  0.0000   0.0000   0.0000   0.0000   0.0000   0.0000   0.0000   0.0000   0.0000   0.0000 
  0.0000   0.0000   0.0000   0.0000   0.0000   0.0000   0.0000   0.0000   0.0000   0.0000 
  0.0000   0.0000   0.0000   0.0000   0.0000   0.0000   0.0000   0.0000   0.0000   0.0000 
  0.0000   0.0000   0.0000   0.0000   0.0000   0.0000   0.0000   0.0000   0.0000   0.0000 
  0.0000   0.0000   0.0000   0.0000   0.0000   0.0000   0.0000   0.0000   0.0000   0.0000 
  0.0000   0.0000   0.0000   0.0000   0.0000   0.0000   0.0000   0.0000   0.0000   0.0000 
  0.0000   0.0000   0.0000   0.0000   0.0000   0.0000   0.0000   0.0000   0.0000   0.0000 
  0.0000   0.0000   0.0000   0.0000   0.0000   0.0000   0.0000   0.0000   0.0000   0.0000 
  0.0000   0.0000   0.0000   0.0000   0.0000   0.0000   0.0000   0.0000   0.0000   0.0000 
  0.0000   0.0000   0.0000   0.0000   0.0000   0.0000   0.0000   0.0000   0.0000   0.0000 
  0.0000   0.0000   0.0000   0.0000   0.0000   0.0000   0.0000   0.0000   0.0000   0.0000 
  0.0000   0.0000   0.0000   0.0000   0.0000   0.0000   0.0000   0.0000   0.0000   0.0000 
  0.0000   0.0000   0.0000   0.0000   0.0000   0.0000   0.0000   0.0000   0.0000   0.0000 
  0.0000   0.0000   0.0000   0.0000   0.0000   0.0000   0.0000   0.0000   0.0000   0.0000 
  0.0000   0.0000   0.0000   0.0000   0.0000   0.0000   0.0000   0.0000   0.0000   0.0000 
  0.0000   0.0000   0.0000   0.0000   0.0000   0.0000   0.0000   0.0000   0.0000   0.0000 
  0.0000   0.0000   0.0000   0.0000   0.0000   0.0000   0.0000   0.0000   0.0000   0.0000 
  0.0000   0.0000   0.0000   0.0000   0.0000   0.0000   0.0000   0.0000   0.0000   0.0000 
  0.0000   0.0000   0.0000   0.0000   0.0000   0.0000   0.0000   0.0000   0.0000   0.0000 
  0.0000   0.0000   0.0000   0.0000   0.0000   0.0000   0.0000   0.0000   0.0000   0.0000 
  0.0000   0.0000   0.0000   0.0000   0.0000   0.0000   0.0000   0.0000   0.0000   0.0000 
  0.0000   0.0000   0.0000   0.0000   0.0000   0.0000   0.0000   0.0000   0.0000   0.0000 
  0.0000   0.0000   0.0000   0.0000   0.0000   0.0000   0.0000   0.0000   0.0000   0.0000 
  0.0000   0.0000   0.0000   0.0000   0.0000   0.0000   0.0000   0.0000   0.0000   0.0000 
  0.0000   0.0000   0.0000   0.0000   0.0000   0.0000   0.0000   0.0000   0.0000   0.0000 
  0.0000   0.0000   0.0000   0.0000   0.0000   0.0000   0.0000   0.0000   0.0000   0.0000 
  0.0000   0.0000   0.0000   0.0000   0.0000   0.0000   0.0000   0.0000   0.0000   0.0000 
  0.0000   0.0000   0.0000   0.0000   0.0000   0.0000   0.0000   0.0000   0.0000   0.0000 
  0.0000   0.0000   0.0000   0.0000   0.0000   0.0000   0.0000   0.0000   0.0000   0.0000 
  0.0000   0.0000   0.0000   0.0000   0.0000   0.0000   0.0000   0.0000   0.0000   0.0000 
  0.0000   0.0000   0.0000   0.0000   0.0000   0.0000   0.0000   0.0000   0.0000   0.0000 
  0.0000   0.0000   0.0000   0.0000   0.0000   0.0000   0.0000   0.0000   0.0000   0.0000 
  0.0000   0.0000   0.0000   0.0000   0.0000   0.0000   0.0000   0.0000   0.0000   0.0000 
  0.0000   0.0000   0.0000   0.0000   0.0000   0.0000   0.0000   0.0000   0.0000   0.0000 
  0.0000   0.0000   0.0000   0.0000   0.0000   0.0000   0.0000   0.0000   0.0000   0.0000 
  0.0000   0.0000   0.0000   0.0000   0.0000   0.0000   0.0000   0.0000   0.0000   0.0000 
  0.0000   0.0000   0.0000   0.0000   0.0000   0.0000   0.0000   0.0000   0.0000   0.0000 
  0.0000   0.0000   0.0000   0.0000   0.0000   0.0000   0.0000   0.0000   0.0000   0.0000 
  0.0000   0.0000   0.0000   0.0000   0.0000   0.0000   0.0000   0.0000   0.0000   0.0000 
  0.0000   0.0000   0.0000   0.0000   0.0000   0.0000   0.0000   0.0000   0.0000   0.0000 
  0.0000   0.0000   0.0000   0.0000   0.0000   0.0000   0.0000   0.0000   0.0000   0.0000 
  0.0000   0.0000   0.0000   0.0000   0.0000   0.0000   0.0000   0.0000   0.0000   0.0000 
  0.0000   0.0000   0.0000   0.0000   0.0000   0.0000   0.0000   0.0000   0.0000   0.0000 
  0.0000   0.0000   0.0000   0.0000   0.0000   0.0000   0.0000   0.0000   0.0000   0.0000 
  0.0000   0.0000   0.0000   0.0000   0.0000   0.0000   0.0000   0.0000   0.0000   0.0000 
  0.0000   0.0000   0.0000   0.0000   0.0000   0.0000   0.0000   0.0000   0.0000   0.0000 
  0.0000   0.0000   0.0000   0.0000   0.0000   0.0000   0.0000   0.0000   0.0000   0.0000 
  0.0000   0.0000   0.0000   0.0000   0.0000   0.0000   0.0000   0.0000   0.0000   0.0000 
  0.0000   0.0000   0.0000   0.0000   0.0000   0.0000   0.0000   0.0000   0.0000   0.0000 
  0.0000   0.0000   0.0000   0.0000   0.0000   0.0000   0.0000   0.0000   0.0000   0.0000 
  0.0000   0.0000   0.0000   0.0000   0.0000   0.0000   0.0000   0.0000   0.0000   0.0000 
  0.0000   0.0000   0.0000   0.0000   0.0000   0.0000   0.0000   0.0000   0.0000   0.0000 
  0.0000   0.0000   0.0000   0.0000   0.0000   0.0000   0.0000   0.0000   0.0000   0.0000 
  0.0000   0.0000   0.0000   0.0000   0.0000   0.0000   0.0000   0.0000   0.0000   0.0000 
  0.0000   0.0000   0.0000   0.0000   0.0000   0.0000   0.0000   0.0000   0.0000   0.0000 
  0.0000   0.0000   0.0000   0.0000   0.0000   0.0000   0.0000   0.0000   0.0000   0.0000 
  0.0000   0.0000   0.0000   0.0000   0.0000   0.0000   0.0000   0.0000   0.0000   0.0000 
  0.0000   0.0000   0.0000   0.0000   0.0000   0.0000   0.0000   0.0000   0.0000   0.0000 
  0.0000   0.0000   0.0000   0.0000   0.0000   0.0000   0.0000   0.0000   0.0000   0.0000 
  0.0000   0.0000   0.0000   0.0000   0.0000   0.0000   0.0000   0.0000   0.0000   0.0000 
  0.0000   0.0000   0.0000   0.0000   0.0000   0.0000   0.0000   0.0000   0.0000   0.0000 
  0.0000   0.0000   0.0000   0.0000   0.0000   0.0000   0.0000   0.0000   0.0000   0.0000 
  0.0000   0.0000   0.0000   0.0000   0.0000   0.0000   0.0000   0.0000   0.0000   0.0000 
  0.0000   0.0000   0.0000   0.0000   0.0000   0.0000   0.0000   0.0000   0.0000   0.0000 
  0.0000   0.0000   0.0000   0.0000   0.0000   0.0000   0.0000   0.0000   0.0000   0.0000 
  0.0000   0.0000   0.0000   0.0000   0.0000   0.0000   0.0000   0.0000   0.0000   0.0000 
  0.0000   0.0000   0.0000   0.0000   0.0000   0.0000   0.0000   0.0000   0.0000   0.0000 
  0.0000   0.0000   0.0000   0.0000   0.0000   0.0000   0.0000   0.0000   0.0000   0.0000 
  0.0000   0.0000   0.0000   0.0000   0.0000   0.0000   0.0000   0.0000   0.0000   0.0000 
  0.0000   0.0000   0.0000   0.0000   0.0000   0.0000   0.0000   0.0000   0.0000   0.0000 
  0.0000   0.0000   0.0000   0.0000   0.0000   0.0000   0.0000   0.0000   0.0000   0.0000 
  0.0000   0.0000   0.0000   0.0000   0.0000   0.0000   0.0000   0.0000   0.0000   0.0000 
  0.0000   0.0000   0.0000   0.0000   0.0000   0.0000   0.0000   0.0000   0.0000   0.0000 
  0.0000   0.0000   0.0000   0.0000   0.0000   0.0000   0.0000   0.0000   0.0000   0.0000 
  0.0000   0.0000   0.0000   0.0000   0.0000   0.0000   0.0000   0.0000   0.0000   0.0000 
  0.0000   0.0000   0.0000   0.0000   0.0000   0.0000   0.0000   0.0000   0.0000   0.0000 
  0.0000   0.0000   0.0000   0.0000   0.0000   0.0000   0.0000   0.0000   0.0000   0.0000 
  0.0000   0.0000   0.0000   0.0000   0.0000   0.0000   0.0000   0.0000   0.0000   0.0000 
  0.0000   0.0000   0.0000   0.0000   0.0000   0.0000   0.0000   0.0000   0.0000   0.0000 
  0.0000   0.0000   0.0000   0.0000   0.0000   0.0000   0.0000   0.0000   0.0000   0.0000 
  0.0000   0.0000   0.0000   0.0000   0.0000   0.0000   0.0000   0.0000   0.0000   0.0000 
  0.0000   0.0000   0.0000   0.0000   0.0000   0.0000   0.0000   0.0000   0.0000   0.0000 
  0.0000   0.0000   0.0000   0.0000   0.0000   0.0000   0.0000   0.0000   0.0000   0.0000 
  0.0000   0.0000   0.0000   0.0000   0.0000   0.0000   0.0000   0.0000   0.0000   0.0000 
  0.0000   0.0000   0.0000   0.0000   0.0000   0.0000   0.0000   0.0000   0.0000   0.0000 
  0.0000   0.0000   0.0000   0.0000   0.0000   0.0000   0.0000   0.0000   0.0000   0.0000 
  0.0000   0.0000   0.0000   0.0000   0.0000   0.0000   0.0000   0.0000   0.0000   0.0000 
  0.0000   0.0000   0.0000   0.0000   0.0000   0.0000   0.0000   0.0000   0.0000   0.0000 
  0.0000   0.0000   0.0000   0.0000   0.0000   0.0000   0.0000   0.0000   0.0000   0.0000 
  0.0000   0.0000   0.0000   0.0000   0.0000   0.0000   0.0000   0.0000   0.0000   0.0000 
  0.0000   0.0000   0.0000   0.0000   0.0000   0.0000   0.0000   0.0000   0.0000   0.0000 
  0.0000   0.0000   0.0000   0.0000   0.0000   0.0000   0.0000   0.0000   0.0000   0.0000 
  0.0000   0.0000   0.0000   0.0000   0.0000   0.0000   0.0000   0.0000   0.0000   0.0000 
  0.0000   0.0000   0.0000   0.0000   0.0000   0.0000   0.0000   0.0000   0.0000   0.0000 
  0.0000   0.0000   0.0000   0.0000   0.0000   0.0000   0.0000   0.0000   0.0000   0.0000 
  0.0000   0.0000   0.0000   0.0000   0.0000   0.0000   0.0000   0.0000   0.0000   0.0000 
  0.0000   0.0000   0.0000   0.0000   0.0000   0.0000   0.0000   0.0000   0.0000   0.0000 
  0.0000   0.0000   0.0000   0.0000   0.0000   0.0000   0.0000   0.0000   0.0000   0.0000 
  0.0000   0.0000   0.0000   0.0000   0.0000   0.0000   0.0000   0.0000   0.0000   0.0000 
  0.0000   0.0000   0.0000   0.0000   0.0000   0.0000   0.0000   0.0000   0.0000   0.0000 
  0.0000   0.0000   0.0000   0.0000   0.0000   0.0000   0.0000   0.0000   0.0000   0.0000 
  0.0000   0.0000   0.0000   0.0000   0.0000   0.0000   0.0000   0.0000   0.0000   0.0000 
  0.0000   0.0000   0.0000   0.0000   0.0000   0.0000   0.0000   0.0000   0.0000   0.0000 
  0.0000   0.0000   0.0000   0.0000   0.0000   0.0000   0.0000   0.0000   0.0000   0.0000 
  0.0000   0.0000   0.0000   0.0000   0.0000   0.0000   0.0000   0.0000   0.0000   0.0000 
  0.0000   0.0000   0.0000   0.0000   0.0000   0.0000   0.0000   0.0000   0.0000   0.0000 
  0.0000   0.0000   0.0000   0.0000   0.0000   0.0000   0.0000   0.0000   0.0000   0.0000 
  0.0000   0.0000   0.0000   0.0000   0.0000   0.0000   0.0000   0.0000   0.0000   0.0000 
  0.0000   0.0000   0.0000   0.0000   0.0000   0.0000   0.0000   0.0000   0.0000   0.0000 
  0.0000   0.0000   0.0000   0.0000   0.0000   0.0000   0.0000   0.0000   0.0000   0.0000 
  0.0000   0.0000   0.0000   0.0000   0.0000   0.0000   0.0000   0.0000   0.0000   0.0000 
  0.0000   0.0000   0.0000   0.0000   0.0000   0.0000   0.0000   0.0000   0.0000   0.0000 
  0.0000   0.0000   0.0000   0.0000   0.0000   0.0000   0.0000   0.0000   0.0000   0.0000 
  0.0000   0.0000   0.0000   0.0000   0.0000   0.0000   0.0000   0.0000   0.0000   0.0000 
  0.0000   0.0000   0.0000   0.0000   0.0000   0.0000   0.0000   0.0000   0.0000   0.0000 
  0.0000   0.0000   0.0000   0.0000   0.0000   0.0000   0.0000   0.0000   0.0000   0.0000 
  0.0000   0.0000   0.0000   0.0000   0.0000   0.0000   0.0000   0.0000   0.0000   0.0000 
  0.0000   0.0000   0.0000   0.0000   0.0000   0.0000   0.0000   0.0000   0.0000   0.0000 
  0.0000   0.0000   0.0000   0.0000   0.0000   0.0000   0.0000   0.0000   0.0000   0.0000 
  0.0000   0.0000   0.0000   0.0000   0.0000   0.0000   0.0000   0.0000   0.0000   0.0000 
  0.0000   0.0000   0.0000   0.0000   0.0000   0.0000   0.0000   0.0000   0.0000   0.0000 
  0.0000   0.0000   0.0000   0.0000   0.0000   0.0000   0.0000   0.0000   0.0000   0.0000 
  0.0000   0.0000   0.0000   0.0000   0.0000   0.0000   0.0000   0.0000   0.0000   0.0000 
  0.0000   0.0000   0.0000   0.0000   0.0000   0.0000   0.0000   0.0000   0.0000   0.0000 
  0.0000   0.0000   0.0000   0.0000   0.0000   0.0000   0.0000   0.0000   0.0000   0.0000 
  0.0000   0.0000   0.0000   0.0000   0.0000   0.0000   0.0000   0.0000   0.0000   0.0000 
  0.0000   0.0000   0.0000   0.0000   0.0000   0.0000   0.0000   0.0000   0.0000   0.0000 
  0.0000   0.0000   0.0000   0.0000   0.0000   0.0000   0.0000   0.0000   0.0000   0.0000 
  0.0000   0.0000   0.0000   0.0000   0.0000   0.0000   0.0000   0.0000   0.0000   0.0000 
  0.0000   0.0000   0.0000   0.0000   0.0000   0.0000   0.0000   0.0000   0.0000   0.0000 
  0.0000   0.0000   0.0000   0.0000   0.0000   0.0000   0.0000   0.0000   0.0000   0.0000 
  0.0000   0.0000   0.0000   0.0000   0.0000   0.0000   0.0000   0.0000   0.0000   0.0000 
  0.0000   0.0000   0.0000   0.0000   0.0000   0.0000   0.0000   0.0000   0.0000   0.0000 
  0.0000   0.0000   0.0000   0.0000   0.0000   0.0000   0.0000   0.0000   0.0000   0.0000 
  0.0000   0.0000   0.0000   0.0000   0.0000   0.0000   0.0000   0.0000   0.0000   0.0000 
  0.0000   0.0000   0.0000   0.0000   0.0000   0.0000   0.0000   0.0000   0.0000   0.0000 
  0.0000   0.0000   0.0000   0.0000   0.0000   0.0000   0.0000   0.0000   0.0000   0.0000 
  0.0000   0.0000   0.0000   0.0000   0.0000   0.0000   0.0000   0.0000   0.0000   0.0000 
  0.0000   0.0000   0.0000   0.0000   0.0000   0.0000   0.0000   0.0000   0.0000   0.0000 
  0.0000   0.0000   0.0000   0.0000   0.0000   0.0000   0.0000   0.0000   0.0000   0.0000 
  0.0000   0.0000   0.0000   0.0000   0.0000   0.0000   0.0000   0.0000   0.0000   0.0000 
  0.0000   0.0000   0.0000   0.0000   0.0000   0.0000   0.0000   0.0000   0.0000   0.0000 
  0.0000   0.0000   0.0000   0.0000   0.0000   0.0000   0.0000   0.0000   0.0000   0.0000 
  0.0000   0.0000   0.0000   0.0000   0.0000   0.0000   0.0000   0.0000   0.0000   0.0000 
  0.0000   0.0000   0.0000   0.0000   0.0000   0.0000   0.0000   0.0000   0.0000   0.0000 
  0.0000   0.0000   0.0000   0.0000   0.0000   0.0000   0.0000   0.0000   0.0000   0.0000 
  0.0000   0.0000   0.0000   0.0000   0.0000   0.0000   0.0000   0.0000   0.0000   0.0000 
  0.0000   0.0000   0.0000   0.0000   0.0000   0.0000   0.0000   0.0000   0.0000   0.0000 
  0.0000   0.0000   0.0000   0.0000   0.0000   0.0000   0.0000   0.0000   0.0000   0.0000 
  0.0000   0.0000   0.0000   0.0000   0.0000   0.0000   0.0000   0.0000   0.0000   0.0000 
  0.0000   0.0000   0.0000   0.0000   0.0000   0.0000   0.0000   0.0000   0.0000   0.0000 
  0.0000   0.0000   0.0000   0.0000   0.0000   0.0000   0.0000   0.0000   0.0000   0.0000 
  0.0000   0.0000   0.0000   0.0000   0.0000   0.0000   0.0000   0.0000   0.0000   0.0000 
  0.0000   0.0000   0.0000   0.0000   0.0000   0.0000   0.0000   0.0000   0.0000   0.0000 
  0.0000   0.0000   0.0000   0.0000   0.0000   0.0000   0.0000   0.0000   0.0000   0.0000 
  0.0000   0.0000   0.0000   0.0000   0.0000   0.0000   0.0000   0.0000   0.0000   0.0000 
  0.0000   0.0000   0.0000   0.0000   0.0000   0.0000   0.0000   0.0000   0.0000   0.0000 
  0.0000   0.0000   0.0000   0.0000   0.0000   0.0000   0.0000   0.0000   0.0000   0.0000 
  0.0000   0.0000   0.0000   0.0000   0.0000   0.0000   0.0000   0.0000   0.0000   0.0000 
  0.0000   0.0000   0.0000   0.0000   0.0000   0.0000   0.0000   0.0000   0.0000   0.0000 
  0.0000   0.0000   0.0000   0.0000   0.0000   0.0000   0.0000   0.0000   0.0000   0.0000 
  0.0000   0.0000   0.0000   0.0000   0.0000   0.0000   0.0000   0.0000   0.0000   0.0000 
  0.0000   0.0000   0.0000   0.0000   0.0000   0.0000   0.0000   0.0000   0.0000   0.0000 
  0.0000   0.0000   0.0000   0.0000   0.0000   0.0000   0.0000   0.0000   0.0000   0.0000 
  0.0000   0.0000   0.0000   0.0000   0.0000   0.0000   0.0000   0.0000   0.0000   0.0000 
  0.0000   0.0000   0.0000   0.0000   0.0000   0.0000   0.0000   0.0000   0.0000   0.0000 
  0.0000   0.0000   0.0000   0.0000   0.0000   0.0000   0.0000   0.0000   0.0000   0.0000 
  0.0000   0.0000   0.0000   0.0000   0.0000   0.0000   0.0000   0.0000   0.0000   0.0000 
  0.0000   0.0000   0.0000   0.0000   0.0000   0.0000   0.0000   0.0000   0.0000   0.0000 
  0.0000   0.0000   0.0000   0.0000   0.0000   0.0000   0.0000   0.0000   0.0000   0.0000 
  0.0000   0.0000   0.0000   0.0000   0.0000   0.0000   0.0000   0.0000   0.0000   0.0000 
  0.0000   0.0000   0.0000   0.0000   0.0000   0.0000   0.0000   0.0000   0.0000   0.0000 
  0.0000   0.0000   0.0000   0.0000   0.0000   0.0000   0.0000   0.0000   0.0000   0.0000 
  0.0000   0.0000   0.0000   0.0000   0.0000   0.0000   0.0000   0.0000   0.0000   0.0000 
  0.0000   0.0000   0.0000   0.0000   0.0000   0.0000   0.0000   0.0000   0.0000   0.0000 
  0.0000   0.0000   0.0000   0.0000   0.0000   0.0000   0.0000   0.0000   0.0000   0.0000 
  0.0000   0.0000   0.0000   0.0000   0.0000   0.0000   0.0000   0.0000   0.0000   0.0000 
  0.0000   0.0000   0.0000   0.0000   0.0000   0.0000   0.0000   0.0000   0.0000   0.0000 
  0.0000   0.0000   0.0000   0.0000   0.0000   0.0000   0.0000   0.0000   0.0000   0.0000 
  0.0000   0.0000   0.0000   0.0000   0.0000   0.0000   0.0000   0.0000   0.0000   0.0000 
  0.0000   0.0000   0.0000   0.0000   0.0000   0.0000   0.0000   0.0000   0.0000   0.0000 
  0.0000   0.0000   0.0000   0.0000   0.0000   0.0000   0.0000   0.0000   0.0000   0.0000 
  0.0000   0.0000   0.0000   0.0000   0.0000   0.0000   0.0000   0.0000   0.0000   0.0000 
  0.0000   0.0000   0.0000   0.0000   0.0000   0.0000   0.0000   0.0000   0.0000   0.0000 
  0.0000   0.0000   0.0000   0.0000   0.0000   0.0000   0.0000   0.0000   0.0000   0.0000 
  0.0000   0.0000   0.0000   0.0000   0.0000   0.0000   0.0000   0.0000   0.0000   0.0000 
  0.0000   0.0000   0.0000   0.0000   0.0000   0.0000   0.0000   0.0000   0.0000   0.0000 
  0.0000   0.0000   0.0000   0.0000   0.0000   0.0000   0.0000   0.0000   0.0000   0.0000 
  0.0000   0.0000   0.0000   0.0000   0.0000   0.0000   0.0000   0.0000   0.0000   0.0000 
  0.0000   0.0000   0.0000   0.0000   0.0000   0.0000   0.0000   0.0000   0.0000   0.0000 
  0.0000   0.0000   0.0000   0.0000   0.0000   0.0000   0.0000   0.0000   0.0000   0.0000 
  0.0000   0.0000   0.0000   0.0000   0.0000   0.0000   0.0000   0.0000   0.0000   0.0000 
  0.0000   0.0000   0.0000   0.0000   0.0000   0.0000   0.0000   0.0000   0.0000   0.0000 
  0.0000   0.0000   0.0000   0.0000   0.0000   0.0000   0.0000   0.0000   0.0000   0.0000 
  0.0000   0.0000   0.0000   0.0000   0.0000   0.0000   0.0000   0.0000   0.0000   0.0000 
  0.0000   0.0000   0.0000   0.0000   0.0000   0.0000   0.0000   0.0000   0.0000   0.0000 
  0.0000   0.0000   0.0000   0.0000   0.0000   0.0000   0.0000   0.0000   0.0000   0.0000 
  0.0000   0.0000   0.0000   0.0000   0.0000   0.0000   0.0000   0.0000   0.0000   0.0000 
  0.0000   0.0000   0.0000   0.0000   0.0000   0.0000   0.0000   0.0000   0.0000   0.0000 
  0.0000   0.0000   0.0000   0.0000   0.0000   0.0000   0.0000   0.0000   0.0000   0.0000 
  0.0000   0.0000   0.0000   0.0000   0.0000   0.0000   0.0000   0.0000   0.0000   0.0000 
  0.0000   0.0000   0.0000   0.0000   0.0000   0.0000   0.0000   0.0000   0.0000   0.0000 
  0.0000   0.0000   0.0000   0.0000   0.0000   0.0000   0.0000   0.0000   0.0000   0.0000 
  0.0000   0.0000   0.0000   0.0000   0.0000   0.0000   0.0000   0.0000   0.0000   0.0000 
  0.0000   0.0000   0.0000   0.0000   0.0000   0.0000   0.0000   0.0000   0.0000   0.0000 
  0.0000   0.0000   0.0000   0.0000   0.0000   0.0000   0.0000   0.0000   0.0000   0.0000 
  0.0000   0.0000   0.0000   0.0000   0.0000   0.0000   0.0000   0.0000   0.0000   0.0000 
  0.0000   0.0000   0.0000   0.0000   0.0000   0.0000   0.0000   0.0000   0.0000   0.0000 
  0.0000   0.0000   0.0000   0.0000   0.0000   0.0000   0.0000   0.0000   0.0000   0.0000 
  0.0000   0.0000   0.0000   0.0000   0.0000   0.0000   0.0000   0.0000   0.0000   0.0000 
  0.0000   0.0000   0.0000   0.0000   0.0000   0.0000   0.0000   0.0000   0.0000   0.0000 
  0.0000   0.0000   0.0000   0.0000   0.0000   0.0000   0.0000   0.0000   0.0000   0.0000 
  0.0000   0.0000   0.0000   0.0000   0.0000   0.0000   0.0000   0.0000   0.0000   0.0000 
  0.0000   0.0000   0.0000   0.0000   0.0000   0.0000   0.0000   0.0000   0.0000   0.0000 
  0.0000   0.0000   0.0000   0.0000   0.0000   0.0000   0.0000   0.0000   0.0000   0.0000 
  0.0000   0.0000   0.0000   0.0000   0.0000   0.0000   0.0000   0.0000   0.0000   0.0000 
  0.0000   0.0000   0.0000   0.0000   0.0000   0.0000   0.0000   0.0000   0.0000   0.0000 
  0.0000   0.0000   0.0000   0.0000   0.0000   0.0000   0.0000   0.0000   0.0000   0.0000 
  0.0000   0.0000   0.0000   0.0000   0.0000   0.0000   0.0000   0.0000   0.0000   0.0000 
  0.0000   0.0000   0.0000   0.0000   0.0000   0.0000   0.0000   0.0000   0.0000   0.0000 
  0.0000   0.0000   0.0000   0.0000   0.0000   0.0000   0.0000   0.0000   0.0000   0.0000 
  0.0000   0.0000   0.0000   0.0000   0.0000   0.0000   0.0000   0.0000   0.0000   0.0000 
  0.0000   0.0000   0.0000   0.0000   0.0000   0.0000   0.0000   0.0000   0.0000   0.0000 
  0.0000   0.0000   0.0000   0.0000   0.0000   0.0000   0.0000   0.0000   0.0000   0.0000 
  0.0000   0.0000   0.0000   0.0000   0.0000   0.0000   0.0000   0.0000   0.0000   0.0000 
  0.0000   0.0000   0.0000   0.0000   0.0000   0.0000   0.0000   0.0000   0.0000   0.0000 
  0.0000   0.0000   0.0000   0.0000   0.0000   0.0000   0.0000   0.0000   0.0000   0.0000 
  0.0000   0.0000   0.0000   0.0000   0.0000   0.0000   0.0000   0.0000   0.0000   0.0000 
  0.0000   0.0000   0.0000   0.0000   0.0000   0.0000   0.0000   0.0000   0.0000   0.0000 
  0.0000   0.0000   0.0000   0.0000   0.0000   0.0000   0.0000   0.0000   0.0000   0.0000 
  0.0000   0.0000   0.0000   0.0000   0.0000   0.0000   0.0000   0.0000   0.0000   0.0000 
  0.0000   0.0000   0.0000   0.0000   0.0000   0.0000   0.0000   0.0000   0.0000   0.0000 
  0.0000   0.0000   0.0000   0.0000   0.0000   0.0000   0.0000   0.0000   0.0000   0.0000 
  0.0000   0.0000   0.0000   0.0000   0.0000   0.0000   0.0000   0.0000   0.0000   0.0000 
  0.0000   0.0000   0.0000   0.0000   0.0000   0.0000   0.0000   0.0000   0.0000   0.0000 
  0.0000   0.0000   0.0000   0.0000   0.0000   0.0000   0.0000   0.0000   0.0000   0.0000 
  0.0000   0.0000   0.0000   0.0000   0.0000   0.0000   0.0000   0.0000   0.0000   0.0000 
  0.0000   0.0000   0.0000   0.0000   0.0000   0.0000   0.0000   0.0000   0.0000   0.0000 
  0.0000   0.0000   0.0000   0.0000   0.0000   0.0000   0.0000   0.0000   0.0000   0.0000 
  0.0000   0.0000   0.0000   0.0000   0.0000   0.0000   0.0000   0.0000   0.0000   0.0000 
  0.0000   0.0000   0.0000   0.0000   0.0000   0.0000   0.0000   0.0000   0.0000   0.0000 
  0.0000   0.0000   0.0000   0.0000   0.0000   0.0000   0.0000   0.0000   0.0000   0.0000 
  0.0000   0.0000   0.0000   0.0000   0.0000   0.0000   0.0000   0.0000   0.0000   0.0000 
  0.0000   0.0000   0.0000   0.0000   0.0000   0.0000   0.0000   0.0000   0.0000   0.0000 
  0.0000   0.0000   0.0000   0.0000   0.0000   0.0000   0.0000   0.0000   0.0000   0.0000 
  0.0000   0.0000   0.0000   0.0000   0.0000   0.0000   0.0000   0.0000   0.0000   0.0000 
  0.0000   0.0000   0.0000   0.0000   0.0000   0.0000   0.0000   0.0000   0.0000   0.0000 
  0.0000   0.0000   0.0000   0.0000   0.0000   0.0000   0.0000   0.0000   0.0000   0.0000 
  0.0000   0.0000   0.0000   0.0000   0.0000   0.0000   0.0000   0.0000   0.0000   0.0000 
  0.0000   0.0000   0.0000   0.0000   0.0000   0.0000   0.0000   0.0000   0.0000   0.0000 
  0.0000   0.0000   0.0000   0.0000   0.0000   0.0000   0.0000   0.0000   0.0000   0.0000 
  0.0000   0.0000   0.0000   0.0000   0.0000   0.0000   0.0000   0.0000   0.0000   0.0000 
  0.0000   0.0000   0.0000   0.0000   0.0000   0.0000   0.0000   0.0000   0.0000   0.0000 
  0.0000   0.0000   0.0000   0.0000   0.0000   0.0000   0.0000   0.0000   0.0000   0.0000 
  0.0000   0.0000   0.0000   0.0000   0.0000   0.0000   0.0000   0.0000   0.0000   0.0000 
  0.0000   0.0000   0.0000   0.0000   0.0000   0.0000   0.0000   0.0000   0.0000   0.0000 
  0.0000   0.0000   0.0000   0.0000   0.0000   0.0000   0.0000   0.0000   0.0000   0.0000 
  0.0000   0.0000   0.0000   0.0000   0.0000   0.0000   0.0000   0.0000   0.0000   0.0000 
  0.0000   0.0000   0.0000   0.0000   0.0000   0.0000   0.0000   0.0000   0.0000   0.0000 
  0.0000   0.0000   0.0000   0.0000   0.0000   0.0000   0.0000   0.0000   0.0000   0.0000 
  0.0000   0.0000   0.0000   0.0000   0.0000   0.0000   0.0000   0.0000   0.0000   0.0000 
  0.0000   0.0000   0.0000   0.0000   0.0000   0.0000   0.0000   0.0000   0.0000   0.0000 
  0.0000   0.0000   0.0000   0.0000   0.0000   0.0000   0.0000   0.0000   0.0000   0.0000 
  0.0000   0.0000   0.0000   0.0000   0.0000   0.0000   0.0000   0.0000   0.0000   0.0000 
  0.0000   0.0000   0.0000   0.0000   0.0000   0.0000   0.0000   0.0000   0.0000   0.0000 
  0.0000   0.0000   0.0000   0.0000   0.0000   0.0000   0.0000   0.0000   0.0000   0.0000 
  0.0000   0.0000   0.0000   0.0000   0.0000   0.0000   0.0000   0.0000   0.0000   0.0000 
  0.0000   0.0000   0.0000   0.0000   0.0000   0.0000   0.0000   0.0000   0.0000   0.0000 
  0.0000   0.0000   0.0000   0.0000   0.0000   0.0000   0.0000   0.0000   0.0000   0.0000 
  0.0000   0.0000   0.0000   0.0000   0.0000   0.0000   0.0000   0.0000   0.0000   0.0000 
  0.0000   0.0000   0.0000   0.0000   0.0000   0.0000   0.0000   0.0000   0.0000   0.0000 
  0.0000   0.0000   0.0000   0.0000   0.0000   0.0000   0.0000   0.0000   0.0000   0.0000 
  0.0000   0.0000   0.0000   0.0000   0.0000   0.0000   0.0000   0.0000   0.0000   0.0000 
  0.0000   0.0000   0.0000   0.0000   0.0000   0.0000   0.0000   0.0000   0.0000   0.0000 
  0.0000   0.0000   0.0000   0.0000   0.0000   0.0000   0.0000   0.0000   0.0000   0.0000 
  0.0000   0.0000   0.0000   0.0000   0.0000   0.0000   0.0000   0.0000   0.0000   0.0000 
  0.0000   0.0000   0.0000   0.0000   0.0000   0.0000   0.0000   0.0000   0.0000   0.0000 
  0.0000   0.0000   0.0000   0.0000   0.0000   0.0000   0.0000   0.0000   0.0000   0.0000 
  0.0000   0.0000   0.0000   0.0000   0.0000   0.0000   0.0000   0.0000   0.0000   0.0000 
  0.0000   0.0000   0.0000   0.0000   0.0000   0.0000   0.0000   0.0000   0.0000   0.0000 
  0.0000   0.0000   0.0000   0.0000   0.0000   0.0000   0.0000   0.0000   0.0000   0.0000 
  0.0000   0.0000   0.0000   0.0000   0.0000   0.0000   0.0000   0.0000   0.0000   0.0000 
  0.0000   0.0000   0.0000   0.0000   0.0000   0.0000   0.0000   0.0000   0.0000   0.0000 
  0.0000   0.0000   0.0000   0.0000   0.0000   0.0000   0.0000   0.0000   0.0000   0.0000 
  0.0000   0.0000   0.0000   0.0000   0.0000   0.0000   0.0000   0.0000   0.0000   0.0000 
  0.0000   0.0000   0.0000   0.0000   0.0000   0.0000   0.0000   0.0000   0.0000   0.0000 
  0.0000   0.0000   0.0000   0.0000   0.0000   0.0000   0.0000   0.0000   0.0000   0.0000 
  0.0000   0.0000   0.0000   0.0000   0.0000   0.0000   0.0000   0.0000   0.0000   0.0000 
  0.0000   0.0000   0.0000   0.0000   0.0000   0.0000   0.0000   0.0000   0.0000   0.0000 
  0.0000   0.0000   0.0000   0.0000   0.0000   0.0000   0.0000   0.0000   0.0000   0.0000 
  0.0000   0.0000   0.0000   0.0000   0.0000   0.0000   0.0000   0.0000   0.0000   0.0000 
  0.0000   0.0000   0.0000   0.0000   0.0000   0.0000   0.0000   0.0000   0.0000   0.0000 
  0.0000   0.0000   0.0000   0.0000   0.0000   0.0000   0.0000   0.0000   0.0000   0.0000 
  0.0000   0.0000   0.0000   0.0000   0.0000   0.0000   0.0000   0.0000   0.0000   0.0000 
  0.0000   0.0000   0.0000   0.0000   0.0000   0.0000   0.0000   0.0000   0.0000   0.0000 
  0.0000   0.0000   0.0000   0.0000   0.0000   0.0000   0.0000   0.0000   0.0000   0.0000 
  0.0000   0.0000   0.0000   0.0000   0.0000   0.0000   0.0000   0.0000   0.0000   0.0000 
  0.0000   0.0000   0.0000   0.0000   0.0000   0.0000   0.0000   0.0000   0.0000   0.0000 
  0.0000   0.0000   0.0000   0.0000   0.0000   0.0000   0.0000   0.0000   0.0000   0.0000 
  0.0000   0.0000   0.0000   0.0000   0.0000   0.0000   0.0000   0.0000   0.0000   0.0000 
  0.0000   0.0000   0.0000   0.0000   0.0000   0.0000   0.0000   0.0000   0.0000   0.0000 
  0.0000   0.0000   0.0000   0.0000   0.0000   0.0000   0.0000   0.0000   0.0000   0.0000 
  0.0000   0.0000   0.0000   0.0000   0.0000   0.0000   0.0000   0.0000   0.0000   0.0000 
  0.0000   0.0000   0.0000   0.0000   0.0000   0.0000   0.0000   0.0000   0.0000   0.0000 
  0.0000   0.0000   0.0000   0.0000   0.0000   0.0000   0.0000   0.0000   0.0000   0.0000 
  0.0000   0.0000   0.0000   0.0000   0.0000   0.0000   0.0000   0.0000   0.0000   0.0000 
  0.0000   0.0000   0.0000   0.0000   0.0000   0.0000   0.0000   0.0000   0.0000   0.0000 
  0.0000   0.0000   0.0000   0.0000   0.0000   0.0000   0.0000   0.0000   0.0000   0.0000 
  0.0000   0.0000   0.0000   0.0000   0.0000   0.0000   0.0000   0.0000   0.0000   0.0000 
  0.0000   0.0000   0.0000   0.0000   0.0000   0.0000   0.0000   0.0000   0.0000   0.0000 
  0.0000   0.0000   0.0000   0.0000   0.0000   0.0000   0.0000   0.0000   0.0000   0.0000 
