IMU Time data

 17.2390  22.1390  26.9390  32.8190  38.3790  43.5390  48.4990  53.8790  57.8190  64.2590 
 17.2590  22.1590  26.9590  32.8390  38.3990  43.5590  48.5190  53.8990  57.8390  64.2790 
 17.2790  22.1790  26.9790  32.8590  38.4190  43.5790  48.5390  53.9190  57.8590  64.2990 
 17.2990  22.1990  26.9990  32.8790  38.4390  43.5990  48.5590  53.9390  57.8790  64.3190 
 17.3190  22.2190  27.0190  32.8990  38.4590  43.6190  48.5790  53.9590  57.8990  64.3390 
 17.3390  22.2390  27.0390  32.9190  38.4790  43.6390  48.5990  53.9790  57.9190  64.3590 
 17.3590  22.2590  27.0590  32.9390  38.4990  43.6590  48.6190  53.9990  57.9390  64.3790 
 17.3790  22.2790  27.0790  32.9590  38.5190  43.6790  48.6390  54.0190  57.9590  64.3990 
 17.3990  22.2990  27.0990  32.9790  38.5390  43.6990  48.6590  54.0390  57.9790  64.4190 
 17.4190  22.3190  27.1190  32.9990  38.5590  43.7190  48.6790  54.0590  57.9990  64.4390 
 17.4390  22.3390  27.1390  33.0190  38.5790  43.7390  48.6990  54.0790  58.0190  64.4590 
 17.4590  22.3590  27.1590  33.0390  38.5990  43.7590  48.7190  54.0990  58.0390  64.4790 
 17.4790  22.3790  27.1790  33.0590  38.6190  43.7790  48.7390  54.1190  58.0590  64.4990 
 17.4990  22.3990  27.1990  33.0790  38.6390  43.7990  48.7590  54.1390  58.0790  64.5190 
 17.5190  22.4190  27.2190  33.0990  38.6590  43.8190  48.7790  54.1590  58.0990  64.5390 
 17.5390  22.4390  27.2390  33.1190  38.6790  43.8390  48.7990  54.1790  58.1190  64.5590 
 17.5590  22.4590  27.2590  33.1390  38.6990  43.8590  48.8190  54.1990  58.1390  64.5790 
 17.5790  22.4790  27.2790  33.1590  38.7190  43.8790  48.8390  54.2190  58.1590  64.5990 
 17.5990  22.4990  27.2990  33.1790  38.7390  43.8990  48.8590  54.2390  58.1790  64.6190 
 17.6190  22.5190  27.3190  33.1990  38.7590  43.9190  48.8790  54.2590  58.1990  64.6390 
 17.6390  22.5390  27.3390  33.2190  38.7790  43.9390  48.8990  54.2790  58.2190  64.6590 
 17.6590  22.5590  27.3590  33.2390  38.7990  43.9590  48.9190  54.2990  58.2390  64.6790 
 17.6790  22.5790  27.3790  33.2590  38.8190  43.9790  48.9390  54.3190  58.2590  64.6990 
 17.6990  22.5990  27.3990  33.2790  38.8390  43.9990  48.9590  54.3390  58.2790  64.7190 
 17.7190  22.6190  27.4190  33.2990  38.8590  44.0190  48.9790  54.3590  58.2990  64.7390 
 17.7390  22.6390  27.4390  33.3190  38.8790  44.0390  48.9990  54.3790  58.3190  64.7590 
 17.7590  22.6590  27.4590  33.3390  38.8990  44.0590  49.0190  54.3990  58.3390  64.7790 
 17.7790  22.6790  27.4790  33.3590  38.9190  44.0790  49.0390  54.4190  58.3590  64.7990 
 17.7990  22.6990  27.4990  33.3790  38.9390  44.0990  49.0590  54.4390  58.3790  64.8190 
 17.8190  22.7190  27.5190  33.3990  38.9590  44.1190  49.0790  54.4590  58.3990  64.8390 
 17.8390  22.7390  27.5390  33.4190  38.9790  44.1390  49.0990  54.4790  58.4190  64.8590 
 17.8590  22.7590  27.5590  33.4390  38.9990  44.1590  49.1190  54.4990  58.4390  64.8790 
 17.8790  22.7790  27.5790  33.4590  39.0190  44.1790  49.1390  54.5190  58.4590  64.8990 
 17.8990  22.7990  27.5990  33.4790  39.0390  44.1990  49.1590  54.5390  58.4790  64.9190 
 17.9190  22.8190  27.6190  33.4990  39.0590  44.2190  49.1790  54.5590  58.4990  64.9390 
 17.9390  22.8390  27.6390  33.5190  39.0790  44.2390  49.1990  54.5790  58.5190  64.9590 
 17.9590  22.8590  27.6590  33.5390  39.0990  44.2590  49.2190  54.5990  58.5390  64.9790 
 17.9790  22.8790  27.6790  33.5590  39.1190  44.2790  49.2390  54.6190  58.5590  64.9990 
 17.9990  22.8990  27.6990  33.5790  39.1390  44.2990  49.2590  54.6390  58.5790  65.0190 
 18.0190  22.9190  27.7190  33.5990  39.1590  44.3190  49.2790  54.6590  58.5990  65.0390 
 18.0390  22.9390  27.7390  33.6190  39.1790  44.3390  49.2990  54.6790  58.6190  65.0590 
 18.0590  22.9590  27.7590  33.6390  39.1990  44.3590  49.3190  54.6990  58.6390  65.0790 
 18.0790  22.9790  27.7790  33.6590  39.2190  44.3790  49.3390  54.7190  58.6590  65.0990 
 18.0990  22.9990  27.7990  33.6790  39.2390  44.3990  49.3590  54.7390  58.6790  65.1190 
 18.1190  23.0190  27.8190  33.6990  39.2590  44.4190  49.3790  54.7590  58.6990  65.1390 
 18.1390  23.0390  27.8390  33.7190  39.2790  44.4390  49.3990  54.7790  58.7190  65.1590 
 18.1590  23.0590  27.8590  33.7390  39.2990  44.4590  49.4190  54.7990  58.7390  65.1790 
 18.1790  23.0790  27.8790  33.7590  39.3190  44.4790  49.4390  54.8190  58.7590  65.1990 
 18.1990  23.0990  27.8990  33.7790  39.3390  44.4990  49.4590  54.8390  58.7790  65.2190 
 18.2190  23.1190  27.9190  33.7990  39.3590  44.5190  49.4790  54.8590  58.7990  65.2390 
 18.2390  23.1390  27.9390  33.8190  39.3790  44.5390  49.4990  54.8790  58.8190  65.2590 
 18.2590  23.1590  27.9590  33.8390  39.3990  44.5590  49.5190  54.8990  58.8390  65.2790 
 18.2790  23.1790  27.9790  33.8590  39.4190  44.5790  49.5390  54.9190  58.8590  65.2990 
 18.2990  23.1990  27.9990  33.8790  39.4390  44.5990  49.5590  54.9390  58.8790  65.3190 
 18.3190  23.2190  28.0190  33.8990  39.4590  44.6190  49.5790  54.9590  58.8990  65.3390 
 18.3390  23.2390  28.0390  33.9190  39.4790  44.6390  49.5990  54.9790  58.9190  65.3590 
 18.3590  23.2590  28.0590  33.9390  39.4990  44.6590  49.6190  54.9990  58.9390  65.3790 
 18.3790  23.2790  28.0790  33.9590  39.5190  44.6790  49.6390  55.0190  58.9590  65.3990 
 18.3990  23.2990  28.0990  33.9790  39.5390  44.6990  49.6590  55.0390  58.9790  65.4190 
 18.4190  23.3190  28.1190  33.9990  39.5590  44.7190  49.6790  55.0590  58.9990  65.4390 
 18.4390  23.3390  28.1390  34.0190  39.5790  44.7390  49.6990  55.0790  59.0190  65.4590 
 18.4590  23.3590  28.1590  34.0390  39.5990  44.7590  49.7190  55.0990  59.0390  65.4790 
 18.4790  23.3790  28.1790  34.0590  39.6190  44.7790  49.7390  55.1190  59.0590  65.4990 
 18.4990  23.3990  28.1990  34.0790  39.6390  44.7990  49.7590  55.1390  59.0790  65.5190 
 18.5190  23.4190  28.2190  34.0990  39.6590  44.8190  49.7790  55.1590  59.0990  65.5390 
 18.5390  23.4390  28.2390  34.1190  39.6790  44.8390  49.7990  55.1790  59.1190  65.5590 
 18.5590  23.4590  28.2590  34.1390  39.6990  44.8590  49.8190  55.1990  59.1390  65.5790 
 18.5790  23.4790  28.2790  34.1590  39.7190  44.8790  49.8390  55.2190  59.1590  65.5990 
 18.5990  23.4990  28.2990  34.1790  39.7390  44.8990  49.8590  55.2390  59.1790  65.6190 
 18.6190  23.5190  28.3190  34.1990  39.7590  44.9190  49.8790  55.2590  59.1990  65.6390 
 18.6390  23.5390  28.3390  34.2190  39.7790  44.9390  49.8990  55.2790  59.2190  65.6590 
 18.6590  23.5590  28.3590  34.2390  39.7990  44.9590  49.9190  55.2990  59.2390  65.6790 
 18.6790  23.5790  28.3790  34.2590  39.8190  44.9790  49.9390  55.3190  59.2590  65.6990 
 18.6990  23.5990  28.3990  34.2790  39.8390  44.9990  49.9590  55.3390  59.2790  65.7190 
 18.7190  23.6190  28.4190  34.2990  39.8590  45.0190  49.9790  55.3590  59.2990  65.7390 
 18.7390  23.6390  28.4390  34.3190  39.8790  45.0390  49.9990  55.3790  59.3190  65.7590 
 18.7590  23.6590  28.4590  34.3390  39.8990  45.0590  50.0190  55.3990  59.3390  65.7790 
 18.7790  23.6790  28.4790  34.3590  39.9190  45.0790  50.0390  55.4190  59.3590  65.7990 
 18.7990  23.6990  28.4990  34.3790  39.9390  45.0990  50.0590  55.4390  59.3790  65.8190 
 18.8190  23.7190  28.5190  34.3990  39.9590  45.1190  50.0790  55.4590  59.3990  65.8390 
 18.8390  23.7390  28.5390  34.4190  39.9790  45.1390  50.0990  55.4790  59.4190  65.8590 
 18.8590  23.7590  28.5590  34.4390  39.9990  45.1590  50.1190  55.4990  59.4390  65.8790 
 18.8790  23.7790  28.5790  34.4590  40.0190  45.1790  50.1390  55.5190  59.4590  65.8990 
 18.8990  23.7990  28.5990  34.4790  40.0390  45.1990  50.1590  55.5390  59.4790  65.9190 
 18.9190  23.8190  28.6190  34.4990  40.0590  45.2190  50.1790  55.5590  59.4990  65.9390 
 18.9390  23.8390  28.6390  34.5190  40.0790  45.2390  50.1990  55.5790  59.5190  65.9590 
 18.9590  23.8590  28.6590  34.5390  40.0990  45.2590  50.2190  55.5990  59.5390  65.9790 
 18.9790  23.8790  28.6790  34.5590  40.1190  45.2790  50.2390  55.6190  59.5590  65.9990 
 18.9990  23.8990  28.6990  34.5790  40.1390  45.2990  50.2590  55.6390  59.5790  66.0190 
 19.0190  23.9190  28.7190  34.5990  40.1590  45.3190  50.2790  55.6590  59.5990  66.0390 
 19.0390  23.9390  28.7390  34.6190  40.1790  45.3390  50.2990  55.6790  59.6190  66.0590 
 19.0590  23.9590  28.7590  34.6390  40.1990  45.3590  50.3190  55.6990  59.6390  66.0790 
 19.0790  23.9790  28.7790  34.6590  40.2190  45.3790  50.3390  55.7190  59.6590  66.0990 
 19.0990  23.9990  28.7990  34.6790  40.2390  45.3990  50.3590  55.7390  59.6790  66.1190 
 19.1190  24.0190  28.8190  34.6990  40.2590  45.4190  50.3790  55.7590  59.6990  66.1390 
 19.1390  24.0390  28.8390  34.7190  40.2790  45.4390  50.3990  55.7790  59.7190  66.1590 
 19.1590  24.0590  28.8590  34.7390  40.2990  45.4590  50.4190  55.7990  59.7390  66.1790 
 19.1790  24.0790  28.8790  34.7590  40.3190  45.4790  50.4390  55.8190  59.7590  66.1990 
 19.1990  24.0990  28.8990  34.7790  40.3390  45.4990  50.4590  55.8390  59.7790  66.2190 
 19.2190  24.1190  28.9190  34.7990  40.3590  45.5190  50.4790  55.8590  59.7990  66.2390 
 19.2390  24.1390  28.9390  34.8190  40.3790  45.5390  50.4990  55.8790  59.8190  66.2590 
 19.2590  24.1590  28.9590  34.8390  40.3990  45.5590  50.5190  55.8990  59.8390  66.2790 
 19.2790  24.1790  28.9790  34.8590  40.4190  45.5790  50.5390  55.9190  59.8590  66.2990 
 19.2990  24.1990  28.9990  34.8790  40.4390  45.5990  50.5590  55.9390  59.8790  66.3190 
 19.3190  24.2190  29.0190  34.8990  40.4590  45.6190  50.5790  55.9590  59.8990  66.3390 
 19.3390  24.2390  29.0390  34.9190  40.4790  45.6390  50.5990  55.9790  59.9190  66.3590 
 19.3590  24.2590  29.0590  34.9390  40.4990  45.6590  50.6190  55.9990  59.9390  66.3790 
 19.3790  24.2790  29.0790  34.9590  40.5190  45.6790  50.6390  56.0190  59.9590  66.3990 
 19.3990  24.2990  29.0990  34.9790  40.5390  45.6990  50.6590  56.0390  59.9790  66.4190 
 19.4190  24.3190  29.1190  34.9990  40.5590  45.7190  50.6790  56.0590  59.9990  66.4390 
 19.4390  24.3390  29.1390  35.0190  40.5790  45.7390  50.6990  56.0790  60.0190  66.4590 
 19.4590  24.3590  29.1590  35.0390  40.5990  45.7590  50.7190  56.0990  60.0390  66.4790 
 19.4790  24.3790  29.1790  35.0590  40.6190  45.7790  50.7390  56.1190  60.0590  66.4990 
 19.4990  24.3990  29.1990  35.0790  40.6390  45.7990  50.7590  56.1390  60.0790  66.5190 
 19.5190  24.4190  29.2190  35.0990  40.6590  45.8190  50.7790  56.1590  60.0990  66.5390 
 19.5390  24.4390  29.2390  35.1190  40.6790  45.8390  50.7990  56.1790  60.1190  66.5590 
 19.5590  24.4590  29.2590  35.1390  40.6990  45.8590  50.8190  56.1990  60.1390  66.5790 
 19.5790  24.4790  29.2790  35.1590  40.7190  45.8790  50.8390  56.2190  60.1590  66.5990 
 19.5990  24.4990  29.2990  35.1790  40.7390  45.8990  50.8590  56.2390  60.1790  66.6190 
 19.6190  24.5190  29.3190  35.1990  40.7590  45.9190  50.8790  56.2590  60.1990  66.6390 
 19.6390  24.5390  29.3390  35.2190  40.7790  45.9390  50.8990  56.2790  60.2190  66.6590 
 19.6590  24.5590  29.3590  35.2390  40.7990  45.9590  50.9190  56.2990  60.2390  66.6790 
 19.6790  24.5790  29.3790  35.2590  40.8190  45.9790  50.9390  56.3190  60.2590  66.6990 
 19.6990  24.5990  29.3990  35.2790  40.8390  45.9990  50.9590  56.3390  60.2790  66.7190 
 19.7190  24.6190  29.4190  35.2990  40.8590  46.0190  50.9790  56.3590  60.2990  66.7390 
 19.7390  24.6390  29.4390  35.3190  40.8790  46.0390  50.9990  56.3790  60.3190  66.7590 
 19.7590  24.6590  29.4590  35.3390  40.8990  46.0590  51.0190  56.3990  60.3390  66.7790 
 19.7790  24.6790  29.4790  35.3590  40.9190  46.0790  51.0390  56.4190  60.3590  66.7990 
 19.7990  24.6990  29.4990  35.3790  40.9390  46.0990  51.0590  56.4390  60.3790  66.8190 
 19.8190  24.7190  29.5190  35.3990  40.9590  46.1190  51.0790  56.4590  60.3990  66.8390 
 19.8390  24.7390  29.5390  35.4190  40.9790  46.1390  51.0990  56.4790  60.4190  66.8590 
 19.8590  24.7590  29.5590  35.4390  40.9990  46.1590  51.1190  56.4990  60.4390  66.8790 
 19.8790  24.7790  29.5790  35.4590  41.0190  46.1790  51.1390  56.5190  60.4590  66.8990 
 19.8990  24.7990  29.5990  35.4790  41.0390  46.1990  51.1590  56.5390  60.4790  66.9190 
 19.9190  24.8190  29.6190  35.4990  41.0590  46.2190  51.1790  56.5590  60.4990  66.9390 
 19.9390  24.8390  29.6390  35.5190  41.0790  46.2390  51.1990  56.5790  60.5190  66.9590 
 19.9590  24.8590  29.6590  35.5390  41.0990  46.2590  51.2190  56.5990  60.5390  66.9790 
 19.9790  24.8790  29.6790  35.5590  41.1190  46.2790  51.2390  56.6190  60.5590  66.9990 
 19.9990  24.8990  29.6990  35.5790  41.1390  46.2990  51.2590  56.6390  60.5790  67.0190 
 20.0190  24.9190  29.7190  35.5990  41.1590  46.3190  51.2790  56.6590  60.5990  67.0390 
 20.0390  24.9390  29.7390  35.6190  41.1790  46.3390  51.2990   0.0000  60.6190  67.0590 
 20.0590  24.9590  29.7590  35.6390  41.1990  46.3590  51.3190   0.0000  60.6390  67.0790 
 20.0790  24.9790  29.7790  35.6590  41.2190  46.3790  51.3390   0.0000  60.6590  67.0990 
 20.0990  24.9990  29.7990  35.6790  41.2390  46.3990  51.3590   0.0000  60.6790  67.1190 
 20.1190  25.0190  29.8190  35.6990  41.2590  46.4190  51.3790   0.0000  60.6990  67.1390 
 20.1390  25.0390  29.8390  35.7190  41.2790  46.4390  51.3990   0.0000  60.7190  67.1590 
 20.1590  25.0590  29.8590  35.7390  41.2990  46.4590  51.4190   0.0000  60.7390  67.1790 
 20.1790  25.0790  29.8790   0.0000  41.3190  46.4790  51.4390   0.0000  60.7590  67.1990 
 20.1990   0.0000  29.8990   0.0000  41.3390  46.4990  51.4590   0.0000  60.7790  67.2190 
 20.2190   0.0000  29.9190   0.0000  41.3590  46.5190  51.4790   0.0000  60.7990  67.2390 
 20.2390   0.0000  29.9390   0.0000  41.3790  46.5390  51.4990   0.0000  60.8190  67.2590 
 20.2590   0.0000  29.9590   0.0000  41.3990  46.5590  51.5190   0.0000  60.8390  67.2790 
 20.2790   0.0000  29.9790   0.0000  41.4190  46.5790  51.5390   0.0000  60.8590  67.2990 
 20.2990   0.0000   0.0000   0.0000  41.4390  46.5990  51.5590   0.0000  60.8790  67.3190 
 20.3190   0.0000   0.0000   0.0000  41.4590  46.6190  51.5790   0.0000  60.8990  67.3390 
 20.3390   0.0000   0.0000   0.0000  41.4790  46.6390  51.5990   0.0000  60.9190  67.3590 
 20.3590   0.0000   0.0000   0.0000  41.4990  46.6590  51.6190   0.0000  60.9390  67.3790 
 20.3790   0.0000   0.0000   0.0000  41.5190  46.6790   0.0000   0.0000  60.9590  67.3990 
 20.3990   0.0000   0.0000   0.0000  41.5390  46.6990   0.0000   0.0000  60.9790  67.4190 
 20.4190   0.0000   0.0000   0.0000  41.5590  46.7190   0.0000   0.0000  60.9990  67.4390 
 20.4390   0.0000   0.0000   0.0000  41.5790  46.7390   0.0000   0.0000  61.0190  67.4590 
 20.4590   0.0000   0.0000   0.0000  41.5990  46.7590   0.0000   0.0000  61.0390  67.4790 
 20.4790   0.0000   0.0000   0.0000  41.6190  46.7790   0.0000   0.0000  61.0590  67.4990 
 20.4990   0.0000   0.0000   0.0000  41.6390  46.7990   0.0000   0.0000  61.0790  67.5190 
 20.5190   0.0000   0.0000   0.0000  41.6590  46.8190   0.0000   0.0000  61.0990  67.5390 
 20.5390   0.0000   0.0000   0.0000  41.6790  46.8390   0.0000   0.0000  61.1190  67.5590 
 20.5590   0.0000   0.0000   0.0000  41.6990  46.8590   0.0000   0.0000  61.1390  67.5790 
 20.5790   0.0000   0.0000   0.0000  41.7190  46.8790   0.0000   0.0000  61.1590  67.5990 
 20.5990   0.0000   0.0000   0.0000  41.7390  46.8990   0.0000   0.0000  61.1790  67.6190 
 20.6190   0.0000   0.0000   0.0000  41.7590  46.9190   0.0000   0.0000  61.1990  67.6390 
 20.6390   0.0000   0.0000   0.0000  41.7790  46.9390   0.0000   0.0000  61.2190  67.6590 
 20.6590   0.0000   0.0000   0.0000  41.7990  46.9590   0.0000   0.0000  61.2390  67.6790 
 20.6790   0.0000   0.0000   0.0000  41.8190  46.9790   0.0000   0.0000  61.2590  67.6990 
 20.6990   0.0000   0.0000   0.0000  41.8390  46.9990   0.0000   0.0000  61.2790  67.7190 
 20.7190   0.0000   0.0000   0.0000  41.8590  47.0190   0.0000   0.0000  61.2990  67.7390 
 20.7390   0.0000   0.0000   0.0000  41.8790  47.0390   0.0000   0.0000  61.3190  67.7590 
 20.7590   0.0000   0.0000   0.0000  41.8990  47.0590   0.0000   0.0000  61.3390  67.7790 
 20.7790   0.0000   0.0000   0.0000  41.9190  47.0790   0.0000   0.0000  61.3590  67.7990 
 20.7990   0.0000   0.0000   0.0000  41.9390  47.0990   0.0000   0.0000  61.3790  67.8190 
  0.0000   0.0000   0.0000   0.0000  41.9590  47.1190   0.0000   0.0000  61.3990  67.8390 
  0.0000   0.0000   0.0000   0.0000  41.9790  47.1390   0.0000   0.0000  61.4190  67.8590 
  0.0000   0.0000   0.0000   0.0000  41.9990  47.1590   0.0000   0.0000  61.4390  67.8790 
  0.0000   0.0000   0.0000   0.0000  42.0190   0.0000   0.0000   0.0000  61.4590  67.8990 
  0.0000   0.0000   0.0000   0.0000  42.0390   0.0000   0.0000   0.0000  61.4790  67.9190 
  0.0000   0.0000   0.0000   0.0000  42.0590   0.0000   0.0000   0.0000  61.4990  67.9390 
  0.0000   0.0000   0.0000   0.0000  42.0790   0.0000   0.0000   0.0000  61.5190  67.9590 
  0.0000   0.0000   0.0000   0.0000  42.0990   0.0000   0.0000   0.0000  61.5390  67.9790 
  0.0000   0.0000   0.0000   0.0000  42.1190   0.0000   0.0000   0.0000  61.5590  67.9990 
  0.0000   0.0000   0.0000   0.0000  42.1390   0.0000   0.0000   0.0000  61.5790  68.0190 
  0.0000   0.0000   0.0000   0.0000  42.1590   0.0000   0.0000   0.0000  61.5990  68.0390 
  0.0000   0.0000   0.0000   0.0000  42.1790   0.0000   0.0000   0.0000  61.6190  68.0590 
  0.0000   0.0000   0.0000   0.0000  42.1990   0.0000   0.0000   0.0000  61.6390  68.0790 
  0.0000   0.0000   0.0000   0.0000  42.2190   0.0000   0.0000   0.0000  61.6590  68.0990 
  0.0000   0.0000   0.0000   0.0000  42.2390   0.0000   0.0000   0.0000  61.6790  68.1190 
  0.0000   0.0000   0.0000   0.0000  42.2590   0.0000   0.0000   0.0000  61.6990  68.1390 
  0.0000   0.0000   0.0000   0.0000  42.2790   0.0000   0.0000   0.0000  61.7190  68.1590 
  0.0000   0.0000   0.0000   0.0000  42.2990   0.0000   0.0000   0.0000  61.7390  68.1790 
  0.0000   0.0000   0.0000   0.0000   0.0000   0.0000   0.0000   0.0000  61.7590  68.1990 
  0.0000   0.0000   0.0000   0.0000   0.0000   0.0000   0.0000   0.0000  61.7790  68.2190 
  0.0000   0.0000   0.0000   0.0000   0.0000   0.0000   0.0000   0.0000  61.7990  68.2390 
  0.0000   0.0000   0.0000   0.0000   0.0000   0.0000   0.0000   0.0000  61.8190  68.2590 
  0.0000   0.0000   0.0000   0.0000   0.0000   0.0000   0.0000   0.0000  61.8390  68.2790 
  0.0000   0.0000   0.0000   0.0000   0.0000   0.0000   0.0000   0.0000  61.8590  68.2990 
  0.0000   0.0000   0.0000   0.0000   0.0000   0.0000   0.0000   0.0000  61.8790  68.3190 
  0.0000   0.0000   0.0000   0.0000   0.0000   0.0000   0.0000   0.0000  61.8990  68.3390 
  0.0000   0.0000   0.0000   0.0000   0.0000   0.0000   0.0000   0.0000  61.9190  68.3590 
  0.0000   0.0000   0.0000   0.0000   0.0000   0.0000   0.0000   0.0000  61.9390  68.3790 
  0.0000   0.0000   0.0000   0.0000   0.0000   0.0000   0.0000   0.0000  61.9590  68.3990 
  0.0000   0.0000   0.0000   0.0000   0.0000   0.0000   0.0000   0.0000  61.9790  68.4190 
  0.0000   0.0000   0.0000   0.0000   0.0000   0.0000   0.0000   0.0000  61.9990  68.4390 
  0.0000   0.0000   0.0000   0.0000   0.0000   0.0000   0.0000   0.0000  62.0190  68.4590 
  0.0000   0.0000   0.0000   0.0000   0.0000   0.0000   0.0000   0.0000  62.0390  68.4790 
  0.0000   0.0000   0.0000   0.0000   0.0000   0.0000   0.0000   0.0000  62.0590  68.4990 
  0.0000   0.0000   0.0000   0.0000   0.0000   0.0000   0.0000   0.0000  62.0790  68.5190 
  0.0000   0.0000   0.0000   0.0000   0.0000   0.0000   0.0000   0.0000  62.0990  68.5390 
  0.0000   0.0000   0.0000   0.0000   0.0000   0.0000   0.0000   0.0000  62.1190  68.5590 
  0.0000   0.0000   0.0000   0.0000   0.0000   0.0000   0.0000   0.0000  62.1390  68.5790 
  0.0000   0.0000   0.0000   0.0000   0.0000   0.0000   0.0000   0.0000  62.1590  68.5990 
  0.0000   0.0000   0.0000   0.0000   0.0000   0.0000   0.0000   0.0000  62.1790  68.6190 
  0.0000   0.0000   0.0000   0.0000   0.0000   0.0000   0.0000   0.0000  62.1990  68.6390 
  0.0000   0.0000   0.0000   0.0000   0.0000   0.0000   0.0000   0.0000  62.2190  68.6590 
  0.0000   0.0000   0.0000   0.0000   0.0000   0.0000   0.0000   0.0000  62.2390  68.6790 
  0.0000   0.0000   0.0000   0.0000   0.0000   0.0000   0.0000   0.0000  62.2590  68.6990 
  0.0000   0.0000   0.0000   0.0000   0.0000   0.0000   0.0000   0.0000  62.2790  68.7190 
  0.0000   0.0000   0.0000   0.0000   0.0000   0.0000   0.0000   0.0000  62.2990  68.7390 
  0.0000   0.0000   0.0000   0.0000   0.0000   0.0000   0.0000   0.0000  62.3190  68.7590 
  0.0000   0.0000   0.0000   0.0000   0.0000   0.0000   0.0000   0.0000  62.3390  68.7790 
  0.0000   0.0000   0.0000   0.0000   0.0000   0.0000   0.0000   0.0000  62.3590  68.7990 
  0.0000   0.0000   0.0000   0.0000   0.0000   0.0000   0.0000   0.0000  62.3790  68.8190 
  0.0000   0.0000   0.0000   0.0000   0.0000   0.0000   0.0000   0.0000  62.3990  68.8390 
  0.0000   0.0000   0.0000   0.0000   0.0000   0.0000   0.0000   0.0000  62.4190  68.8590 
  0.0000   0.0000   0.0000   0.0000   0.0000   0.0000   0.0000   0.0000  62.4390  68.8790 
  0.0000   0.0000   0.0000   0.0000   0.0000   0.0000   0.0000   0.0000  62.4590  68.8990 
  0.0000   0.0000   0.0000   0.0000   0.0000   0.0000   0.0000   0.0000  62.4790  68.9190 
  0.0000   0.0000   0.0000   0.0000   0.0000   0.0000   0.0000   0.0000  62.4990  68.9390 
  0.0000   0.0000   0.0000   0.0000   0.0000   0.0000   0.0000   0.0000  62.5190  68.9590 
  0.0000   0.0000   0.0000   0.0000   0.0000   0.0000   0.0000   0.0000  62.5390  68.9790 
  0.0000   0.0000   0.0000   0.0000   0.0000   0.0000   0.0000   0.0000   0.0000  68.9990 
  0.0000   0.0000   0.0000   0.0000   0.0000   0.0000   0.0000   0.0000   0.0000  69.0190 
  0.0000   0.0000   0.0000   0.0000   0.0000   0.0000   0.0000   0.0000   0.0000  69.0390 
  0.0000   0.0000   0.0000   0.0000   0.0000   0.0000   0.0000   0.0000   0.0000  69.0590 
  0.0000   0.0000   0.0000   0.0000   0.0000   0.0000   0.0000   0.0000   0.0000  69.0790 
  0.0000   0.0000   0.0000   0.0000   0.0000   0.0000   0.0000   0.0000   0.0000  69.0990 
  0.0000   0.0000   0.0000   0.0000   0.0000   0.0000   0.0000   0.0000   0.0000  69.1190 
  0.0000   0.0000   0.0000   0.0000   0.0000   0.0000   0.0000   0.0000   0.0000  69.1390 
  0.0000   0.0000   0.0000   0.0000   0.0000   0.0000   0.0000   0.0000   0.0000  69.1590 
  0.0000   0.0000   0.0000   0.0000   0.0000   0.0000   0.0000   0.0000   0.0000  69.1790 
  0.0000   0.0000   0.0000   0.0000   0.0000   0.0000   0.0000   0.0000   0.0000  69.1990 
  0.0000   0.0000   0.0000   0.0000   0.0000   0.0000   0.0000   0.0000   0.0000  69.2190 
  0.0000   0.0000   0.0000   0.0000   0.0000   0.0000   0.0000   0.0000   0.0000  69.2390 
  0.0000   0.0000   0.0000   0.0000   0.0000   0.0000   0.0000   0.0000   0.0000   0.0000 
  0.0000   0.0000   0.0000   0.0000   0.0000   0.0000   0.0000   0.0000   0.0000   0.0000 
  0.0000   0.0000   0.0000   0.0000   0.0000   0.0000   0.0000   0.0000   0.0000   0.0000 
  0.0000   0.0000   0.0000   0.0000   0.0000   0.0000   0.0000   0.0000   0.0000   0.0000 
  0.0000   0.0000   0.0000   0.0000   0.0000   0.0000   0.0000   0.0000   0.0000   0.0000 
  0.0000   0.0000   0.0000   0.0000   0.0000   0.0000   0.0000   0.0000   0.0000   0.0000 
  0.0000   0.0000   0.0000   0.0000   0.0000   0.0000   0.0000   0.0000   0.0000   0.0000 
  0.0000   0.0000   0.0000   0.0000   0.0000   0.0000   0.0000   0.0000   0.0000   0.0000 
  0.0000   0.0000   0.0000   0.0000   0.0000   0.0000   0.0000   0.0000   0.0000   0.0000 
  0.0000   0.0000   0.0000   0.0000   0.0000   0.0000   0.0000   0.0000   0.0000   0.0000 
  0.0000   0.0000   0.0000   0.0000   0.0000   0.0000   0.0000   0.0000   0.0000   0.0000 
  0.0000   0.0000   0.0000   0.0000   0.0000   0.0000   0.0000   0.0000   0.0000   0.0000 
  0.0000   0.0000   0.0000   0.0000   0.0000   0.0000   0.0000   0.0000   0.0000   0.0000 
  0.0000   0.0000   0.0000   0.0000   0.0000   0.0000   0.0000   0.0000   0.0000   0.0000 
  0.0000   0.0000   0.0000   0.0000   0.0000   0.0000   0.0000   0.0000   0.0000   0.0000 
  0.0000   0.0000   0.0000   0.0000   0.0000   0.0000   0.0000   0.0000   0.0000   0.0000 
  0.0000   0.0000   0.0000   0.0000   0.0000   0.0000   0.0000   0.0000   0.0000   0.0000 
  0.0000   0.0000   0.0000   0.0000   0.0000   0.0000   0.0000   0.0000   0.0000   0.0000 
  0.0000   0.0000   0.0000   0.0000   0.0000   0.0000   0.0000   0.0000   0.0000   0.0000 
  0.0000   0.0000   0.0000   0.0000   0.0000   0.0000   0.0000   0.0000   0.0000   0.0000 
  0.0000   0.0000   0.0000   0.0000   0.0000   0.0000   0.0000   0.0000   0.0000   0.0000 
  0.0000   0.0000   0.0000   0.0000   0.0000   0.0000   0.0000   0.0000   0.0000   0.0000 
  0.0000   0.0000   0.0000   0.0000   0.0000   0.0000   0.0000   0.0000   0.0000   0.0000 
  0.0000   0.0000   0.0000   0.0000   0.0000   0.0000   0.0000   0.0000   0.0000   0.0000 
  0.0000   0.0000   0.0000   0.0000   0.0000   0.0000   0.0000   0.0000   0.0000   0.0000 
  0.0000   0.0000   0.0000   0.0000   0.0000   0.0000   0.0000   0.0000   0.0000   0.0000 
  0.0000   0.0000   0.0000   0.0000   0.0000   0.0000   0.0000   0.0000   0.0000   0.0000 
  0.0000   0.0000   0.0000   0.0000   0.0000   0.0000   0.0000   0.0000   0.0000   0.0000 
  0.0000   0.0000   0.0000   0.0000   0.0000   0.0000   0.0000   0.0000   0.0000   0.0000 
  0.0000   0.0000   0.0000   0.0000   0.0000   0.0000   0.0000   0.0000   0.0000   0.0000 
  0.0000   0.0000   0.0000   0.0000   0.0000   0.0000   0.0000   0.0000   0.0000   0.0000 
  0.0000   0.0000   0.0000   0.0000   0.0000   0.0000   0.0000   0.0000   0.0000   0.0000 
  0.0000   0.0000   0.0000   0.0000   0.0000   0.0000   0.0000   0.0000   0.0000   0.0000 
  0.0000   0.0000   0.0000   0.0000   0.0000   0.0000   0.0000   0.0000   0.0000   0.0000 
  0.0000   0.0000   0.0000   0.0000   0.0000   0.0000   0.0000   0.0000   0.0000   0.0000 
  0.0000   0.0000   0.0000   0.0000   0.0000   0.0000   0.0000   0.0000   0.0000   0.0000 
  0.0000   0.0000   0.0000   0.0000   0.0000   0.0000   0.0000   0.0000   0.0000   0.0000 
  0.0000   0.0000   0.0000   0.0000   0.0000   0.0000   0.0000   0.0000   0.0000   0.0000 
  0.0000   0.0000   0.0000   0.0000   0.0000   0.0000   0.0000   0.0000   0.0000   0.0000 
  0.0000   0.0000   0.0000   0.0000   0.0000   0.0000   0.0000   0.0000   0.0000   0.0000 
  0.0000   0.0000   0.0000   0.0000   0.0000   0.0000   0.0000   0.0000   0.0000   0.0000 
  0.0000   0.0000   0.0000   0.0000   0.0000   0.0000   0.0000   0.0000   0.0000   0.0000 
  0.0000   0.0000   0.0000   0.0000   0.0000   0.0000   0.0000   0.0000   0.0000   0.0000 
  0.0000   0.0000   0.0000   0.0000   0.0000   0.0000   0.0000   0.0000   0.0000   0.0000 
  0.0000   0.0000   0.0000   0.0000   0.0000   0.0000   0.0000   0.0000   0.0000   0.0000 
  0.0000   0.0000   0.0000   0.0000   0.0000   0.0000   0.0000   0.0000   0.0000   0.0000 
  0.0000   0.0000   0.0000   0.0000   0.0000   0.0000   0.0000   0.0000   0.0000   0.0000 
  0.0000   0.0000   0.0000   0.0000   0.0000   0.0000   0.0000   0.0000   0.0000   0.0000 
  0.0000   0.0000   0.0000   0.0000   0.0000   0.0000   0.0000   0.0000   0.0000   0.0000 
  0.0000   0.0000   0.0000   0.0000   0.0000   0.0000   0.0000   0.0000   0.0000   0.0000 
  0.0000   0.0000   0.0000   0.0000   0.0000   0.0000   0.0000   0.0000   0.0000   0.0000 
  0.0000   0.0000   0.0000   0.0000   0.0000   0.0000   0.0000   0.0000   0.0000   0.0000 
  0.0000   0.0000   0.0000   0.0000   0.0000   0.0000   0.0000   0.0000   0.0000   0.0000 
  0.0000   0.0000   0.0000   0.0000   0.0000   0.0000   0.0000   0.0000   0.0000   0.0000 
  0.0000   0.0000   0.0000   0.0000   0.0000   0.0000   0.0000   0.0000   0.0000   0.0000 
  0.0000   0.0000   0.0000   0.0000   0.0000   0.0000   0.0000   0.0000   0.0000   0.0000 
  0.0000   0.0000   0.0000   0.0000   0.0000   0.0000   0.0000   0.0000   0.0000   0.0000 
  0.0000   0.0000   0.0000   0.0000   0.0000   0.0000   0.0000   0.0000   0.0000   0.0000 
  0.0000   0.0000   0.0000   0.0000   0.0000   0.0000   0.0000   0.0000   0.0000   0.0000 
  0.0000   0.0000   0.0000   0.0000   0.0000   0.0000   0.0000   0.0000   0.0000   0.0000 
  0.0000   0.0000   0.0000   0.0000   0.0000   0.0000   0.0000   0.0000   0.0000   0.0000 
  0.0000   0.0000   0.0000   0.0000   0.0000   0.0000   0.0000   0.0000   0.0000   0.0000 
  0.0000   0.0000   0.0000   0.0000   0.0000   0.0000   0.0000   0.0000   0.0000   0.0000 
  0.0000   0.0000   0.0000   0.0000   0.0000   0.0000   0.0000   0.0000   0.0000   0.0000 
  0.0000   0.0000   0.0000   0.0000   0.0000   0.0000   0.0000   0.0000   0.0000   0.0000 
  0.0000   0.0000   0.0000   0.0000   0.0000   0.0000   0.0000   0.0000   0.0000   0.0000 
  0.0000   0.0000   0.0000   0.0000   0.0000   0.0000   0.0000   0.0000   0.0000   0.0000 
  0.0000   0.0000   0.0000   0.0000   0.0000   0.0000   0.0000   0.0000   0.0000   0.0000 
  0.0000   0.0000   0.0000   0.0000   0.0000   0.0000   0.0000   0.0000   0.0000   0.0000 
  0.0000   0.0000   0.0000   0.0000   0.0000   0.0000   0.0000   0.0000   0.0000   0.0000 
  0.0000   0.0000   0.0000   0.0000   0.0000   0.0000   0.0000   0.0000   0.0000   0.0000 
  0.0000   0.0000   0.0000   0.0000   0.0000   0.0000   0.0000   0.0000   0.0000   0.0000 
  0.0000   0.0000   0.0000   0.0000   0.0000   0.0000   0.0000   0.0000   0.0000   0.0000 
  0.0000   0.0000   0.0000   0.0000   0.0000   0.0000   0.0000   0.0000   0.0000   0.0000 
  0.0000   0.0000   0.0000   0.0000   0.0000   0.0000   0.0000   0.0000   0.0000   0.0000 
  0.0000   0.0000   0.0000   0.0000   0.0000   0.0000   0.0000   0.0000   0.0000   0.0000 
  0.0000   0.0000   0.0000   0.0000   0.0000   0.0000   0.0000   0.0000   0.0000   0.0000 
  0.0000   0.0000   0.0000   0.0000   0.0000   0.0000   0.0000   0.0000   0.0000   0.0000 
  0.0000   0.0000   0.0000   0.0000   0.0000   0.0000   0.0000   0.0000   0.0000   0.0000 
  0.0000   0.0000   0.0000   0.0000   0.0000   0.0000   0.0000   0.0000   0.0000   0.0000 
  0.0000   0.0000   0.0000   0.0000   0.0000   0.0000   0.0000   0.0000   0.0000   0.0000 
  0.0000   0.0000   0.0000   0.0000   0.0000   0.0000   0.0000   0.0000   0.0000   0.0000 
  0.0000   0.0000   0.0000   0.0000   0.0000   0.0000   0.0000   0.0000   0.0000   0.0000 
  0.0000   0.0000   0.0000   0.0000   0.0000   0.0000   0.0000   0.0000   0.0000   0.0000 
  0.0000   0.0000   0.0000   0.0000   0.0000   0.0000   0.0000   0.0000   0.0000   0.0000 
  0.0000   0.0000   0.0000   0.0000   0.0000   0.0000   0.0000   0.0000   0.0000   0.0000 
  0.0000   0.0000   0.0000   0.0000   0.0000   0.0000   0.0000   0.0000   0.0000   0.0000 
  0.0000   0.0000   0.0000   0.0000   0.0000   0.0000   0.0000   0.0000   0.0000   0.0000 
  0.0000   0.0000   0.0000   0.0000   0.0000   0.0000   0.0000   0.0000   0.0000   0.0000 
  0.0000   0.0000   0.0000   0.0000   0.0000   0.0000   0.0000   0.0000   0.0000   0.0000 
  0.0000   0.0000   0.0000   0.0000   0.0000   0.0000   0.0000   0.0000   0.0000   0.0000 
  0.0000   0.0000   0.0000   0.0000   0.0000   0.0000   0.0000   0.0000   0.0000   0.0000 
  0.0000   0.0000   0.0000   0.0000   0.0000   0.0000   0.0000   0.0000   0.0000   0.0000 
  0.0000   0.0000   0.0000   0.0000   0.0000   0.0000   0.0000   0.0000   0.0000   0.0000 
  0.0000   0.0000   0.0000   0.0000   0.0000   0.0000   0.0000   0.0000   0.0000   0.0000 
  0.0000   0.0000   0.0000   0.0000   0.0000   0.0000   0.0000   0.0000   0.0000   0.0000 
  0.0000   0.0000   0.0000   0.0000   0.0000   0.0000   0.0000   0.0000   0.0000   0.0000 
  0.0000   0.0000   0.0000   0.0000   0.0000   0.0000   0.0000   0.0000   0.0000   0.0000 
  0.0000   0.0000   0.0000   0.0000   0.0000   0.0000   0.0000   0.0000   0.0000   0.0000 
  0.0000   0.0000   0.0000   0.0000   0.0000   0.0000   0.0000   0.0000   0.0000   0.0000 
  0.0000   0.0000   0.0000   0.0000   0.0000   0.0000   0.0000   0.0000   0.0000   0.0000 
  0.0000   0.0000   0.0000   0.0000   0.0000   0.0000   0.0000   0.0000   0.0000   0.0000 
  0.0000   0.0000   0.0000   0.0000   0.0000   0.0000   0.0000   0.0000   0.0000   0.0000 
  0.0000   0.0000   0.0000   0.0000   0.0000   0.0000   0.0000   0.0000   0.0000   0.0000 
  0.0000   0.0000   0.0000   0.0000   0.0000   0.0000   0.0000   0.0000   0.0000   0.0000 
  0.0000   0.0000   0.0000   0.0000   0.0000   0.0000   0.0000   0.0000   0.0000   0.0000 
  0.0000   0.0000   0.0000   0.0000   0.0000   0.0000   0.0000   0.0000   0.0000   0.0000 
  0.0000   0.0000   0.0000   0.0000   0.0000   0.0000   0.0000   0.0000   0.0000   0.0000 
  0.0000   0.0000   0.0000   0.0000   0.0000   0.0000   0.0000   0.0000   0.0000   0.0000 
  0.0000   0.0000   0.0000   0.0000   0.0000   0.0000   0.0000   0.0000   0.0000   0.0000 
  0.0000   0.0000   0.0000   0.0000   0.0000   0.0000   0.0000   0.0000   0.0000   0.0000 
  0.0000   0.0000   0.0000   0.0000   0.0000   0.0000   0.0000   0.0000   0.0000   0.0000 
  0.0000   0.0000   0.0000   0.0000   0.0000   0.0000   0.0000   0.0000   0.0000   0.0000 
  0.0000   0.0000   0.0000   0.0000   0.0000   0.0000   0.0000   0.0000   0.0000   0.0000 
  0.0000   0.0000   0.0000   0.0000   0.0000   0.0000   0.0000   0.0000   0.0000   0.0000 
  0.0000   0.0000   0.0000   0.0000   0.0000   0.0000   0.0000   0.0000   0.0000   0.0000 
  0.0000   0.0000   0.0000   0.0000   0.0000   0.0000   0.0000   0.0000   0.0000   0.0000 
  0.0000   0.0000   0.0000   0.0000   0.0000   0.0000   0.0000   0.0000   0.0000   0.0000 
  0.0000   0.0000   0.0000   0.0000   0.0000   0.0000   0.0000   0.0000   0.0000   0.0000 
  0.0000   0.0000   0.0000   0.0000   0.0000   0.0000   0.0000   0.0000   0.0000   0.0000 
  0.0000   0.0000   0.0000   0.0000   0.0000   0.0000   0.0000   0.0000   0.0000   0.0000 
  0.0000   0.0000   0.0000   0.0000   0.0000   0.0000   0.0000   0.0000   0.0000   0.0000 
  0.0000   0.0000   0.0000   0.0000   0.0000   0.0000   0.0000   0.0000   0.0000   0.0000 
  0.0000   0.0000   0.0000   0.0000   0.0000   0.0000   0.0000   0.0000   0.0000   0.0000 
  0.0000   0.0000   0.0000   0.0000   0.0000   0.0000   0.0000   0.0000   0.0000   0.0000 
  0.0000   0.0000   0.0000   0.0000   0.0000   0.0000   0.0000   0.0000   0.0000   0.0000 
  0.0000   0.0000   0.0000   0.0000   0.0000   0.0000   0.0000   0.0000   0.0000   0.0000 
  0.0000   0.0000   0.0000   0.0000   0.0000   0.0000   0.0000   0.0000   0.0000   0.0000 
  0.0000   0.0000   0.0000   0.0000   0.0000   0.0000   0.0000   0.0000   0.0000   0.0000 
  0.0000   0.0000   0.0000   0.0000   0.0000   0.0000   0.0000   0.0000   0.0000   0.0000 
  0.0000   0.0000   0.0000   0.0000   0.0000   0.0000   0.0000   0.0000   0.0000   0.0000 
  0.0000   0.0000   0.0000   0.0000   0.0000   0.0000   0.0000   0.0000   0.0000   0.0000 
  0.0000   0.0000   0.0000   0.0000   0.0000   0.0000   0.0000   0.0000   0.0000   0.0000 
  0.0000   0.0000   0.0000   0.0000   0.0000   0.0000   0.0000   0.0000   0.0000   0.0000 
  0.0000   0.0000   0.0000   0.0000   0.0000   0.0000   0.0000   0.0000   0.0000   0.0000 
  0.0000   0.0000   0.0000   0.0000   0.0000   0.0000   0.0000   0.0000   0.0000   0.0000 
  0.0000   0.0000   0.0000   0.0000   0.0000   0.0000   0.0000   0.0000   0.0000   0.0000 
  0.0000   0.0000   0.0000   0.0000   0.0000   0.0000   0.0000   0.0000   0.0000   0.0000 
  0.0000   0.0000   0.0000   0.0000   0.0000   0.0000   0.0000   0.0000   0.0000   0.0000 
  0.0000   0.0000   0.0000   0.0000   0.0000   0.0000   0.0000   0.0000   0.0000   0.0000 
  0.0000   0.0000   0.0000   0.0000   0.0000   0.0000   0.0000   0.0000   0.0000   0.0000 
  0.0000   0.0000   0.0000   0.0000   0.0000   0.0000   0.0000   0.0000   0.0000   0.0000 
  0.0000   0.0000   0.0000   0.0000   0.0000   0.0000   0.0000   0.0000   0.0000   0.0000 
  0.0000   0.0000   0.0000   0.0000   0.0000   0.0000   0.0000   0.0000   0.0000   0.0000 
  0.0000   0.0000   0.0000   0.0000   0.0000   0.0000   0.0000   0.0000   0.0000   0.0000 
  0.0000   0.0000   0.0000   0.0000   0.0000   0.0000   0.0000   0.0000   0.0000   0.0000 
  0.0000   0.0000   0.0000   0.0000   0.0000   0.0000   0.0000   0.0000   0.0000   0.0000 
  0.0000   0.0000   0.0000   0.0000   0.0000   0.0000   0.0000   0.0000   0.0000   0.0000 
  0.0000   0.0000   0.0000   0.0000   0.0000   0.0000   0.0000   0.0000   0.0000   0.0000 
  0.0000   0.0000   0.0000   0.0000   0.0000   0.0000   0.0000   0.0000   0.0000   0.0000 
  0.0000   0.0000   0.0000   0.0000   0.0000   0.0000   0.0000   0.0000   0.0000   0.0000 
  0.0000   0.0000   0.0000   0.0000   0.0000   0.0000   0.0000   0.0000   0.0000   0.0000 
  0.0000   0.0000   0.0000   0.0000   0.0000   0.0000   0.0000   0.0000   0.0000   0.0000 
  0.0000   0.0000   0.0000   0.0000   0.0000   0.0000   0.0000   0.0000   0.0000   0.0000 
  0.0000   0.0000   0.0000   0.0000   0.0000   0.0000   0.0000   0.0000   0.0000   0.0000 
  0.0000   0.0000   0.0000   0.0000   0.0000   0.0000   0.0000   0.0000   0.0000   0.0000 
  0.0000   0.0000   0.0000   0.0000   0.0000   0.0000   0.0000   0.0000   0.0000   0.0000 
  0.0000   0.0000   0.0000   0.0000   0.0000   0.0000   0.0000   0.0000   0.0000   0.0000 
  0.0000   0.0000   0.0000   0.0000   0.0000   0.0000   0.0000   0.0000   0.0000   0.0000 
  0.0000   0.0000   0.0000   0.0000   0.0000   0.0000   0.0000   0.0000   0.0000   0.0000 
  0.0000   0.0000   0.0000   0.0000   0.0000   0.0000   0.0000   0.0000   0.0000   0.0000 
  0.0000   0.0000   0.0000   0.0000   0.0000   0.0000   0.0000   0.0000   0.0000   0.0000 
  0.0000   0.0000   0.0000   0.0000   0.0000   0.0000   0.0000   0.0000   0.0000   0.0000 
  0.0000   0.0000   0.0000   0.0000   0.0000   0.0000   0.0000   0.0000   0.0000   0.0000 
  0.0000   0.0000   0.0000   0.0000   0.0000   0.0000   0.0000   0.0000   0.0000   0.0000 
  0.0000   0.0000   0.0000   0.0000   0.0000   0.0000   0.0000   0.0000   0.0000   0.0000 
  0.0000   0.0000   0.0000   0.0000   0.0000   0.0000   0.0000   0.0000   0.0000   0.0000 
  0.0000   0.0000   0.0000   0.0000   0.0000   0.0000   0.0000   0.0000   0.0000   0.0000 
  0.0000   0.0000   0.0000   0.0000   0.0000   0.0000   0.0000   0.0000   0.0000   0.0000 
  0.0000   0.0000   0.0000   0.0000   0.0000   0.0000   0.0000   0.0000   0.0000   0.0000 
  0.0000   0.0000   0.0000   0.0000   0.0000   0.0000   0.0000   0.0000   0.0000   0.0000 
  0.0000   0.0000   0.0000   0.0000   0.0000   0.0000   0.0000   0.0000   0.0000   0.0000 
  0.0000   0.0000   0.0000   0.0000   0.0000   0.0000   0.0000   0.0000   0.0000   0.0000 
  0.0000   0.0000   0.0000   0.0000   0.0000   0.0000   0.0000   0.0000   0.0000   0.0000 
  0.0000   0.0000   0.0000   0.0000   0.0000   0.0000   0.0000   0.0000   0.0000   0.0000 
  0.0000   0.0000   0.0000   0.0000   0.0000   0.0000   0.0000   0.0000   0.0000   0.0000 
  0.0000   0.0000   0.0000   0.0000   0.0000   0.0000   0.0000   0.0000   0.0000   0.0000 
  0.0000   0.0000   0.0000   0.0000   0.0000   0.0000   0.0000   0.0000   0.0000   0.0000 
  0.0000   0.0000   0.0000   0.0000   0.0000   0.0000   0.0000   0.0000   0.0000   0.0000 
  0.0000   0.0000   0.0000   0.0000   0.0000   0.0000   0.0000   0.0000   0.0000   0.0000 
  0.0000   0.0000   0.0000   0.0000   0.0000   0.0000   0.0000   0.0000   0.0000   0.0000 
  0.0000   0.0000   0.0000   0.0000   0.0000   0.0000   0.0000   0.0000   0.0000   0.0000 
  0.0000   0.0000   0.0000   0.0000   0.0000   0.0000   0.0000   0.0000   0.0000   0.0000 
  0.0000   0.0000   0.0000   0.0000   0.0000   0.0000   0.0000   0.0000   0.0000   0.0000 
  0.0000   0.0000   0.0000   0.0000   0.0000   0.0000   0.0000   0.0000   0.0000   0.0000 
  0.0000   0.0000   0.0000   0.0000   0.0000   0.0000   0.0000   0.0000   0.0000   0.0000 
  0.0000   0.0000   0.0000   0.0000   0.0000   0.0000   0.0000   0.0000   0.0000   0.0000 
  0.0000   0.0000   0.0000   0.0000   0.0000   0.0000   0.0000   0.0000   0.0000   0.0000 
  0.0000   0.0000   0.0000   0.0000   0.0000   0.0000   0.0000   0.0000   0.0000   0.0000 
  0.0000   0.0000   0.0000   0.0000   0.0000   0.0000   0.0000   0.0000   0.0000   0.0000 
  0.0000   0.0000   0.0000   0.0000   0.0000   0.0000   0.0000   0.0000   0.0000   0.0000 
  0.0000   0.0000   0.0000   0.0000   0.0000   0.0000   0.0000   0.0000   0.0000   0.0000 
  0.0000   0.0000   0.0000   0.0000   0.0000   0.0000   0.0000   0.0000   0.0000   0.0000 
  0.0000   0.0000   0.0000   0.0000   0.0000   0.0000   0.0000   0.0000   0.0000   0.0000 
  0.0000   0.0000   0.0000   0.0000   0.0000   0.0000   0.0000   0.0000   0.0000   0.0000 
  0.0000   0.0000   0.0000   0.0000   0.0000   0.0000   0.0000   0.0000   0.0000   0.0000 
  0.0000   0.0000   0.0000   0.0000   0.0000   0.0000   0.0000   0.0000   0.0000   0.0000 
  0.0000   0.0000   0.0000   0.0000   0.0000   0.0000   0.0000   0.0000   0.0000   0.0000 
  0.0000   0.0000   0.0000   0.0000   0.0000   0.0000   0.0000   0.0000   0.0000   0.0000 
  0.0000   0.0000   0.0000   0.0000   0.0000   0.0000   0.0000   0.0000   0.0000   0.0000 
  0.0000   0.0000   0.0000   0.0000   0.0000   0.0000   0.0000   0.0000   0.0000   0.0000 
  0.0000   0.0000   0.0000   0.0000   0.0000   0.0000   0.0000   0.0000   0.0000   0.0000 
  0.0000   0.0000   0.0000   0.0000   0.0000   0.0000   0.0000   0.0000   0.0000   0.0000 
  0.0000   0.0000   0.0000   0.0000   0.0000   0.0000   0.0000   0.0000   0.0000   0.0000 
  0.0000   0.0000   0.0000   0.0000   0.0000   0.0000   0.0000   0.0000   0.0000   0.0000 
  0.0000   0.0000   0.0000   0.0000   0.0000   0.0000   0.0000   0.0000   0.0000   0.0000 
  0.0000   0.0000   0.0000   0.0000   0.0000   0.0000   0.0000   0.0000   0.0000   0.0000 
  0.0000   0.0000   0.0000   0.0000   0.0000   0.0000   0.0000   0.0000   0.0000   0.0000 
  0.0000   0.0000   0.0000   0.0000   0.0000   0.0000   0.0000   0.0000   0.0000   0.0000 
  0.0000   0.0000   0.0000   0.0000   0.0000   0.0000   0.0000   0.0000   0.0000   0.0000 
  0.0000   0.0000   0.0000   0.0000   0.0000   0.0000   0.0000   0.0000   0.0000   0.0000 
  0.0000   0.0000   0.0000   0.0000   0.0000   0.0000   0.0000   0.0000   0.0000   0.0000 
  0.0000   0.0000   0.0000   0.0000   0.0000   0.0000   0.0000   0.0000   0.0000   0.0000 
  0.0000   0.0000   0.0000   0.0000   0.0000   0.0000   0.0000   0.0000   0.0000   0.0000 
  0.0000   0.0000   0.0000   0.0000   0.0000   0.0000   0.0000   0.0000   0.0000   0.0000 
  0.0000   0.0000   0.0000   0.0000   0.0000   0.0000   0.0000   0.0000   0.0000   0.0000 
  0.0000   0.0000   0.0000   0.0000   0.0000   0.0000   0.0000   0.0000   0.0000   0.0000 
  0.0000   0.0000   0.0000   0.0000   0.0000   0.0000   0.0000   0.0000   0.0000   0.0000 
  0.0000   0.0000   0.0000   0.0000   0.0000   0.0000   0.0000   0.0000   0.0000   0.0000 
  0.0000   0.0000   0.0000   0.0000   0.0000   0.0000   0.0000   0.0000   0.0000   0.0000 
  0.0000   0.0000   0.0000   0.0000   0.0000   0.0000   0.0000   0.0000   0.0000   0.0000 
  0.0000   0.0000   0.0000   0.0000   0.0000   0.0000   0.0000   0.0000   0.0000   0.0000 
  0.0000   0.0000   0.0000   0.0000   0.0000   0.0000   0.0000   0.0000   0.0000   0.0000 
  0.0000   0.0000   0.0000   0.0000   0.0000   0.0000   0.0000   0.0000   0.0000   0.0000 
  0.0000   0.0000   0.0000   0.0000   0.0000   0.0000   0.0000   0.0000   0.0000   0.0000 
  0.0000   0.0000   0.0000   0.0000   0.0000   0.0000   0.0000   0.0000   0.0000   0.0000 
  0.0000   0.0000   0.0000   0.0000   0.0000   0.0000   0.0000   0.0000   0.0000   0.0000 
  0.0000   0.0000   0.0000   0.0000   0.0000   0.0000   0.0000   0.0000   0.0000   0.0000 
  0.0000   0.0000   0.0000   0.0000   0.0000   0.0000   0.0000   0.0000   0.0000   0.0000 
  0.0000   0.0000   0.0000   0.0000   0.0000   0.0000   0.0000   0.0000   0.0000   0.0000 
  0.0000   0.0000   0.0000   0.0000   0.0000   0.0000   0.0000   0.0000   0.0000   0.0000 
  0.0000   0.0000   0.0000   0.0000   0.0000   0.0000   0.0000   0.0000   0.0000   0.0000 
  0.0000   0.0000   0.0000   0.0000   0.0000   0.0000   0.0000   0.0000   0.0000   0.0000 
  0.0000   0.0000   0.0000   0.0000   0.0000   0.0000   0.0000   0.0000   0.0000   0.0000 
  0.0000   0.0000   0.0000   0.0000   0.0000   0.0000   0.0000   0.0000   0.0000   0.0000 
  0.0000   0.0000   0.0000   0.0000   0.0000   0.0000   0.0000   0.0000   0.0000   0.0000 
  0.0000   0.0000   0.0000   0.0000   0.0000   0.0000   0.0000   0.0000   0.0000   0.0000 
  0.0000   0.0000   0.0000   0.0000   0.0000   0.0000   0.0000   0.0000   0.0000   0.0000 
  0.0000   0.0000   0.0000   0.0000   0.0000   0.0000   0.0000   0.0000   0.0000   0.0000 
  0.0000   0.0000   0.0000   0.0000   0.0000   0.0000   0.0000   0.0000   0.0000   0.0000 
  0.0000   0.0000   0.0000   0.0000   0.0000   0.0000   0.0000   0.0000   0.0000   0.0000 
  0.0000   0.0000   0.0000   0.0000   0.0000   0.0000   0.0000   0.0000   0.0000   0.0000 
  0.0000   0.0000   0.0000   0.0000   0.0000   0.0000   0.0000   0.0000   0.0000   0.0000 
  0.0000   0.0000   0.0000   0.0000   0.0000   0.0000   0.0000   0.0000   0.0000   0.0000 
  0.0000   0.0000   0.0000   0.0000   0.0000   0.0000   0.0000   0.0000   0.0000   0.0000 
  0.0000   0.0000   0.0000   0.0000   0.0000   0.0000   0.0000   0.0000   0.0000   0.0000 
  0.0000   0.0000   0.0000   0.0000   0.0000   0.0000   0.0000   0.0000   0.0000   0.0000 
  0.0000   0.0000   0.0000   0.0000   0.0000   0.0000   0.0000   0.0000   0.0000   0.0000 
  0.0000   0.0000   0.0000   0.0000   0.0000   0.0000   0.0000   0.0000   0.0000   0.0000 
  0.0000   0.0000   0.0000   0.0000   0.0000   0.0000   0.0000   0.0000   0.0000   0.0000 
  0.0000   0.0000   0.0000   0.0000   0.0000   0.0000   0.0000   0.0000   0.0000   0.0000 
  0.0000   0.0000   0.0000   0.0000   0.0000   0.0000   0.0000   0.0000   0.0000   0.0000 
  0.0000   0.0000   0.0000   0.0000   0.0000   0.0000   0.0000   0.0000   0.0000   0.0000 
  0.0000   0.0000   0.0000   0.0000   0.0000   0.0000   0.0000   0.0000   0.0000   0.0000 
  0.0000   0.0000   0.0000   0.0000   0.0000   0.0000   0.0000   0.0000   0.0000   0.0000 
  0.0000   0.0000   0.0000   0.0000   0.0000   0.0000   0.0000   0.0000   0.0000   0.0000 
  0.0000   0.0000   0.0000   0.0000   0.0000   0.0000   0.0000   0.0000   0.0000   0.0000 
  0.0000   0.0000   0.0000   0.0000   0.0000   0.0000   0.0000   0.0000   0.0000   0.0000 
  0.0000   0.0000   0.0000   0.0000   0.0000   0.0000   0.0000   0.0000   0.0000   0.0000 
  0.0000   0.0000   0.0000   0.0000   0.0000   0.0000   0.0000   0.0000   0.0000   0.0000 
  0.0000   0.0000   0.0000   0.0000   0.0000   0.0000   0.0000   0.0000   0.0000   0.0000 
  0.0000   0.0000   0.0000   0.0000   0.0000   0.0000   0.0000   0.0000   0.0000   0.0000 
  0.0000   0.0000   0.0000   0.0000   0.0000   0.0000   0.0000   0.0000   0.0000   0.0000 
  0.0000   0.0000   0.0000   0.0000   0.0000   0.0000   0.0000   0.0000   0.0000   0.0000 
  0.0000   0.0000   0.0000   0.0000   0.0000   0.0000   0.0000   0.0000   0.0000   0.0000 
  0.0000   0.0000   0.0000   0.0000   0.0000   0.0000   0.0000   0.0000   0.0000   0.0000 
  0.0000   0.0000   0.0000   0.0000   0.0000   0.0000   0.0000   0.0000   0.0000   0.0000 
  0.0000   0.0000   0.0000   0.0000   0.0000   0.0000   0.0000   0.0000   0.0000   0.0000 
  0.0000   0.0000   0.0000   0.0000   0.0000   0.0000   0.0000   0.0000   0.0000   0.0000 
  0.0000   0.0000   0.0000   0.0000   0.0000   0.0000   0.0000   0.0000   0.0000   0.0000 
  0.0000   0.0000   0.0000   0.0000   0.0000   0.0000   0.0000   0.0000   0.0000   0.0000 
  0.0000   0.0000   0.0000   0.0000   0.0000   0.0000   0.0000   0.0000   0.0000   0.0000 
  0.0000   0.0000   0.0000   0.0000   0.0000   0.0000   0.0000   0.0000   0.0000   0.0000 
  0.0000   0.0000   0.0000   0.0000   0.0000   0.0000   0.0000   0.0000   0.0000   0.0000 
  0.0000   0.0000   0.0000   0.0000   0.0000   0.0000   0.0000   0.0000   0.0000   0.0000 
  0.0000   0.0000   0.0000   0.0000   0.0000   0.0000   0.0000   0.0000   0.0000   0.0000 
  0.0000   0.0000   0.0000   0.0000   0.0000   0.0000   0.0000   0.0000   0.0000   0.0000 
  0.0000   0.0000   0.0000   0.0000   0.0000   0.0000   0.0000   0.0000   0.0000   0.0000 
  0.0000   0.0000   0.0000   0.0000   0.0000   0.0000   0.0000   0.0000   0.0000   0.0000 
  0.0000   0.0000   0.0000   0.0000   0.0000   0.0000   0.0000   0.0000   0.0000   0.0000 
  0.0000   0.0000   0.0000   0.0000   0.0000   0.0000   0.0000   0.0000   0.0000   0.0000 
  0.0000   0.0000   0.0000   0.0000   0.0000   0.0000   0.0000   0.0000   0.0000   0.0000 
  0.0000   0.0000   0.0000   0.0000   0.0000   0.0000   0.0000   0.0000   0.0000   0.0000 
  0.0000   0.0000   0.0000   0.0000   0.0000   0.0000   0.0000   0.0000   0.0000   0.0000 
  0.0000   0.0000   0.0000   0.0000   0.0000   0.0000   0.0000   0.0000   0.0000   0.0000 
  0.0000   0.0000   0.0000   0.0000   0.0000   0.0000   0.0000   0.0000   0.0000   0.0000 
  0.0000   0.0000   0.0000   0.0000   0.0000   0.0000   0.0000   0.0000   0.0000   0.0000 
  0.0000   0.0000   0.0000   0.0000   0.0000   0.0000   0.0000   0.0000   0.0000   0.0000 
  0.0000   0.0000   0.0000   0.0000   0.0000   0.0000   0.0000   0.0000   0.0000   0.0000 
  0.0000   0.0000   0.0000   0.0000   0.0000   0.0000   0.0000   0.0000   0.0000   0.0000 
  0.0000   0.0000   0.0000   0.0000   0.0000   0.0000   0.0000   0.0000   0.0000   0.0000 
  0.0000   0.0000   0.0000   0.0000   0.0000   0.0000   0.0000   0.0000   0.0000   0.0000 
  0.0000   0.0000   0.0000   0.0000   0.0000   0.0000   0.0000   0.0000   0.0000   0.0000 
  0.0000   0.0000   0.0000   0.0000   0.0000   0.0000   0.0000   0.0000   0.0000   0.0000 
  0.0000   0.0000   0.0000   0.0000   0.0000   0.0000   0.0000   0.0000   0.0000   0.0000 
  0.0000   0.0000   0.0000   0.0000   0.0000   0.0000   0.0000   0.0000   0.0000   0.0000 
  0.0000   0.0000   0.0000   0.0000   0.0000   0.0000   0.0000   0.0000   0.0000   0.0000 
  0.0000   0.0000   0.0000   0.0000   0.0000   0.0000   0.0000   0.0000   0.0000   0.0000 
  0.0000   0.0000   0.0000   0.0000   0.0000   0.0000   0.0000   0.0000   0.0000   0.0000 
  0.0000   0.0000   0.0000   0.0000   0.0000   0.0000   0.0000   0.0000   0.0000   0.0000 
  0.0000   0.0000   0.0000   0.0000   0.0000   0.0000   0.0000   0.0000   0.0000   0.0000 
  0.0000   0.0000   0.0000   0.0000   0.0000   0.0000   0.0000   0.0000   0.0000   0.0000 
  0.0000   0.0000   0.0000   0.0000   0.0000   0.0000   0.0000   0.0000   0.0000   0.0000 
  0.0000   0.0000   0.0000   0.0000   0.0000   0.0000   0.0000   0.0000   0.0000   0.0000 
  0.0000   0.0000   0.0000   0.0000   0.0000   0.0000   0.0000   0.0000   0.0000   0.0000 
  0.0000   0.0000   0.0000   0.0000   0.0000   0.0000   0.0000   0.0000   0.0000   0.0000 
  0.0000   0.0000   0.0000   0.0000   0.0000   0.0000   0.0000   0.0000   0.0000   0.0000 
  0.0000   0.0000   0.0000   0.0000   0.0000   0.0000   0.0000   0.0000   0.0000   0.0000 
  0.0000   0.0000   0.0000   0.0000   0.0000   0.0000   0.0000   0.0000   0.0000   0.0000 
  0.0000   0.0000   0.0000   0.0000   0.0000   0.0000   0.0000   0.0000   0.0000   0.0000 
  0.0000   0.0000   0.0000   0.0000   0.0000   0.0000   0.0000   0.0000   0.0000   0.0000 
  0.0000   0.0000   0.0000   0.0000   0.0000   0.0000   0.0000   0.0000   0.0000   0.0000 
  0.0000   0.0000   0.0000   0.0000   0.0000   0.0000   0.0000   0.0000   0.0000   0.0000 
  0.0000   0.0000   0.0000   0.0000   0.0000   0.0000   0.0000   0.0000   0.0000   0.0000 
  0.0000   0.0000   0.0000   0.0000   0.0000   0.0000   0.0000   0.0000   0.0000   0.0000 
  0.0000   0.0000   0.0000   0.0000   0.0000   0.0000   0.0000   0.0000   0.0000   0.0000 
  0.0000   0.0000   0.0000   0.0000   0.0000   0.0000   0.0000   0.0000   0.0000   0.0000 
  0.0000   0.0000   0.0000   0.0000   0.0000   0.0000   0.0000   0.0000   0.0000   0.0000 
  0.0000   0.0000   0.0000   0.0000   0.0000   0.0000   0.0000   0.0000   0.0000   0.0000 
  0.0000   0.0000   0.0000   0.0000   0.0000   0.0000   0.0000   0.0000   0.0000   0.0000 
  0.0000   0.0000   0.0000   0.0000   0.0000   0.0000   0.0000   0.0000   0.0000   0.0000 
  0.0000   0.0000   0.0000   0.0000   0.0000   0.0000   0.0000   0.0000   0.0000   0.0000 
  0.0000   0.0000   0.0000   0.0000   0.0000   0.0000   0.0000   0.0000   0.0000   0.0000 
  0.0000   0.0000   0.0000   0.0000   0.0000   0.0000   0.0000   0.0000   0.0000   0.0000 
  0.0000   0.0000   0.0000   0.0000   0.0000   0.0000   0.0000   0.0000   0.0000   0.0000 
  0.0000   0.0000   0.0000   0.0000   0.0000   0.0000   0.0000   0.0000   0.0000   0.0000 
  0.0000   0.0000   0.0000   0.0000   0.0000   0.0000   0.0000   0.0000   0.0000   0.0000 
  0.0000   0.0000   0.0000   0.0000   0.0000   0.0000   0.0000   0.0000   0.0000   0.0000 
  0.0000   0.0000   0.0000   0.0000   0.0000   0.0000   0.0000   0.0000   0.0000   0.0000 
  0.0000   0.0000   0.0000   0.0000   0.0000   0.0000   0.0000   0.0000   0.0000   0.0000 
  0.0000   0.0000   0.0000   0.0000   0.0000   0.0000   0.0000   0.0000   0.0000   0.0000 
  0.0000   0.0000   0.0000   0.0000   0.0000   0.0000   0.0000   0.0000   0.0000   0.0000 
  0.0000   0.0000   0.0000   0.0000   0.0000   0.0000   0.0000   0.0000   0.0000   0.0000 
  0.0000   0.0000   0.0000   0.0000   0.0000   0.0000   0.0000   0.0000   0.0000   0.0000 
  0.0000   0.0000   0.0000   0.0000   0.0000   0.0000   0.0000   0.0000   0.0000   0.0000 
  0.0000   0.0000   0.0000   0.0000   0.0000   0.0000   0.0000   0.0000   0.0000   0.0000 
  0.0000   0.0000   0.0000   0.0000   0.0000   0.0000   0.0000   0.0000   0.0000   0.0000 
  0.0000   0.0000   0.0000   0.0000   0.0000   0.0000   0.0000   0.0000   0.0000   0.0000 
  0.0000   0.0000   0.0000   0.0000   0.0000   0.0000   0.0000   0.0000   0.0000   0.0000 
  0.0000   0.0000   0.0000   0.0000   0.0000   0.0000   0.0000   0.0000   0.0000   0.0000 
  0.0000   0.0000   0.0000   0.0000   0.0000   0.0000   0.0000   0.0000   0.0000   0.0000 
  0.0000   0.0000   0.0000   0.0000   0.0000   0.0000   0.0000   0.0000   0.0000   0.0000 
  0.0000   0.0000   0.0000   0.0000   0.0000   0.0000   0.0000   0.0000   0.0000   0.0000 
  0.0000   0.0000   0.0000   0.0000   0.0000   0.0000   0.0000   0.0000   0.0000   0.0000 
  0.0000   0.0000   0.0000   0.0000   0.0000   0.0000   0.0000   0.0000   0.0000   0.0000 
  0.0000   0.0000   0.0000   0.0000   0.0000   0.0000   0.0000   0.0000   0.0000   0.0000 
  0.0000   0.0000   0.0000   0.0000   0.0000   0.0000   0.0000   0.0000   0.0000   0.0000 
  0.0000   0.0000   0.0000   0.0000   0.0000   0.0000   0.0000   0.0000   0.0000   0.0000 
  0.0000   0.0000   0.0000   0.0000   0.0000   0.0000   0.0000   0.0000   0.0000   0.0000 
  0.0000   0.0000   0.0000   0.0000   0.0000   0.0000   0.0000   0.0000   0.0000   0.0000 
  0.0000   0.0000   0.0000   0.0000   0.0000   0.0000   0.0000   0.0000   0.0000   0.0000 
  0.0000   0.0000   0.0000   0.0000   0.0000   0.0000   0.0000   0.0000   0.0000   0.0000 
  0.0000   0.0000   0.0000   0.0000   0.0000   0.0000   0.0000   0.0000   0.0000   0.0000 
  0.0000   0.0000   0.0000   0.0000   0.0000   0.0000   0.0000   0.0000   0.0000   0.0000 
  0.0000   0.0000   0.0000   0.0000   0.0000   0.0000   0.0000   0.0000   0.0000   0.0000 
  0.0000   0.0000   0.0000   0.0000   0.0000   0.0000   0.0000   0.0000   0.0000   0.0000 
  0.0000   0.0000   0.0000   0.0000   0.0000   0.0000   0.0000   0.0000   0.0000   0.0000 
  0.0000   0.0000   0.0000   0.0000   0.0000   0.0000   0.0000   0.0000   0.0000   0.0000 
  0.0000   0.0000   0.0000   0.0000   0.0000   0.0000   0.0000   0.0000   0.0000   0.0000 
  0.0000   0.0000   0.0000   0.0000   0.0000   0.0000   0.0000   0.0000   0.0000   0.0000 
  0.0000   0.0000   0.0000   0.0000   0.0000   0.0000   0.0000   0.0000   0.0000   0.0000 
  0.0000   0.0000   0.0000   0.0000   0.0000   0.0000   0.0000   0.0000   0.0000   0.0000 
  0.0000   0.0000   0.0000   0.0000   0.0000   0.0000   0.0000   0.0000   0.0000   0.0000 
  0.0000   0.0000   0.0000   0.0000   0.0000   0.0000   0.0000   0.0000   0.0000   0.0000 
  0.0000   0.0000   0.0000   0.0000   0.0000   0.0000   0.0000   0.0000   0.0000   0.0000 
  0.0000   0.0000   0.0000   0.0000   0.0000   0.0000   0.0000   0.0000   0.0000   0.0000 
  0.0000   0.0000   0.0000   0.0000   0.0000   0.0000   0.0000   0.0000   0.0000   0.0000 
  0.0000   0.0000   0.0000   0.0000   0.0000   0.0000   0.0000   0.0000   0.0000   0.0000 
  0.0000   0.0000   0.0000   0.0000   0.0000   0.0000   0.0000   0.0000   0.0000   0.0000 
  0.0000   0.0000   0.0000   0.0000   0.0000   0.0000   0.0000   0.0000   0.0000   0.0000 
  0.0000   0.0000   0.0000   0.0000   0.0000   0.0000   0.0000   0.0000   0.0000   0.0000 
  0.0000   0.0000   0.0000   0.0000   0.0000   0.0000   0.0000   0.0000   0.0000   0.0000 
  0.0000   0.0000   0.0000   0.0000   0.0000   0.0000   0.0000   0.0000   0.0000   0.0000 
  0.0000   0.0000   0.0000   0.0000   0.0000   0.0000   0.0000   0.0000   0.0000   0.0000 
  0.0000   0.0000   0.0000   0.0000   0.0000   0.0000   0.0000   0.0000   0.0000   0.0000 
  0.0000   0.0000   0.0000   0.0000   0.0000   0.0000   0.0000   0.0000   0.0000   0.0000 
  0.0000   0.0000   0.0000   0.0000   0.0000   0.0000   0.0000   0.0000   0.0000   0.0000 
  0.0000   0.0000   0.0000   0.0000   0.0000   0.0000   0.0000   0.0000   0.0000   0.0000 
  0.0000   0.0000   0.0000   0.0000   0.0000   0.0000   0.0000   0.0000   0.0000   0.0000 
  0.0000   0.0000   0.0000   0.0000   0.0000   0.0000   0.0000   0.0000   0.0000   0.0000 
  0.0000   0.0000   0.0000   0.0000   0.0000   0.0000   0.0000   0.0000   0.0000   0.0000 
  0.0000   0.0000   0.0000   0.0000   0.0000   0.0000   0.0000   0.0000   0.0000   0.0000 
  0.0000   0.0000   0.0000   0.0000   0.0000   0.0000   0.0000   0.0000   0.0000   0.0000 
  0.0000   0.0000   0.0000   0.0000   0.0000   0.0000   0.0000   0.0000   0.0000   0.0000 
  0.0000   0.0000   0.0000   0.0000   0.0000   0.0000   0.0000   0.0000   0.0000   0.0000 
  0.0000   0.0000   0.0000   0.0000   0.0000   0.0000   0.0000   0.0000   0.0000   0.0000 
  0.0000   0.0000   0.0000   0.0000   0.0000   0.0000   0.0000   0.0000   0.0000   0.0000 
  0.0000   0.0000   0.0000   0.0000   0.0000   0.0000   0.0000   0.0000   0.0000   0.0000 
  0.0000   0.0000   0.0000   0.0000   0.0000   0.0000   0.0000   0.0000   0.0000   0.0000 
  0.0000   0.0000   0.0000   0.0000   0.0000   0.0000   0.0000   0.0000   0.0000   0.0000 
  0.0000   0.0000   0.0000   0.0000   0.0000   0.0000   0.0000   0.0000   0.0000   0.0000 
  0.0000   0.0000   0.0000   0.0000   0.0000   0.0000   0.0000   0.0000   0.0000   0.0000 
  0.0000   0.0000   0.0000   0.0000   0.0000   0.0000   0.0000   0.0000   0.0000   0.0000 
  0.0000   0.0000   0.0000   0.0000   0.0000   0.0000   0.0000   0.0000   0.0000   0.0000 
  0.0000   0.0000   0.0000   0.0000   0.0000   0.0000   0.0000   0.0000   0.0000   0.0000 
  0.0000   0.0000   0.0000   0.0000   0.0000   0.0000   0.0000   0.0000   0.0000   0.0000 
  0.0000   0.0000   0.0000   0.0000   0.0000   0.0000   0.0000   0.0000   0.0000   0.0000 
  0.0000   0.0000   0.0000   0.0000   0.0000   0.0000   0.0000   0.0000   0.0000   0.0000 
  0.0000   0.0000   0.0000   0.0000   0.0000   0.0000   0.0000   0.0000   0.0000   0.0000 
  0.0000   0.0000   0.0000   0.0000   0.0000   0.0000   0.0000   0.0000   0.0000   0.0000 
  0.0000   0.0000   0.0000   0.0000   0.0000   0.0000   0.0000   0.0000   0.0000   0.0000 
  0.0000   0.0000   0.0000   0.0000   0.0000   0.0000   0.0000   0.0000   0.0000   0.0000 
  0.0000   0.0000   0.0000   0.0000   0.0000   0.0000   0.0000   0.0000   0.0000   0.0000 
  0.0000   0.0000   0.0000   0.0000   0.0000   0.0000   0.0000   0.0000   0.0000   0.0000 
  0.0000   0.0000   0.0000   0.0000   0.0000   0.0000   0.0000   0.0000   0.0000   0.0000 
  0.0000   0.0000   0.0000   0.0000   0.0000   0.0000   0.0000   0.0000   0.0000   0.0000 
  0.0000   0.0000   0.0000   0.0000   0.0000   0.0000   0.0000   0.0000   0.0000   0.0000 
  0.0000   0.0000   0.0000   0.0000   0.0000   0.0000   0.0000   0.0000   0.0000   0.0000 
  0.0000   0.0000   0.0000   0.0000   0.0000   0.0000   0.0000   0.0000   0.0000   0.0000 
  0.0000   0.0000   0.0000   0.0000   0.0000   0.0000   0.0000   0.0000   0.0000   0.0000 
  0.0000   0.0000   0.0000   0.0000   0.0000   0.0000   0.0000   0.0000   0.0000   0.0000 
  0.0000   0.0000   0.0000   0.0000   0.0000   0.0000   0.0000   0.0000   0.0000   0.0000 
  0.0000   0.0000   0.0000   0.0000   0.0000   0.0000   0.0000   0.0000   0.0000   0.0000 
  0.0000   0.0000   0.0000   0.0000   0.0000   0.0000   0.0000   0.0000   0.0000   0.0000 
  0.0000   0.0000   0.0000   0.0000   0.0000   0.0000   0.0000   0.0000   0.0000   0.0000 
  0.0000   0.0000   0.0000   0.0000   0.0000   0.0000   0.0000   0.0000   0.0000   0.0000 
  0.0000   0.0000   0.0000   0.0000   0.0000   0.0000   0.0000   0.0000   0.0000   0.0000 
  0.0000   0.0000   0.0000   0.0000   0.0000   0.0000   0.0000   0.0000   0.0000   0.0000 
  0.0000   0.0000   0.0000   0.0000   0.0000   0.0000   0.0000   0.0000   0.0000   0.0000 
  0.0000   0.0000   0.0000   0.0000   0.0000   0.0000   0.0000   0.0000   0.0000   0.0000 
  0.0000   0.0000   0.0000   0.0000   0.0000   0.0000   0.0000   0.0000   0.0000   0.0000 
  0.0000   0.0000   0.0000   0.0000   0.0000   0.0000   0.0000   0.0000   0.0000   0.0000 
  0.0000   0.0000   0.0000   0.0000   0.0000   0.0000   0.0000   0.0000   0.0000   0.0000 
  0.0000   0.0000   0.0000   0.0000   0.0000   0.0000   0.0000   0.0000   0.0000   0.0000 
  0.0000   0.0000   0.0000   0.0000   0.0000   0.0000   0.0000   0.0000   0.0000   0.0000 
  0.0000   0.0000   0.0000   0.0000   0.0000   0.0000   0.0000   0.0000   0.0000   0.0000 
  0.0000   0.0000   0.0000   0.0000   0.0000   0.0000   0.0000   0.0000   0.0000   0.0000 
  0.0000   0.0000   0.0000   0.0000   0.0000   0.0000   0.0000   0.0000   0.0000   0.0000 
  0.0000   0.0000   0.0000   0.0000   0.0000   0.0000   0.0000   0.0000   0.0000   0.0000 
  0.0000   0.0000   0.0000   0.0000   0.0000   0.0000   0.0000   0.0000   0.0000   0.0000 
  0.0000   0.0000   0.0000   0.0000   0.0000   0.0000   0.0000   0.0000   0.0000   0.0000 
  0.0000   0.0000   0.0000   0.0000   0.0000   0.0000   0.0000   0.0000   0.0000   0.0000 
  0.0000   0.0000   0.0000   0.0000   0.0000   0.0000   0.0000   0.0000   0.0000   0.0000 
  0.0000   0.0000   0.0000   0.0000   0.0000   0.0000   0.0000   0.0000   0.0000   0.0000 
  0.0000   0.0000   0.0000   0.0000   0.0000   0.0000   0.0000   0.0000   0.0000   0.0000 
  0.0000   0.0000   0.0000   0.0000   0.0000   0.0000   0.0000   0.0000   0.0000   0.0000 
  0.0000   0.0000   0.0000   0.0000   0.0000   0.0000   0.0000   0.0000   0.0000   0.0000 
  0.0000   0.0000   0.0000   0.0000   0.0000   0.0000   0.0000   0.0000   0.0000   0.0000 
  0.0000   0.0000   0.0000   0.0000   0.0000   0.0000   0.0000   0.0000   0.0000   0.0000 
  0.0000   0.0000   0.0000   0.0000   0.0000   0.0000   0.0000   0.0000   0.0000   0.0000 
  0.0000   0.0000   0.0000   0.0000   0.0000   0.0000   0.0000   0.0000   0.0000   0.0000 
  0.0000   0.0000   0.0000   0.0000   0.0000   0.0000   0.0000   0.0000   0.0000   0.0000 
  0.0000   0.0000   0.0000   0.0000   0.0000   0.0000   0.0000   0.0000   0.0000   0.0000 
  0.0000   0.0000   0.0000   0.0000   0.0000   0.0000   0.0000   0.0000   0.0000   0.0000 
  0.0000   0.0000   0.0000   0.0000   0.0000   0.0000   0.0000   0.0000   0.0000   0.0000 
  0.0000   0.0000   0.0000   0.0000   0.0000   0.0000   0.0000   0.0000   0.0000   0.0000 
  0.0000   0.0000   0.0000   0.0000   0.0000   0.0000   0.0000   0.0000   0.0000   0.0000 
  0.0000   0.0000   0.0000   0.0000   0.0000   0.0000   0.0000   0.0000   0.0000   0.0000 
  0.0000   0.0000   0.0000   0.0000   0.0000   0.0000   0.0000   0.0000   0.0000   0.0000 
  0.0000   0.0000   0.0000   0.0000   0.0000   0.0000   0.0000   0.0000   0.0000   0.0000 
  0.0000   0.0000   0.0000   0.0000   0.0000   0.0000   0.0000   0.0000   0.0000   0.0000 
  0.0000   0.0000   0.0000   0.0000   0.0000   0.0000   0.0000   0.0000   0.0000   0.0000 
  0.0000   0.0000   0.0000   0.0000   0.0000   0.0000   0.0000   0.0000   0.0000   0.0000 
  0.0000   0.0000   0.0000   0.0000   0.0000   0.0000   0.0000   0.0000   0.0000   0.0000 
  0.0000   0.0000   0.0000   0.0000   0.0000   0.0000   0.0000   0.0000   0.0000   0.0000 
  0.0000   0.0000   0.0000   0.0000   0.0000   0.0000   0.0000   0.0000   0.0000   0.0000 
  0.0000   0.0000   0.0000   0.0000   0.0000   0.0000   0.0000   0.0000   0.0000   0.0000 
  0.0000   0.0000   0.0000   0.0000   0.0000   0.0000   0.0000   0.0000   0.0000   0.0000 
  0.0000   0.0000   0.0000   0.0000   0.0000   0.0000   0.0000   0.0000   0.0000   0.0000 
  0.0000   0.0000   0.0000   0.0000   0.0000   0.0000   0.0000   0.0000   0.0000   0.0000 
  0.0000   0.0000   0.0000   0.0000   0.0000   0.0000   0.0000   0.0000   0.0000   0.0000 
  0.0000   0.0000   0.0000   0.0000   0.0000   0.0000   0.0000   0.0000   0.0000   0.0000 
  0.0000   0.0000   0.0000   0.0000   0.0000   0.0000   0.0000   0.0000   0.0000   0.0000 
  0.0000   0.0000   0.0000   0.0000   0.0000   0.0000   0.0000   0.0000   0.0000   0.0000 
  0.0000   0.0000   0.0000   0.0000   0.0000   0.0000   0.0000   0.0000   0.0000   0.0000 
  0.0000   0.0000   0.0000   0.0000   0.0000   0.0000   0.0000   0.0000   0.0000   0.0000 
  0.0000   0.0000   0.0000   0.0000   0.0000   0.0000   0.0000   0.0000   0.0000   0.0000 
  0.0000   0.0000   0.0000   0.0000   0.0000   0.0000   0.0000   0.0000   0.0000   0.0000 
  0.0000   0.0000   0.0000   0.0000   0.0000   0.0000   0.0000   0.0000   0.0000   0.0000 
  0.0000   0.0000   0.0000   0.0000   0.0000   0.0000   0.0000   0.0000   0.0000   0.0000 
  0.0000   0.0000   0.0000   0.0000   0.0000   0.0000   0.0000   0.0000   0.0000   0.0000 
  0.0000   0.0000   0.0000   0.0000   0.0000   0.0000   0.0000   0.0000   0.0000   0.0000 
  0.0000   0.0000   0.0000   0.0000   0.0000   0.0000   0.0000   0.0000   0.0000   0.0000 
  0.0000   0.0000   0.0000   0.0000   0.0000   0.0000   0.0000   0.0000   0.0000   0.0000 
  0.0000   0.0000   0.0000   0.0000   0.0000   0.0000   0.0000   0.0000   0.0000   0.0000 
  0.0000   0.0000   0.0000   0.0000   0.0000   0.0000   0.0000   0.0000   0.0000   0.0000 
  0.0000   0.0000   0.0000   0.0000   0.0000   0.0000   0.0000   0.0000   0.0000   0.0000 
  0.0000   0.0000   0.0000   0.0000   0.0000   0.0000   0.0000   0.0000   0.0000   0.0000 
  0.0000   0.0000   0.0000   0.0000   0.0000   0.0000   0.0000   0.0000   0.0000   0.0000 
  0.0000   0.0000   0.0000   0.0000   0.0000   0.0000   0.0000   0.0000   0.0000   0.0000 
  0.0000   0.0000   0.0000   0.0000   0.0000   0.0000   0.0000   0.0000   0.0000   0.0000 
  0.0000   0.0000   0.0000   0.0000   0.0000   0.0000   0.0000   0.0000   0.0000   0.0000 
  0.0000   0.0000   0.0000   0.0000   0.0000   0.0000   0.0000   0.0000   0.0000   0.0000 
  0.0000   0.0000   0.0000   0.0000   0.0000   0.0000   0.0000   0.0000   0.0000   0.0000 
  0.0000   0.0000   0.0000   0.0000   0.0000   0.0000   0.0000   0.0000   0.0000   0.0000 
  0.0000   0.0000   0.0000   0.0000   0.0000   0.0000   0.0000   0.0000   0.0000   0.0000 
  0.0000   0.0000   0.0000   0.0000   0.0000   0.0000   0.0000   0.0000   0.0000   0.0000 
  0.0000   0.0000   0.0000   0.0000   0.0000   0.0000   0.0000   0.0000   0.0000   0.0000 
  0.0000   0.0000   0.0000   0.0000   0.0000   0.0000   0.0000   0.0000   0.0000   0.0000 
  0.0000   0.0000   0.0000   0.0000   0.0000   0.0000   0.0000   0.0000   0.0000   0.0000 
  0.0000   0.0000   0.0000   0.0000   0.0000   0.0000   0.0000   0.0000   0.0000   0.0000 
  0.0000   0.0000   0.0000   0.0000   0.0000   0.0000   0.0000   0.0000   0.0000   0.0000 
  0.0000   0.0000   0.0000   0.0000   0.0000   0.0000   0.0000   0.0000   0.0000   0.0000 
  0.0000   0.0000   0.0000   0.0000   0.0000   0.0000   0.0000   0.0000   0.0000   0.0000 
  0.0000   0.0000   0.0000   0.0000   0.0000   0.0000   0.0000   0.0000   0.0000   0.0000 
  0.0000   0.0000   0.0000   0.0000   0.0000   0.0000   0.0000   0.0000   0.0000   0.0000 
  0.0000   0.0000   0.0000   0.0000   0.0000   0.0000   0.0000   0.0000   0.0000   0.0000 
  0.0000   0.0000   0.0000   0.0000   0.0000   0.0000   0.0000   0.0000   0.0000   0.0000 
  0.0000   0.0000   0.0000   0.0000   0.0000   0.0000   0.0000   0.0000   0.0000   0.0000 
  0.0000   0.0000   0.0000   0.0000   0.0000   0.0000   0.0000   0.0000   0.0000   0.0000 
