y-axis acceleration data

 -0.2417   0.1880  -0.2759   0.0835   1.0493   0.7656  -0.1768  -0.6177  -0.1206   0.0039 
 -0.2178  -0.0542  -0.1914   0.0117   1.3652   1.8096  -0.2036  -1.0376   0.1533   0.1191 
 -0.0254  -0.5596   0.4185   0.1260   1.6025   3.4897  -0.2373  -0.7988  -0.9736   0.2734 
 -0.1782  -0.0112   0.7866   0.5278   1.8452   0.1353  -0.1177  -0.4619  -0.8916   0.3184 
 -0.3154  -0.6157   0.6611   0.7207   0.6138  -1.3208  -0.0220  -0.2783  -0.5420   0.2393 
 -0.0322   0.1567   0.0107   0.6738   0.2441  -1.2690   0.0127  -0.3838  -0.9268   0.1489 
 -0.0137   0.0396  -0.5103   0.8892   1.2202   0.2227   0.0811  -0.5654  -0.8096   0.1128 
 -0.2290  -0.0361  -0.5386   1.2261   1.0391   1.2134   0.0752  -0.3208  -0.8188   0.0049 
 -0.1851  -0.2686  -0.2354   1.2910   1.3159   1.2261  -0.0952  -0.0571  -0.4844  -0.0220 
 -0.0820  -0.2046  -0.1904   1.5273   2.7144   0.3271  -0.0063  -0.4414   0.0889   0.1802 
 -0.1035   0.0098  -0.2607   1.6851  -1.9688  -0.1050   0.2129  -0.4966  -0.1802   0.2554 
 -0.2251  -0.0381  -0.2983   0.4619  -0.4272  -0.1968   0.1045  -0.0225  -0.6440   0.1074 
 -0.1724  -0.4004  -0.4219   0.8086  -0.7261   0.0469   0.0938  -0.0015  -0.6001   0.2012 
 -0.1382  -0.7832  -0.5024   0.8169   0.5854   0.3018   0.1973  -0.4771  -0.4570   0.5166 
 -0.1226  -0.7568  -0.3032   2.2222   0.7788   0.1426   0.1416  -0.1494  -0.5112   0.5825 
 -0.1665  -0.6372  -0.0176  -0.7681   1.0420   0.1880   0.1187   0.0425  -0.5200   0.7256 
 -0.1143  -0.4663  -0.1353   1.9731   0.3872   0.1699   0.2051  -0.2734  -0.4399   0.9175 
 -0.0186   0.1563  -0.5903  -2.8311  -0.1553   0.3037   0.1421  -0.2354  -0.3945   1.1479 
  0.4507   0.3086  -0.7041  -0.6548  -0.5171   0.1953  -0.0132   0.1152  -0.5757   1.1890 
  0.6885  -0.5308  -0.4458   1.4292   0.1709   0.1304  -0.0317   0.0942  -0.8022   1.3535 
  0.7729  -1.4478  -0.3306   0.5498   0.3501   0.0796   0.1367  -0.1865  -0.7681   1.4697 
  0.8970  -1.1177  -0.4063   0.3071   0.1221   0.1841   0.2744  -0.2144  -0.5166   1.7646 
  1.2510   0.2241  -0.5986   0.3262   0.2280   0.3364   0.2417   0.1714  -0.5327   0.5884 
  1.2290  -0.3721  -0.5713  -0.0713   0.2988   0.2671   0.4727   0.0649  -0.6963   0.3481 
  1.5151  -1.5620  -0.2563   0.4771   0.3794   0.2246   0.8252  -0.0195  -0.8203   0.1470 
  1.7031  -0.4453   0.1602   1.0464   0.2490   0.2280   0.8926   0.1968  -0.5073   0.7017 
  1.0757  -0.2729  -0.4116   0.0830   0.2441   0.1616   0.9629   0.1987  -0.0420   0.8315 
  0.6255  -0.5034  -0.5186  -0.2090   0.2715   0.0640   1.2324   0.2339  -0.1694   3.6655 
  0.3257  -0.1104   0.0532   0.3804   0.4038   0.1479   1.2734   0.2061  -0.5391  -0.8506 
  0.1733   0.0049  -0.0796   1.0732   0.2905   0.2285   1.5376   0.1523  -0.6514  -1.5527 
  3.1396  -0.3833  -0.4048   0.5547   0.2627   0.1587   1.6260   0.1289  -0.5078  -0.3081 
  3.0645  -0.6836  -0.2358   0.0708   0.2832   0.0059  -0.2222   0.1030  -0.7822   0.8896 
  0.2925  -0.2690  -0.2842  -0.0864   0.4971   0.5107   1.0522   0.0703  -0.7764   1.1260 
 -0.9087   0.0693  -0.3379   0.2935   0.3511   0.5249   0.6919   0.1787  -0.5811   0.5684 
 -1.3555   0.0254  -0.1660   0.4028   0.2266   0.0796   1.8467   0.1357  -0.5356  -0.0874 
  0.5723  -0.1440  -0.1436  -0.0249   0.2236  -0.5024   0.4238   0.3892  -0.5884  -0.1431 
  1.4741  -0.4536  -0.4370  -0.0923   0.2783  -0.2603   0.4717   0.7114  -0.6426  -0.2964 
  1.1343  -0.5454  -0.2896   0.4434   0.3091  -0.3433  -3.2813   0.6729  -0.5522   0.2598 
 -0.1318  -0.8936  -0.3672   0.9258   0.1338  -0.0908  -0.7817   0.8438  -0.3916   0.5874 
 -0.0347  -0.4155  -0.3286   0.4111   0.0742   0.0767   1.7983   1.0576  -0.3950   0.3218 
  0.1328  -0.3257  -0.4141   0.0732   0.3169  -0.3447   0.9072   1.0488  -0.3750  -0.0957 
  0.3350  -0.5342  -0.3970   0.0581   0.2886  -0.2759   0.0615   1.2759  -0.4375   0.3364 
  0.0811  -0.2993  -0.2163   0.0405  -0.0137  -0.5107  -0.3218   1.5317  -0.3696   0.3481 
  0.0078  -0.1958   0.1763   0.1289  -0.0039  -0.5645   0.6704   1.5210  -0.3691   0.0703 
  0.0259  -0.2090   0.0913   0.2607   0.1196  -0.5366   0.2158   1.0088  -0.2617   0.2368 
 -0.1787  -0.1929  -0.2612   0.1812   0.2036  -0.3906   0.3286   0.2456  -0.4102   0.2339 
  0.0356  -0.2881  -0.0122  -0.0874   0.1929  -0.3340   0.4360   0.5840  -0.2100   0.1284 
 -0.3135  -0.3452   0.3525   0.0024   0.3174  -0.4863   0.1382   0.4692  -0.2607  -0.0054 
  0.0483  -0.3628   0.0708   0.4224   0.2666  -0.5239   0.3506   1.9326  -0.3887   0.1030 
  0.1846  -0.4121  -0.0493   0.1416   0.1265  -0.3843   0.6157   3.2524  -0.4189   0.2925 
 -0.0933  -0.5786   0.0127   0.1592   0.0342  -0.2188   0.1699   0.0596  -0.1914   0.1064 
 -0.5654  -0.7046  -0.0229   0.3716   0.2505  -0.2124   0.1318  -0.3823  -0.1323   0.0493 
 -0.0835  -0.8823  -0.1021   0.4043   0.0005  -0.2808   0.2959   0.1831  -0.4072   0.4463 
 -0.3906  -0.8662  -0.0132   0.0845  -0.4380  -0.3892   0.2466   0.5220  -0.3589   0.5190 
  0.1719  -0.4951   0.0928   0.3228  -0.0742  -0.3730   0.1011  -0.0371  -0.1060   0.0596 
 -0.3706  -0.2588  -0.0605  -0.0195   0.4209  -0.2285   0.1465   1.3184  -0.3789  -0.1323 
 -0.4248  -0.3374  -0.0747  -0.4819  -0.1094  -0.2114   0.3320   0.9170  -0.4194  -0.5352 
 -0.2603   0.1089  -0.0630  -0.7153  -0.4043  -0.3345   0.4819   0.2925  -0.4458  -0.7681 
 -0.0625   0.5859   0.0293  -0.1333  -0.3770  -0.4004   0.1807  -0.4512  -0.2715  -0.3242 
 -0.9385   0.6011   0.0288   0.9854  -0.4043  -0.3345   0.0459  -0.3105  -0.2017   0.0200 
 -0.9087   0.1104  -0.1367  -0.2412  -0.3135  -0.3926   0.3320   0.6050  -0.2427   0.6206 
 -0.6240  -0.4741   0.0703  -0.1709  -0.5908  -0.4053   0.5610   0.0679  -0.3315   0.9292 
 -0.1113  -0.5620   0.0791  -0.0693  -0.7114  -0.4077   0.2388   0.3403  -0.3066   0.0947 
 -0.7188  -0.2998   0.4751  -0.2505  -0.4531  -0.4219   0.2417   0.8911  -0.3213  -1.4233 
 -0.6211  -0.1865   0.7578  -0.3579  -0.2700  -0.3970   0.2495   0.2520  -0.4380  -0.5518 
 -0.6611  -0.1675   0.8379  -0.4004  -0.3984  -0.4004   0.2686  -0.0015  -0.4976  -0.1958 
 -0.1558  -0.3208   1.0649  -0.4028  -0.2979  -0.4072   0.1748   0.0244  -0.3901  -0.2935 
 -0.0986  -0.5103   1.2427  -0.3408  -0.2158  -0.3979   0.1499   0.3491  -0.4048  -0.4922 
 -0.2969  -0.5532   1.3901  -0.3086  -0.2563  -0.3882   0.1563   0.2891  -0.2886  -0.7319 
 -0.3169  -0.5249   1.3931  -0.3911  -0.2544  -0.4063   0.1226   0.6504  -0.1865  -0.6714 
 -0.3848  -0.4380   1.4536  -0.4136  -0.2241  -0.4258   0.0215   0.0713  -0.2939  -0.0430 
 -0.4224  -0.4517   1.0894  -0.4795  -0.2100  -0.3965  -0.0386   0.1616  -0.3003   0.2778 
 -0.4287  -0.6333   0.2603  -0.4263  -0.2407  -0.3105   0.0156  -0.0576   0.0825   0.1816 
 -0.3882  -0.7480   0.3721  -0.2847  -0.2954  -0.2402   0.1104   0.2588   0.1504  -0.1157 
 -0.3550  -0.7563   0.6724  -0.2842  -0.4663  -0.2202  -0.0269   0.0444  -0.0913  -0.0938 
 -0.4360  -0.8735   2.4126  -0.2827  -0.4966  -0.2051  -0.0498   0.2090  -0.2339  -0.0542 
 -0.4053  -0.8740   2.7407  -0.2832  -0.5107  -0.2324   0.1689  -0.2075   0.0210  -0.0073 
 -0.4004  -0.6021  -0.8574  -0.2378  -0.4512  -0.1968  -0.0156  -0.1064   0.3340  -0.0757 
 -0.2734  -0.5088  -0.4185  -0.1753  -0.3682  -0.1177  -0.2192   0.2002   0.0205  -0.1826 
 -0.4868  -0.6372  -0.8848  -0.2412  -0.3291  -0.0649  -0.5762   0.1450  -0.1875  -0.2500 
 -0.3174  -0.3950   0.3306  -0.3276  -0.3174  -0.0684  -0.8472  -0.0498   0.2202  -0.2793 
 -0.2153  -0.9585   1.9932  -0.3799  -0.2900  -0.0679  -0.2100  -0.3926   0.2612  -0.2813 
 -0.4736  -0.6118   0.8726  -0.3745  -0.2075  -0.0498   0.1567   0.0605  -0.1450  -0.2920 
 -0.3433   0.4414  -0.0303  -0.3594  -0.1763  -0.0542  -0.1055  -0.3496   0.0176  -0.3008 
 -0.2432   0.0469  -0.1816  -0.3569  -0.1611  -0.0874  -0.4526  -0.3652   0.1689  -0.2144 
 -0.4380  -0.2852   0.2974  -0.3789  -0.1870  -0.1450  -0.4854   0.0313   0.0288  -0.2100 
 -0.2798  -0.2456   0.3833  -0.3706  -0.2383  -0.1577  -0.3892  -0.0361   0.0957  -0.2544 
 -0.2700  -0.3599   0.2051  -0.3423  -0.2905  -0.1899  -0.7695  -0.5522   0.0742  -0.2593 
 -0.4360   0.1143   0.4702  -0.3354  -0.2871  -0.2383  -1.1997   0.0527   0.1729  -0.2295 
 -0.3032  -0.1235   0.3779  -0.3418  -0.2485  -0.2231  -0.7808   0.3501   0.0864  -0.2153 
 -0.2725  -0.3062   0.1572  -0.3345  -0.1865  -0.2402  -0.3472  -0.4287   0.0649  -0.2231 
 -0.2354  -0.3799   0.2607  -0.3218  -0.1699  -0.3633  -0.4746  -0.9209   0.0132  -0.2529 
 -0.1836  -0.3833   0.4722  -0.3188  -0.1255  -0.4795  -0.5186  -0.6152  -0.0449  -0.2407 
 -0.1250  -0.1636   0.4341  -0.2593  -0.1074  -0.4580  -0.3540  -0.2524   0.2764  -0.2070 
 -0.0620  -0.0264   0.2549  -0.2012  -0.0806  -0.4287  -0.3545  -0.2979   0.4810  -0.1494 
 -0.0493  -0.0557   0.3530  -0.1621  -0.0552  -0.4717  -0.4321  -0.4614   0.6294  -0.1016 
 -0.0249  -0.2563   0.2363  -0.1191  -0.0322  -0.5313  -0.3770  -0.3813   0.9126  -0.0801 
 -0.0342  -0.4736   0.3198  -0.1113  -0.1738  -0.5674  -0.2871  -0.1309   0.9351  -0.0815 
 -0.0317  -0.1475   0.1890  -0.0928  -0.1367  -0.5439  -0.3330  -0.4517   1.0303  -0.0728 
  0.0254  -0.0977   0.1792  -0.0869  -0.1777  -0.4917  -0.3921  -0.4121   1.2417  -0.0591 
  0.0474  -0.1274   0.0889  -0.0537  -0.1616  -0.4683  -0.4165  -0.0039   1.7085  -0.0605 
 -0.0498  -0.0601   0.0933  -0.0029  -0.1543  -0.4790  -0.4243  -0.2485   1.3472  -0.0513 
 -0.0234   0.0142   0.0659  -0.0273  -0.1851  -0.4717  -0.3999  -0.2314   0.2051  -0.0425 
 -0.0420  -0.0117   0.0562  -0.0381  -0.1904  -0.4771  -0.3906  -0.1704   0.5684  -0.0327 
 -0.1572  -0.1040   0.0566  -0.0913  -0.1226  -0.4634  -0.4370  -0.4536   0.8501  -0.0542 
 -0.0903  -0.1050   0.0200  -0.0942  -0.2051  -0.3965  -0.4604  -0.3081   1.2437  -0.0601 
 -0.0273   0.1504   0.0752  -0.0884  -0.4004  -0.3647  -0.4795  -0.4141  -0.8076  -0.0771 
 -0.1260  -0.1172   0.1250  -0.0942  -0.5381  -0.3301  -0.4595  -0.3740  -5.1709  -0.0747 
 -0.2764  -0.1104   0.1279  -0.1216  -0.6270  -0.3340  -0.4272  -0.3516   2.1045  -0.0659 
 -0.2896   0.1382   0.0967  -0.1489  -0.4756  -0.4102  -0.3916  -0.2979  -0.3076  -0.0884 
 -0.2676   0.0190   0.1851  -0.3271  -0.3257  -0.4160  -0.3955  -0.2666   4.8501  -0.1250 
 -0.3604  -0.1240   0.3975  -0.2954  -0.3398  -0.3965  -0.4595  -0.2490   0.8574  -0.1313 
 -0.4492  -0.0156   0.1821  -0.1948  -0.4541  -0.4053  -0.4917  -0.2554  -0.5410  -0.1328 
 -0.4478   0.1509  -0.0142  -0.2661  -0.4893  -0.4019  -0.4761  -0.2939  -0.3789  -0.1309 
 -0.5195   0.0879   0.1401  -0.3608  -0.4565  -0.4399  -0.4292  -0.2886   0.8130  -0.1528 
 -0.6333   0.3052   0.3555  -0.3516  -0.4565  -0.5459  -0.3999  -0.3213   1.1538  -0.1636 
 -0.6387   0.6123   0.3594  -0.3652  -0.4121  -0.5220  -0.3809  -0.3916   0.2217  -0.1924 
 -0.5381   0.8037   0.0835  -0.4634  -0.3794  -0.4736  -0.3535  -0.3721   0.4902  -0.0786 
 -0.5459   0.8896   0.1357  -0.4199  -0.3765  -0.4263  -0.3140  -0.3164   0.6890  -0.0039 
 -0.5991   1.2139   0.3638  -0.5239  -0.3931  -0.4097  -0.2817  -0.4038   0.2104  -0.0537 
 -0.5781   1.3682   0.4141  -0.6299  -0.3867  -0.3813  -0.2690  -0.4009   0.1650  -0.2378 
 -0.4966   1.3242   0.2622  -0.6333  -0.3423  -0.3745  -0.2373  -0.2480   0.5220  -0.1631 
 -0.4336   1.5723   0.1733  -0.6157  -0.3228  -0.3579  -0.1909  -0.2505   0.8433  -0.0430 
 -0.3994   1.3721   0.2573  -0.5542  -0.2183  -0.3652  -0.1274  -0.1646   0.7021  -0.0264 
 -0.3467   0.4702   0.3267  -0.4287  -0.2417  -0.3296  -0.1333  -0.1519   0.5845  -0.0522 
 -0.2773   0.8042   0.4189  -0.2847  -0.2612  -0.2881  -0.1563  -0.1362   0.3950  -0.0776 
 -0.3198   0.8325   0.2969  -0.2568  -0.2749  -0.2607  -0.1704  -0.1221   0.4683  -0.1274 
 -0.4087   1.1128   0.3008  -0.2866  -0.2031  -0.2637  -0.1313  -0.1011   0.6338  -0.2119 
 -0.4800   1.2622   0.3765  -0.3047  -0.1543  -0.2759  -0.1245  -0.0928   0.5186  -0.3218 
 -0.4272  -3.4077   0.3716  -0.3452  -0.1816  -0.2383  -0.1816  -0.0801   0.4307  -0.3740 
 -0.3677   0.5181   0.3223  -0.3682  -0.2402   0.0000  -0.2441  -0.1001   0.4854   0.0000 
 -0.3657   1.5015   0.2920  -0.3467  -0.3501   0.0000  -0.2446  -0.1108   0.3647   0.0000 
 -0.4771   1.3770   0.3662  -0.3623  -0.2959   0.0000  -0.2339  -0.1377   0.5605   0.0000 
 -0.5864   1.6333   0.4331  -0.4248  -0.2266   0.0000  -0.2466  -0.1416   0.4780   0.0000 
 -0.6138  -0.2041   0.2871  -0.4351  -0.2710   0.0000  -0.2983  -0.1675   0.2412   0.0000 
  0.0000  -0.3716   0.2993  -0.4233  -0.3096   0.0000  -0.3369  -0.1782  -0.0142   0.0000 
  0.0000   1.2988   0.3633  -0.4058  -0.3657   0.0000  -0.3804  -0.2285  -0.0200   0.0000 
  0.0000   0.9131   0.4648  -0.4180  -0.2617   0.0000  -0.3984  -0.2827   0.0557   0.0000 
  0.0000   0.0527   0.4565  -0.4546  -0.2280   0.0000  -0.4399  -0.2646   0.0059   0.0000 
  0.0000  -0.1855   0.3296  -0.4878  -0.3218   0.0000  -0.4722  -0.2437   0.1611   0.0000 
  0.0000   0.3931   0.1738  -0.5039  -0.3140   0.0000  -0.4644  -0.2227  -0.1021   0.0000 
  0.0000   0.7397   0.2729  -0.5068  -0.2983   0.0000   0.0000  -0.2544  -0.0864   0.0000 
  0.0000   0.5713   0.5645  -0.5034  -0.3018   0.0000   0.0000   0.0000  -0.2109   0.0000 
  0.0000   0.0859   0.3042  -0.4893  -0.3477   0.0000   0.0000   0.0000   0.0332   0.0000 
  0.0000   0.3013  -0.0674  -0.4629  -0.3784   0.0000   0.0000   0.0000   0.1167   0.0000 
  0.0000   0.4517   0.0391  -0.4458  -0.4990   0.0000   0.0000   0.0000   0.0161   0.0000 
  0.0000   0.7344   0.2427  -0.4297  -0.3018   0.0000   0.0000   0.0000  -0.0122   0.0000 
  0.0000   0.5918  -0.1553  -0.4058  -0.2104   0.0000   0.0000   0.0000   0.0796   0.0000 
  0.0000   0.4194  -0.4453  -0.3789  -0.2178   0.0000   0.0000   0.0000  -0.0313   0.0000 
  0.0000   0.3145  -0.1816  -0.3403  -0.4858   0.0000   0.0000   0.0000  -0.6450   0.0000 
  0.0000   0.3438   0.1655  -0.3267  -0.5259   0.0000   0.0000   0.0000  -0.2197   0.0000 
  0.0000   0.5527   0.0986  -0.3076  -0.2998   0.0000   0.0000   0.0000   0.0840   0.0000 
  0.0000   0.5317  -0.0225  -0.2568  -0.3462   0.0000   0.0000   0.0000  -0.2114   0.0000 
  0.0000   0.4116  -0.1387  -0.2104  -0.2632   0.0000   0.0000   0.0000  -0.1924   0.0000 
  0.0000   0.4243  -0.0435  -0.1748   0.0200   0.0000   0.0000   0.0000  -0.1060   0.0000 
  0.0000   0.4478  -0.0820  -0.1641  -0.7515   0.0000   0.0000   0.0000  -0.2632   0.0000 
  0.0000   0.4600  -0.0249  -0.1597  -0.3384   0.0000   0.0000   0.0000  -0.3037   0.0000 
  0.0000   0.5166   0.2915  -0.1567   1.0596   0.0000   0.0000   0.0000  -0.4814   0.0000 
  0.0000   0.4233   0.1924  -0.1162  -1.1606   0.0000   0.0000   0.0000  -0.5430   0.0000 
  0.0000   0.3940  -0.1260  -0.0698  -1.1709   0.0000   0.0000   0.0000  -0.4331   0.0000 
  0.0000   0.3706  -0.0630   0.0000  -2.0645   0.0000   0.0000   0.0000  -0.2075   0.0000 
  0.0000   0.4604   0.1147   0.0000  -0.9233   0.0000   0.0000   0.0000  -0.1411   0.0000 
  0.0000   0.4907   0.3828   0.0000  -0.1821   0.0000   0.0000   0.0000  -0.3081   0.0000 
  0.0000   0.5161   0.3198   0.0000  -0.5713   0.0000   0.0000   0.0000  -0.4253   0.0000 
  0.0000   0.4233   0.2480   0.0000  -0.8745   0.0000   0.0000   0.0000  -0.3667   0.0000 
  0.0000   0.3867   0.0977   0.0000  -0.8135   0.0000   0.0000   0.0000  -0.3081   0.0000 
  0.0000   0.4043   0.0718   0.0000  -0.5947   0.0000   0.0000   0.0000  -0.2871   0.0000 
  0.0000   0.4287   0.0806   0.0000  -0.5024   0.0000   0.0000   0.0000  -0.3750   0.0000 
  0.0000   0.3843   0.0469   0.0000  -0.5449   0.0000   0.0000   0.0000  -0.4307   0.0000 
  0.0000   0.3755  -0.0840   0.0000  -0.3550   0.0000   0.0000   0.0000  -0.5059   0.0000 
  0.0000   0.3633   0.0313   0.0000  -0.0928   0.0000   0.0000   0.0000  -0.5879   0.0000 
  0.0000   0.3511   0.1479   0.0000  -0.0015   0.0000   0.0000   0.0000  -0.6094   0.0000 
  0.0000   0.4014  -0.1802   0.0000  -0.4546   0.0000   0.0000   0.0000  -0.5176   0.0000 
  0.0000   0.4888   0.0151   0.0000  -0.8799   0.0000   0.0000   0.0000  -0.4458   0.0000 
  0.0000   0.4219  -0.1763   0.0000  -0.5474   0.0000   0.0000   0.0000  -0.4165   0.0000 
  0.0000   0.3745  -0.3394   0.0000  -0.4385   0.0000   0.0000   0.0000  -0.4292   0.0000 
  0.0000   0.3149   0.4585   0.0000  -0.6572   0.0000   0.0000   0.0000  -0.4673   0.0000 
  0.0000   0.3413  -0.1309   0.0000  -0.7065   0.0000   0.0000   0.0000  -0.4946   0.0000 
  0.0000   0.3364  -0.5435   0.0000  -0.4907   0.0000   0.0000   0.0000  -0.5010   0.0000 
  0.0000   0.2280  -0.0195   0.0000  -0.1909   0.0000   0.0000   0.0000  -0.5039   0.0000 
  0.0000   0.0962   0.2441   0.0000  -0.3389   0.0000   0.0000   0.0000  -0.4697   0.0000 
  0.0000   0.0459  -0.1660   0.0000  -0.6733   0.0000   0.0000   0.0000  -0.4224   0.0000 
  0.0000   0.0288  -0.5361   0.0000  -0.4463   0.0000   0.0000   0.0000  -0.3716   0.0000 
  0.0000   0.0142  -0.8452   0.0000  -0.3774   0.0000   0.0000   0.0000  -0.3438   0.0000 
  0.0000  -0.1553  -0.6294   0.0000  -0.6138   0.0000   0.0000   0.0000  -0.2720   0.0000 
  0.0000  -0.3506  -0.2778   0.0000  -0.4028   0.0000   0.0000   0.0000  -0.1987   0.0000 
  0.0000  -0.4814  -0.1387   0.0000  -0.4736   0.0000   0.0000   0.0000  -0.1567   0.0000 
  0.0000  -0.5054  -0.4961   0.0000  -0.6255   0.0000   0.0000   0.0000  -0.1528   0.0000 
  0.0000  -0.5371  -0.2642   0.0000  -0.3945   0.0000   0.0000   0.0000  -0.0947   0.0000 
  0.0000  -0.4624  -0.0117   0.0000  -0.1836   0.0000   0.0000   0.0000  -0.0444   0.0000 
  0.0000  -0.5112  -0.2031   0.0000  -0.4819   0.0000   0.0000   0.0000  -0.0132   0.0000 
  0.0000  -0.5933  -0.5537   0.0000  -0.4722   0.0000   0.0000   0.0000  -0.0278   0.0000 
  0.0000  -0.1958  -0.3940   0.0000  -0.5034   0.0000   0.0000   0.0000   0.0166   0.0000 
  0.0000  -0.1001  -0.2207   0.0000  -0.3125   0.0000   0.0000   0.0000   0.0532   0.0000 
  0.0000  -0.6118  -0.0898   0.0000  -0.7236   0.0000   0.0000   0.0000   0.0723   0.0000 
  0.0000  -0.6929  -0.3281   0.0000  -0.7515   0.0000   0.0000   0.0000   0.0859   0.0000 
  0.0000  -0.4932  -0.5708   0.0000  -0.4414   0.0000   0.0000   0.0000   0.1172   0.0000 
  0.0000  -0.3218  -0.5884   0.0000  -0.1899   0.0000   0.0000   0.0000   0.1074   0.0000 
  0.0000  -0.7490  -0.1948   0.0000  -0.3989   0.0000   0.0000   0.0000   0.0522   0.0000 
  0.0000  -0.9346  -0.2139   0.0000  -0.5474   0.0000   0.0000   0.0000  -0.0127   0.0000 
  0.0000  -0.6484  -0.3750   0.0000  -0.5093   0.0000   0.0000   0.0000   0.0068   0.0000 
  0.0000  -0.5156  -0.3853   0.0000  -0.4038   0.0000   0.0000   0.0000  -0.0752   0.0000 
  0.0000  -0.5161  -0.2793   0.0000  -0.4160   0.0000   0.0000   0.0000  -0.2231   0.0000 
  0.0000  -0.4136   0.0000   0.0000  -0.4409   0.0000   0.0000   0.0000  -0.2764   0.0000 
  0.0000  -0.4697   0.0000   0.0000  -0.5767   0.0000   0.0000   0.0000  -0.2036   0.0000 
  0.0000  -0.4551   0.0000   0.0000  -0.4941   0.0000   0.0000   0.0000  -0.2256   0.0000 
  0.0000  -0.3408   0.0000   0.0000  -0.5479   0.0000   0.0000   0.0000  -0.3130   0.0000 
  0.0000  -0.2915   0.0000   0.0000  -0.4990   0.0000   0.0000   0.0000  -0.4526   0.0000 
  0.0000  -0.2666   0.0000   0.0000  -0.4150   0.0000   0.0000   0.0000  -0.5244   0.0000 
  0.0000  -0.2192   0.0000   0.0000  -0.3838   0.0000   0.0000   0.0000  -0.5151   0.0000 
  0.0000  -0.4385   0.0000   0.0000  -0.3662   0.0000   0.0000   0.0000  -0.5781   0.0000 
  0.0000  -0.5791   0.0000   0.0000  -0.3999   0.0000   0.0000   0.0000  -0.5103   0.0000 
  0.0000  -0.5640   0.0000   0.0000  -0.3799   0.0000   0.0000   0.0000  -0.6108   0.0000 
  0.0000  -0.5264   0.0000   0.0000  -0.3765   0.0000   0.0000   0.0000  -0.6821   0.0000 
  0.0000  -0.4702   0.0000   0.0000  -0.3013   0.0000   0.0000   0.0000   0.0000   0.0000 
  0.0000  -0.6289   0.0000   0.0000  -0.1782   0.0000   0.0000   0.0000   0.0000   0.0000 
  0.0000  -0.8135   0.0000   0.0000  -0.1230   0.0000   0.0000   0.0000   0.0000   0.0000 
  0.0000  -0.8340   0.0000   0.0000  -0.2319   0.0000   0.0000   0.0000   0.0000   0.0000 
  0.0000  -0.4019   0.0000   0.0000  -0.3076   0.0000   0.0000   0.0000   0.0000   0.0000 
  0.0000  -0.2778   0.0000   0.0000  -0.1274   0.0000   0.0000   0.0000   0.0000   0.0000 
  0.0000  -0.4868   0.0000   0.0000   0.0005   0.0000   0.0000   0.0000   0.0000   0.0000 
  0.0000  -0.5649   0.0000   0.0000  -0.1006   0.0000   0.0000   0.0000   0.0000   0.0000 
  0.0000  -0.3940   0.0000   0.0000   0.0000   0.0000   0.0000   0.0000   0.0000   0.0000 
  0.0000  -0.2314   0.0000   0.0000   0.0000   0.0000   0.0000   0.0000   0.0000   0.0000 
  0.0000  -0.2959   0.0000   0.0000   0.0000   0.0000   0.0000   0.0000   0.0000   0.0000 
  0.0000  -0.3389   0.0000   0.0000   0.0000   0.0000   0.0000   0.0000   0.0000   0.0000 
  0.0000  -0.1650   0.0000   0.0000   0.0000   0.0000   0.0000   0.0000   0.0000   0.0000 
  0.0000   0.0000   0.0000   0.0000   0.0000   0.0000   0.0000   0.0000   0.0000   0.0000 
  0.0000  -0.0068   0.0000   0.0000   0.0000   0.0000   0.0000   0.0000   0.0000   0.0000 
  0.0000  -0.1182   0.0000   0.0000   0.0000   0.0000   0.0000   0.0000   0.0000   0.0000 
  0.0000   0.0122   0.0000   0.0000   0.0000   0.0000   0.0000   0.0000   0.0000   0.0000 
  0.0000   0.1284   0.0000   0.0000   0.0000   0.0000   0.0000   0.0000   0.0000   0.0000 
  0.0000   0.0000   0.0000   0.0000   0.0000   0.0000   0.0000   0.0000   0.0000   0.0000 
  0.0000   0.0000   0.0000   0.0000   0.0000   0.0000   0.0000   0.0000   0.0000   0.0000 
  0.0000   0.0000   0.0000   0.0000   0.0000   0.0000   0.0000   0.0000   0.0000   0.0000 
  0.0000   0.0000   0.0000   0.0000   0.0000   0.0000   0.0000   0.0000   0.0000   0.0000 
  0.0000   0.0000   0.0000   0.0000   0.0000   0.0000   0.0000   0.0000   0.0000   0.0000 
  0.0000   0.0000   0.0000   0.0000   0.0000   0.0000   0.0000   0.0000   0.0000   0.0000 
  0.0000   0.0000   0.0000   0.0000   0.0000   0.0000   0.0000   0.0000   0.0000   0.0000 
  0.0000   0.0000   0.0000   0.0000   0.0000   0.0000   0.0000   0.0000   0.0000   0.0000 
  0.0000   0.0000   0.0000   0.0000   0.0000   0.0000   0.0000   0.0000   0.0000   0.0000 
  0.0000   0.0000   0.0000   0.0000   0.0000   0.0000   0.0000   0.0000   0.0000   0.0000 
  0.0000   0.0000   0.0000   0.0000   0.0000   0.0000   0.0000   0.0000   0.0000   0.0000 
  0.0000   0.0000   0.0000   0.0000   0.0000   0.0000   0.0000   0.0000   0.0000   0.0000 
  0.0000   0.0000   0.0000   0.0000   0.0000   0.0000   0.0000   0.0000   0.0000   0.0000 
  0.0000   0.0000   0.0000   0.0000   0.0000   0.0000   0.0000   0.0000   0.0000   0.0000 
  0.0000   0.0000   0.0000   0.0000   0.0000   0.0000   0.0000   0.0000   0.0000   0.0000 
  0.0000   0.0000   0.0000   0.0000   0.0000   0.0000   0.0000   0.0000   0.0000   0.0000 
  0.0000   0.0000   0.0000   0.0000   0.0000   0.0000   0.0000   0.0000   0.0000   0.0000 
  0.0000   0.0000   0.0000   0.0000   0.0000   0.0000   0.0000   0.0000   0.0000   0.0000 
  0.0000   0.0000   0.0000   0.0000   0.0000   0.0000   0.0000   0.0000   0.0000   0.0000 
  0.0000   0.0000   0.0000   0.0000   0.0000   0.0000   0.0000   0.0000   0.0000   0.0000 
  0.0000   0.0000   0.0000   0.0000   0.0000   0.0000   0.0000   0.0000   0.0000   0.0000 
  0.0000   0.0000   0.0000   0.0000   0.0000   0.0000   0.0000   0.0000   0.0000   0.0000 
  0.0000   0.0000   0.0000   0.0000   0.0000   0.0000   0.0000   0.0000   0.0000   0.0000 
  0.0000   0.0000   0.0000   0.0000   0.0000   0.0000   0.0000   0.0000   0.0000   0.0000 
  0.0000   0.0000   0.0000   0.0000   0.0000   0.0000   0.0000   0.0000   0.0000   0.0000 
  0.0000   0.0000   0.0000   0.0000   0.0000   0.0000   0.0000   0.0000   0.0000   0.0000 
  0.0000   0.0000   0.0000   0.0000   0.0000   0.0000   0.0000   0.0000   0.0000   0.0000 
  0.0000   0.0000   0.0000   0.0000   0.0000   0.0000   0.0000   0.0000   0.0000   0.0000 
  0.0000   0.0000   0.0000   0.0000   0.0000   0.0000   0.0000   0.0000   0.0000   0.0000 
  0.0000   0.0000   0.0000   0.0000   0.0000   0.0000   0.0000   0.0000   0.0000   0.0000 
  0.0000   0.0000   0.0000   0.0000   0.0000   0.0000   0.0000   0.0000   0.0000   0.0000 
  0.0000   0.0000   0.0000   0.0000   0.0000   0.0000   0.0000   0.0000   0.0000   0.0000 
  0.0000   0.0000   0.0000   0.0000   0.0000   0.0000   0.0000   0.0000   0.0000   0.0000 
  0.0000   0.0000   0.0000   0.0000   0.0000   0.0000   0.0000   0.0000   0.0000   0.0000 
  0.0000   0.0000   0.0000   0.0000   0.0000   0.0000   0.0000   0.0000   0.0000   0.0000 
  0.0000   0.0000   0.0000   0.0000   0.0000   0.0000   0.0000   0.0000   0.0000   0.0000 
  0.0000   0.0000   0.0000   0.0000   0.0000   0.0000   0.0000   0.0000   0.0000   0.0000 
  0.0000   0.0000   0.0000   0.0000   0.0000   0.0000   0.0000   0.0000   0.0000   0.0000 
  0.0000   0.0000   0.0000   0.0000   0.0000   0.0000   0.0000   0.0000   0.0000   0.0000 
  0.0000   0.0000   0.0000   0.0000   0.0000   0.0000   0.0000   0.0000   0.0000   0.0000 
  0.0000   0.0000   0.0000   0.0000   0.0000   0.0000   0.0000   0.0000   0.0000   0.0000 
  0.0000   0.0000   0.0000   0.0000   0.0000   0.0000   0.0000   0.0000   0.0000   0.0000 
  0.0000   0.0000   0.0000   0.0000   0.0000   0.0000   0.0000   0.0000   0.0000   0.0000 
  0.0000   0.0000   0.0000   0.0000   0.0000   0.0000   0.0000   0.0000   0.0000   0.0000 
  0.0000   0.0000   0.0000   0.0000   0.0000   0.0000   0.0000   0.0000   0.0000   0.0000 
  0.0000   0.0000   0.0000   0.0000   0.0000   0.0000   0.0000   0.0000   0.0000   0.0000 
  0.0000   0.0000   0.0000   0.0000   0.0000   0.0000   0.0000   0.0000   0.0000   0.0000 
  0.0000   0.0000   0.0000   0.0000   0.0000   0.0000   0.0000   0.0000   0.0000   0.0000 
  0.0000   0.0000   0.0000   0.0000   0.0000   0.0000   0.0000   0.0000   0.0000   0.0000 
  0.0000   0.0000   0.0000   0.0000   0.0000   0.0000   0.0000   0.0000   0.0000   0.0000 
  0.0000   0.0000   0.0000   0.0000   0.0000   0.0000   0.0000   0.0000   0.0000   0.0000 
  0.0000   0.0000   0.0000   0.0000   0.0000   0.0000   0.0000   0.0000   0.0000   0.0000 
  0.0000   0.0000   0.0000   0.0000   0.0000   0.0000   0.0000   0.0000   0.0000   0.0000 
  0.0000   0.0000   0.0000   0.0000   0.0000   0.0000   0.0000   0.0000   0.0000   0.0000 
  0.0000   0.0000   0.0000   0.0000   0.0000   0.0000   0.0000   0.0000   0.0000   0.0000 
  0.0000   0.0000   0.0000   0.0000   0.0000   0.0000   0.0000   0.0000   0.0000   0.0000 
  0.0000   0.0000   0.0000   0.0000   0.0000   0.0000   0.0000   0.0000   0.0000   0.0000 
  0.0000   0.0000   0.0000   0.0000   0.0000   0.0000   0.0000   0.0000   0.0000   0.0000 
  0.0000   0.0000   0.0000   0.0000   0.0000   0.0000   0.0000   0.0000   0.0000   0.0000 
  0.0000   0.0000   0.0000   0.0000   0.0000   0.0000   0.0000   0.0000   0.0000   0.0000 
  0.0000   0.0000   0.0000   0.0000   0.0000   0.0000   0.0000   0.0000   0.0000   0.0000 
  0.0000   0.0000   0.0000   0.0000   0.0000   0.0000   0.0000   0.0000   0.0000   0.0000 
  0.0000   0.0000   0.0000   0.0000   0.0000   0.0000   0.0000   0.0000   0.0000   0.0000 
  0.0000   0.0000   0.0000   0.0000   0.0000   0.0000   0.0000   0.0000   0.0000   0.0000 
  0.0000   0.0000   0.0000   0.0000   0.0000   0.0000   0.0000   0.0000   0.0000   0.0000 
  0.0000   0.0000   0.0000   0.0000   0.0000   0.0000   0.0000   0.0000   0.0000   0.0000 
  0.0000   0.0000   0.0000   0.0000   0.0000   0.0000   0.0000   0.0000   0.0000   0.0000 
  0.0000   0.0000   0.0000   0.0000   0.0000   0.0000   0.0000   0.0000   0.0000   0.0000 
  0.0000   0.0000   0.0000   0.0000   0.0000   0.0000   0.0000   0.0000   0.0000   0.0000 
  0.0000   0.0000   0.0000   0.0000   0.0000   0.0000   0.0000   0.0000   0.0000   0.0000 
  0.0000   0.0000   0.0000   0.0000   0.0000   0.0000   0.0000   0.0000   0.0000   0.0000 
  0.0000   0.0000   0.0000   0.0000   0.0000   0.0000   0.0000   0.0000   0.0000   0.0000 
  0.0000   0.0000   0.0000   0.0000   0.0000   0.0000   0.0000   0.0000   0.0000   0.0000 
  0.0000   0.0000   0.0000   0.0000   0.0000   0.0000   0.0000   0.0000   0.0000   0.0000 
  0.0000   0.0000   0.0000   0.0000   0.0000   0.0000   0.0000   0.0000   0.0000   0.0000 
  0.0000   0.0000   0.0000   0.0000   0.0000   0.0000   0.0000   0.0000   0.0000   0.0000 
  0.0000   0.0000   0.0000   0.0000   0.0000   0.0000   0.0000   0.0000   0.0000   0.0000 
  0.0000   0.0000   0.0000   0.0000   0.0000   0.0000   0.0000   0.0000   0.0000   0.0000 
  0.0000   0.0000   0.0000   0.0000   0.0000   0.0000   0.0000   0.0000   0.0000   0.0000 
  0.0000   0.0000   0.0000   0.0000   0.0000   0.0000   0.0000   0.0000   0.0000   0.0000 
  0.0000   0.0000   0.0000   0.0000   0.0000   0.0000   0.0000   0.0000   0.0000   0.0000 
  0.0000   0.0000   0.0000   0.0000   0.0000   0.0000   0.0000   0.0000   0.0000   0.0000 
  0.0000   0.0000   0.0000   0.0000   0.0000   0.0000   0.0000   0.0000   0.0000   0.0000 
  0.0000   0.0000   0.0000   0.0000   0.0000   0.0000   0.0000   0.0000   0.0000   0.0000 
  0.0000   0.0000   0.0000   0.0000   0.0000   0.0000   0.0000   0.0000   0.0000   0.0000 
  0.0000   0.0000   0.0000   0.0000   0.0000   0.0000   0.0000   0.0000   0.0000   0.0000 
  0.0000   0.0000   0.0000   0.0000   0.0000   0.0000   0.0000   0.0000   0.0000   0.0000 
  0.0000   0.0000   0.0000   0.0000   0.0000   0.0000   0.0000   0.0000   0.0000   0.0000 
  0.0000   0.0000   0.0000   0.0000   0.0000   0.0000   0.0000   0.0000   0.0000   0.0000 
  0.0000   0.0000   0.0000   0.0000   0.0000   0.0000   0.0000   0.0000   0.0000   0.0000 
  0.0000   0.0000   0.0000   0.0000   0.0000   0.0000   0.0000   0.0000   0.0000   0.0000 
  0.0000   0.0000   0.0000   0.0000   0.0000   0.0000   0.0000   0.0000   0.0000   0.0000 
  0.0000   0.0000   0.0000   0.0000   0.0000   0.0000   0.0000   0.0000   0.0000   0.0000 
  0.0000   0.0000   0.0000   0.0000   0.0000   0.0000   0.0000   0.0000   0.0000   0.0000 
  0.0000   0.0000   0.0000   0.0000   0.0000   0.0000   0.0000   0.0000   0.0000   0.0000 
  0.0000   0.0000   0.0000   0.0000   0.0000   0.0000   0.0000   0.0000   0.0000   0.0000 
  0.0000   0.0000   0.0000   0.0000   0.0000   0.0000   0.0000   0.0000   0.0000   0.0000 
  0.0000   0.0000   0.0000   0.0000   0.0000   0.0000   0.0000   0.0000   0.0000   0.0000 
  0.0000   0.0000   0.0000   0.0000   0.0000   0.0000   0.0000   0.0000   0.0000   0.0000 
  0.0000   0.0000   0.0000   0.0000   0.0000   0.0000   0.0000   0.0000   0.0000   0.0000 
  0.0000   0.0000   0.0000   0.0000   0.0000   0.0000   0.0000   0.0000   0.0000   0.0000 
  0.0000   0.0000   0.0000   0.0000   0.0000   0.0000   0.0000   0.0000   0.0000   0.0000 
  0.0000   0.0000   0.0000   0.0000   0.0000   0.0000   0.0000   0.0000   0.0000   0.0000 
  0.0000   0.0000   0.0000   0.0000   0.0000   0.0000   0.0000   0.0000   0.0000   0.0000 
  0.0000   0.0000   0.0000   0.0000   0.0000   0.0000   0.0000   0.0000   0.0000   0.0000 
  0.0000   0.0000   0.0000   0.0000   0.0000   0.0000   0.0000   0.0000   0.0000   0.0000 
  0.0000   0.0000   0.0000   0.0000   0.0000   0.0000   0.0000   0.0000   0.0000   0.0000 
  0.0000   0.0000   0.0000   0.0000   0.0000   0.0000   0.0000   0.0000   0.0000   0.0000 
  0.0000   0.0000   0.0000   0.0000   0.0000   0.0000   0.0000   0.0000   0.0000   0.0000 
  0.0000   0.0000   0.0000   0.0000   0.0000   0.0000   0.0000   0.0000   0.0000   0.0000 
  0.0000   0.0000   0.0000   0.0000   0.0000   0.0000   0.0000   0.0000   0.0000   0.0000 
  0.0000   0.0000   0.0000   0.0000   0.0000   0.0000   0.0000   0.0000   0.0000   0.0000 
  0.0000   0.0000   0.0000   0.0000   0.0000   0.0000   0.0000   0.0000   0.0000   0.0000 
  0.0000   0.0000   0.0000   0.0000   0.0000   0.0000   0.0000   0.0000   0.0000   0.0000 
  0.0000   0.0000   0.0000   0.0000   0.0000   0.0000   0.0000   0.0000   0.0000   0.0000 
  0.0000   0.0000   0.0000   0.0000   0.0000   0.0000   0.0000   0.0000   0.0000   0.0000 
  0.0000   0.0000   0.0000   0.0000   0.0000   0.0000   0.0000   0.0000   0.0000   0.0000 
  0.0000   0.0000   0.0000   0.0000   0.0000   0.0000   0.0000   0.0000   0.0000   0.0000 
  0.0000   0.0000   0.0000   0.0000   0.0000   0.0000   0.0000   0.0000   0.0000   0.0000 
  0.0000   0.0000   0.0000   0.0000   0.0000   0.0000   0.0000   0.0000   0.0000   0.0000 
  0.0000   0.0000   0.0000   0.0000   0.0000   0.0000   0.0000   0.0000   0.0000   0.0000 
  0.0000   0.0000   0.0000   0.0000   0.0000   0.0000   0.0000   0.0000   0.0000   0.0000 
  0.0000   0.0000   0.0000   0.0000   0.0000   0.0000   0.0000   0.0000   0.0000   0.0000 
  0.0000   0.0000   0.0000   0.0000   0.0000   0.0000   0.0000   0.0000   0.0000   0.0000 
  0.0000   0.0000   0.0000   0.0000   0.0000   0.0000   0.0000   0.0000   0.0000   0.0000 
  0.0000   0.0000   0.0000   0.0000   0.0000   0.0000   0.0000   0.0000   0.0000   0.0000 
  0.0000   0.0000   0.0000   0.0000   0.0000   0.0000   0.0000   0.0000   0.0000   0.0000 
  0.0000   0.0000   0.0000   0.0000   0.0000   0.0000   0.0000   0.0000   0.0000   0.0000 
  0.0000   0.0000   0.0000   0.0000   0.0000   0.0000   0.0000   0.0000   0.0000   0.0000 
  0.0000   0.0000   0.0000   0.0000   0.0000   0.0000   0.0000   0.0000   0.0000   0.0000 
  0.0000   0.0000   0.0000   0.0000   0.0000   0.0000   0.0000   0.0000   0.0000   0.0000 
  0.0000   0.0000   0.0000   0.0000   0.0000   0.0000   0.0000   0.0000   0.0000   0.0000 
  0.0000   0.0000   0.0000   0.0000   0.0000   0.0000   0.0000   0.0000   0.0000   0.0000 
  0.0000   0.0000   0.0000   0.0000   0.0000   0.0000   0.0000   0.0000   0.0000   0.0000 
  0.0000   0.0000   0.0000   0.0000   0.0000   0.0000   0.0000   0.0000   0.0000   0.0000 
  0.0000   0.0000   0.0000   0.0000   0.0000   0.0000   0.0000   0.0000   0.0000   0.0000 
  0.0000   0.0000   0.0000   0.0000   0.0000   0.0000   0.0000   0.0000   0.0000   0.0000 
  0.0000   0.0000   0.0000   0.0000   0.0000   0.0000   0.0000   0.0000   0.0000   0.0000 
  0.0000   0.0000   0.0000   0.0000   0.0000   0.0000   0.0000   0.0000   0.0000   0.0000 
  0.0000   0.0000   0.0000   0.0000   0.0000   0.0000   0.0000   0.0000   0.0000   0.0000 
  0.0000   0.0000   0.0000   0.0000   0.0000   0.0000   0.0000   0.0000   0.0000   0.0000 
  0.0000   0.0000   0.0000   0.0000   0.0000   0.0000   0.0000   0.0000   0.0000   0.0000 
  0.0000   0.0000   0.0000   0.0000   0.0000   0.0000   0.0000   0.0000   0.0000   0.0000 
  0.0000   0.0000   0.0000   0.0000   0.0000   0.0000   0.0000   0.0000   0.0000   0.0000 
  0.0000   0.0000   0.0000   0.0000   0.0000   0.0000   0.0000   0.0000   0.0000   0.0000 
  0.0000   0.0000   0.0000   0.0000   0.0000   0.0000   0.0000   0.0000   0.0000   0.0000 
  0.0000   0.0000   0.0000   0.0000   0.0000   0.0000   0.0000   0.0000   0.0000   0.0000 
  0.0000   0.0000   0.0000   0.0000   0.0000   0.0000   0.0000   0.0000   0.0000   0.0000 
  0.0000   0.0000   0.0000   0.0000   0.0000   0.0000   0.0000   0.0000   0.0000   0.0000 
  0.0000   0.0000   0.0000   0.0000   0.0000   0.0000   0.0000   0.0000   0.0000   0.0000 
  0.0000   0.0000   0.0000   0.0000   0.0000   0.0000   0.0000   0.0000   0.0000   0.0000 
  0.0000   0.0000   0.0000   0.0000   0.0000   0.0000   0.0000   0.0000   0.0000   0.0000 
  0.0000   0.0000   0.0000   0.0000   0.0000   0.0000   0.0000   0.0000   0.0000   0.0000 
  0.0000   0.0000   0.0000   0.0000   0.0000   0.0000   0.0000   0.0000   0.0000   0.0000 
  0.0000   0.0000   0.0000   0.0000   0.0000   0.0000   0.0000   0.0000   0.0000   0.0000 
  0.0000   0.0000   0.0000   0.0000   0.0000   0.0000   0.0000   0.0000   0.0000   0.0000 
  0.0000   0.0000   0.0000   0.0000   0.0000   0.0000   0.0000   0.0000   0.0000   0.0000 
  0.0000   0.0000   0.0000   0.0000   0.0000   0.0000   0.0000   0.0000   0.0000   0.0000 
  0.0000   0.0000   0.0000   0.0000   0.0000   0.0000   0.0000   0.0000   0.0000   0.0000 
  0.0000   0.0000   0.0000   0.0000   0.0000   0.0000   0.0000   0.0000   0.0000   0.0000 
  0.0000   0.0000   0.0000   0.0000   0.0000   0.0000   0.0000   0.0000   0.0000   0.0000 
  0.0000   0.0000   0.0000   0.0000   0.0000   0.0000   0.0000   0.0000   0.0000   0.0000 
  0.0000   0.0000   0.0000   0.0000   0.0000   0.0000   0.0000   0.0000   0.0000   0.0000 
  0.0000   0.0000   0.0000   0.0000   0.0000   0.0000   0.0000   0.0000   0.0000   0.0000 
  0.0000   0.0000   0.0000   0.0000   0.0000   0.0000   0.0000   0.0000   0.0000   0.0000 
  0.0000   0.0000   0.0000   0.0000   0.0000   0.0000   0.0000   0.0000   0.0000   0.0000 
  0.0000   0.0000   0.0000   0.0000   0.0000   0.0000   0.0000   0.0000   0.0000   0.0000 
  0.0000   0.0000   0.0000   0.0000   0.0000   0.0000   0.0000   0.0000   0.0000   0.0000 
  0.0000   0.0000   0.0000   0.0000   0.0000   0.0000   0.0000   0.0000   0.0000   0.0000 
  0.0000   0.0000   0.0000   0.0000   0.0000   0.0000   0.0000   0.0000   0.0000   0.0000 
  0.0000   0.0000   0.0000   0.0000   0.0000   0.0000   0.0000   0.0000   0.0000   0.0000 
  0.0000   0.0000   0.0000   0.0000   0.0000   0.0000   0.0000   0.0000   0.0000   0.0000 
  0.0000   0.0000   0.0000   0.0000   0.0000   0.0000   0.0000   0.0000   0.0000   0.0000 
  0.0000   0.0000   0.0000   0.0000   0.0000   0.0000   0.0000   0.0000   0.0000   0.0000 
  0.0000   0.0000   0.0000   0.0000   0.0000   0.0000   0.0000   0.0000   0.0000   0.0000 
  0.0000   0.0000   0.0000   0.0000   0.0000   0.0000   0.0000   0.0000   0.0000   0.0000 
  0.0000   0.0000   0.0000   0.0000   0.0000   0.0000   0.0000   0.0000   0.0000   0.0000 
  0.0000   0.0000   0.0000   0.0000   0.0000   0.0000   0.0000   0.0000   0.0000   0.0000 
  0.0000   0.0000   0.0000   0.0000   0.0000   0.0000   0.0000   0.0000   0.0000   0.0000 
  0.0000   0.0000   0.0000   0.0000   0.0000   0.0000   0.0000   0.0000   0.0000   0.0000 
  0.0000   0.0000   0.0000   0.0000   0.0000   0.0000   0.0000   0.0000   0.0000   0.0000 
  0.0000   0.0000   0.0000   0.0000   0.0000   0.0000   0.0000   0.0000   0.0000   0.0000 
  0.0000   0.0000   0.0000   0.0000   0.0000   0.0000   0.0000   0.0000   0.0000   0.0000 
  0.0000   0.0000   0.0000   0.0000   0.0000   0.0000   0.0000   0.0000   0.0000   0.0000 
  0.0000   0.0000   0.0000   0.0000   0.0000   0.0000   0.0000   0.0000   0.0000   0.0000 
  0.0000   0.0000   0.0000   0.0000   0.0000   0.0000   0.0000   0.0000   0.0000   0.0000 
  0.0000   0.0000   0.0000   0.0000   0.0000   0.0000   0.0000   0.0000   0.0000   0.0000 
  0.0000   0.0000   0.0000   0.0000   0.0000   0.0000   0.0000   0.0000   0.0000   0.0000 
  0.0000   0.0000   0.0000   0.0000   0.0000   0.0000   0.0000   0.0000   0.0000   0.0000 
  0.0000   0.0000   0.0000   0.0000   0.0000   0.0000   0.0000   0.0000   0.0000   0.0000 
  0.0000   0.0000   0.0000   0.0000   0.0000   0.0000   0.0000   0.0000   0.0000   0.0000 
  0.0000   0.0000   0.0000   0.0000   0.0000   0.0000   0.0000   0.0000   0.0000   0.0000 
  0.0000   0.0000   0.0000   0.0000   0.0000   0.0000   0.0000   0.0000   0.0000   0.0000 
  0.0000   0.0000   0.0000   0.0000   0.0000   0.0000   0.0000   0.0000   0.0000   0.0000 
  0.0000   0.0000   0.0000   0.0000   0.0000   0.0000   0.0000   0.0000   0.0000   0.0000 
  0.0000   0.0000   0.0000   0.0000   0.0000   0.0000   0.0000   0.0000   0.0000   0.0000 
  0.0000   0.0000   0.0000   0.0000   0.0000   0.0000   0.0000   0.0000   0.0000   0.0000 
  0.0000   0.0000   0.0000   0.0000   0.0000   0.0000   0.0000   0.0000   0.0000   0.0000 
  0.0000   0.0000   0.0000   0.0000   0.0000   0.0000   0.0000   0.0000   0.0000   0.0000 
  0.0000   0.0000   0.0000   0.0000   0.0000   0.0000   0.0000   0.0000   0.0000   0.0000 
  0.0000   0.0000   0.0000   0.0000   0.0000   0.0000   0.0000   0.0000   0.0000   0.0000 
  0.0000   0.0000   0.0000   0.0000   0.0000   0.0000   0.0000   0.0000   0.0000   0.0000 
  0.0000   0.0000   0.0000   0.0000   0.0000   0.0000   0.0000   0.0000   0.0000   0.0000 
  0.0000   0.0000   0.0000   0.0000   0.0000   0.0000   0.0000   0.0000   0.0000   0.0000 
  0.0000   0.0000   0.0000   0.0000   0.0000   0.0000   0.0000   0.0000   0.0000   0.0000 
  0.0000   0.0000   0.0000   0.0000   0.0000   0.0000   0.0000   0.0000   0.0000   0.0000 
  0.0000   0.0000   0.0000   0.0000   0.0000   0.0000   0.0000   0.0000   0.0000   0.0000 
  0.0000   0.0000   0.0000   0.0000   0.0000   0.0000   0.0000   0.0000   0.0000   0.0000 
  0.0000   0.0000   0.0000   0.0000   0.0000   0.0000   0.0000   0.0000   0.0000   0.0000 
  0.0000   0.0000   0.0000   0.0000   0.0000   0.0000   0.0000   0.0000   0.0000   0.0000 
  0.0000   0.0000   0.0000   0.0000   0.0000   0.0000   0.0000   0.0000   0.0000   0.0000 
  0.0000   0.0000   0.0000   0.0000   0.0000   0.0000   0.0000   0.0000   0.0000   0.0000 
  0.0000   0.0000   0.0000   0.0000   0.0000   0.0000   0.0000   0.0000   0.0000   0.0000 
  0.0000   0.0000   0.0000   0.0000   0.0000   0.0000   0.0000   0.0000   0.0000   0.0000 
  0.0000   0.0000   0.0000   0.0000   0.0000   0.0000   0.0000   0.0000   0.0000   0.0000 
  0.0000   0.0000   0.0000   0.0000   0.0000   0.0000   0.0000   0.0000   0.0000   0.0000 
  0.0000   0.0000   0.0000   0.0000   0.0000   0.0000   0.0000   0.0000   0.0000   0.0000 
  0.0000   0.0000   0.0000   0.0000   0.0000   0.0000   0.0000   0.0000   0.0000   0.0000 
  0.0000   0.0000   0.0000   0.0000   0.0000   0.0000   0.0000   0.0000   0.0000   0.0000 
  0.0000   0.0000   0.0000   0.0000   0.0000   0.0000   0.0000   0.0000   0.0000   0.0000 
  0.0000   0.0000   0.0000   0.0000   0.0000   0.0000   0.0000   0.0000   0.0000   0.0000 
  0.0000   0.0000   0.0000   0.0000   0.0000   0.0000   0.0000   0.0000   0.0000   0.0000 
  0.0000   0.0000   0.0000   0.0000   0.0000   0.0000   0.0000   0.0000   0.0000   0.0000 
  0.0000   0.0000   0.0000   0.0000   0.0000   0.0000   0.0000   0.0000   0.0000   0.0000 
  0.0000   0.0000   0.0000   0.0000   0.0000   0.0000   0.0000   0.0000   0.0000   0.0000 
  0.0000   0.0000   0.0000   0.0000   0.0000   0.0000   0.0000   0.0000   0.0000   0.0000 
  0.0000   0.0000   0.0000   0.0000   0.0000   0.0000   0.0000   0.0000   0.0000   0.0000 
  0.0000   0.0000   0.0000   0.0000   0.0000   0.0000   0.0000   0.0000   0.0000   0.0000 
  0.0000   0.0000   0.0000   0.0000   0.0000   0.0000   0.0000   0.0000   0.0000   0.0000 
  0.0000   0.0000   0.0000   0.0000   0.0000   0.0000   0.0000   0.0000   0.0000   0.0000 
  0.0000   0.0000   0.0000   0.0000   0.0000   0.0000   0.0000   0.0000   0.0000   0.0000 
  0.0000   0.0000   0.0000   0.0000   0.0000   0.0000   0.0000   0.0000   0.0000   0.0000 
  0.0000   0.0000   0.0000   0.0000   0.0000   0.0000   0.0000   0.0000   0.0000   0.0000 
  0.0000   0.0000   0.0000   0.0000   0.0000   0.0000   0.0000   0.0000   0.0000   0.0000 
  0.0000   0.0000   0.0000   0.0000   0.0000   0.0000   0.0000   0.0000   0.0000   0.0000 
  0.0000   0.0000   0.0000   0.0000   0.0000   0.0000   0.0000   0.0000   0.0000   0.0000 
  0.0000   0.0000   0.0000   0.0000   0.0000   0.0000   0.0000   0.0000   0.0000   0.0000 
  0.0000   0.0000   0.0000   0.0000   0.0000   0.0000   0.0000   0.0000   0.0000   0.0000 
  0.0000   0.0000   0.0000   0.0000   0.0000   0.0000   0.0000   0.0000   0.0000   0.0000 
  0.0000   0.0000   0.0000   0.0000   0.0000   0.0000   0.0000   0.0000   0.0000   0.0000 
  0.0000   0.0000   0.0000   0.0000   0.0000   0.0000   0.0000   0.0000   0.0000   0.0000 
  0.0000   0.0000   0.0000   0.0000   0.0000   0.0000   0.0000   0.0000   0.0000   0.0000 
  0.0000   0.0000   0.0000   0.0000   0.0000   0.0000   0.0000   0.0000   0.0000   0.0000 
  0.0000   0.0000   0.0000   0.0000   0.0000   0.0000   0.0000   0.0000   0.0000   0.0000 
  0.0000   0.0000   0.0000   0.0000   0.0000   0.0000   0.0000   0.0000   0.0000   0.0000 
  0.0000   0.0000   0.0000   0.0000   0.0000   0.0000   0.0000   0.0000   0.0000   0.0000 
  0.0000   0.0000   0.0000   0.0000   0.0000   0.0000   0.0000   0.0000   0.0000   0.0000 
  0.0000   0.0000   0.0000   0.0000   0.0000   0.0000   0.0000   0.0000   0.0000   0.0000 
  0.0000   0.0000   0.0000   0.0000   0.0000   0.0000   0.0000   0.0000   0.0000   0.0000 
  0.0000   0.0000   0.0000   0.0000   0.0000   0.0000   0.0000   0.0000   0.0000   0.0000 
  0.0000   0.0000   0.0000   0.0000   0.0000   0.0000   0.0000   0.0000   0.0000   0.0000 
  0.0000   0.0000   0.0000   0.0000   0.0000   0.0000   0.0000   0.0000   0.0000   0.0000 
  0.0000   0.0000   0.0000   0.0000   0.0000   0.0000   0.0000   0.0000   0.0000   0.0000 
  0.0000   0.0000   0.0000   0.0000   0.0000   0.0000   0.0000   0.0000   0.0000   0.0000 
  0.0000   0.0000   0.0000   0.0000   0.0000   0.0000   0.0000   0.0000   0.0000   0.0000 
  0.0000   0.0000   0.0000   0.0000   0.0000   0.0000   0.0000   0.0000   0.0000   0.0000 
  0.0000   0.0000   0.0000   0.0000   0.0000   0.0000   0.0000   0.0000   0.0000   0.0000 
  0.0000   0.0000   0.0000   0.0000   0.0000   0.0000   0.0000   0.0000   0.0000   0.0000 
  0.0000   0.0000   0.0000   0.0000   0.0000   0.0000   0.0000   0.0000   0.0000   0.0000 
  0.0000   0.0000   0.0000   0.0000   0.0000   0.0000   0.0000   0.0000   0.0000   0.0000 
  0.0000   0.0000   0.0000   0.0000   0.0000   0.0000   0.0000   0.0000   0.0000   0.0000 
  0.0000   0.0000   0.0000   0.0000   0.0000   0.0000   0.0000   0.0000   0.0000   0.0000 
  0.0000   0.0000   0.0000   0.0000   0.0000   0.0000   0.0000   0.0000   0.0000   0.0000 
  0.0000   0.0000   0.0000   0.0000   0.0000   0.0000   0.0000   0.0000   0.0000   0.0000 
  0.0000   0.0000   0.0000   0.0000   0.0000   0.0000   0.0000   0.0000   0.0000   0.0000 
  0.0000   0.0000   0.0000   0.0000   0.0000   0.0000   0.0000   0.0000   0.0000   0.0000 
  0.0000   0.0000   0.0000   0.0000   0.0000   0.0000   0.0000   0.0000   0.0000   0.0000 
  0.0000   0.0000   0.0000   0.0000   0.0000   0.0000   0.0000   0.0000   0.0000   0.0000 
  0.0000   0.0000   0.0000   0.0000   0.0000   0.0000   0.0000   0.0000   0.0000   0.0000 
  0.0000   0.0000   0.0000   0.0000   0.0000   0.0000   0.0000   0.0000   0.0000   0.0000 
  0.0000   0.0000   0.0000   0.0000   0.0000   0.0000   0.0000   0.0000   0.0000   0.0000 
  0.0000   0.0000   0.0000   0.0000   0.0000   0.0000   0.0000   0.0000   0.0000   0.0000 
  0.0000   0.0000   0.0000   0.0000   0.0000   0.0000   0.0000   0.0000   0.0000   0.0000 
  0.0000   0.0000   0.0000   0.0000   0.0000   0.0000   0.0000   0.0000   0.0000   0.0000 
  0.0000   0.0000   0.0000   0.0000   0.0000   0.0000   0.0000   0.0000   0.0000   0.0000 
  0.0000   0.0000   0.0000   0.0000   0.0000   0.0000   0.0000   0.0000   0.0000   0.0000 
  0.0000   0.0000   0.0000   0.0000   0.0000   0.0000   0.0000   0.0000   0.0000   0.0000 
  0.0000   0.0000   0.0000   0.0000   0.0000   0.0000   0.0000   0.0000   0.0000   0.0000 
  0.0000   0.0000   0.0000   0.0000   0.0000   0.0000   0.0000   0.0000   0.0000   0.0000 
  0.0000   0.0000   0.0000   0.0000   0.0000   0.0000   0.0000   0.0000   0.0000   0.0000 
  0.0000   0.0000   0.0000   0.0000   0.0000   0.0000   0.0000   0.0000   0.0000   0.0000 
  0.0000   0.0000   0.0000   0.0000   0.0000   0.0000   0.0000   0.0000   0.0000   0.0000 
  0.0000   0.0000   0.0000   0.0000   0.0000   0.0000   0.0000   0.0000   0.0000   0.0000 
  0.0000   0.0000   0.0000   0.0000   0.0000   0.0000   0.0000   0.0000   0.0000   0.0000 
  0.0000   0.0000   0.0000   0.0000   0.0000   0.0000   0.0000   0.0000   0.0000   0.0000 
  0.0000   0.0000   0.0000   0.0000   0.0000   0.0000   0.0000   0.0000   0.0000   0.0000 
  0.0000   0.0000   0.0000   0.0000   0.0000   0.0000   0.0000   0.0000   0.0000   0.0000 
  0.0000   0.0000   0.0000   0.0000   0.0000   0.0000   0.0000   0.0000   0.0000   0.0000 
  0.0000   0.0000   0.0000   0.0000   0.0000   0.0000   0.0000   0.0000   0.0000   0.0000 
  0.0000   0.0000   0.0000   0.0000   0.0000   0.0000   0.0000   0.0000   0.0000   0.0000 
  0.0000   0.0000   0.0000   0.0000   0.0000   0.0000   0.0000   0.0000   0.0000   0.0000 
  0.0000   0.0000   0.0000   0.0000   0.0000   0.0000   0.0000   0.0000   0.0000   0.0000 
  0.0000   0.0000   0.0000   0.0000   0.0000   0.0000   0.0000   0.0000   0.0000   0.0000 
  0.0000   0.0000   0.0000   0.0000   0.0000   0.0000   0.0000   0.0000   0.0000   0.0000 
  0.0000   0.0000   0.0000   0.0000   0.0000   0.0000   0.0000   0.0000   0.0000   0.0000 
  0.0000   0.0000   0.0000   0.0000   0.0000   0.0000   0.0000   0.0000   0.0000   0.0000 
  0.0000   0.0000   0.0000   0.0000   0.0000   0.0000   0.0000   0.0000   0.0000   0.0000 
  0.0000   0.0000   0.0000   0.0000   0.0000   0.0000   0.0000   0.0000   0.0000   0.0000 
  0.0000   0.0000   0.0000   0.0000   0.0000   0.0000   0.0000   0.0000   0.0000   0.0000 
  0.0000   0.0000   0.0000   0.0000   0.0000   0.0000   0.0000   0.0000   0.0000   0.0000 
  0.0000   0.0000   0.0000   0.0000   0.0000   0.0000   0.0000   0.0000   0.0000   0.0000 
  0.0000   0.0000   0.0000   0.0000   0.0000   0.0000   0.0000   0.0000   0.0000   0.0000 
  0.0000   0.0000   0.0000   0.0000   0.0000   0.0000   0.0000   0.0000   0.0000   0.0000 
  0.0000   0.0000   0.0000   0.0000   0.0000   0.0000   0.0000   0.0000   0.0000   0.0000 
  0.0000   0.0000   0.0000   0.0000   0.0000   0.0000   0.0000   0.0000   0.0000   0.0000 
  0.0000   0.0000   0.0000   0.0000   0.0000   0.0000   0.0000   0.0000   0.0000   0.0000 
  0.0000   0.0000   0.0000   0.0000   0.0000   0.0000   0.0000   0.0000   0.0000   0.0000 
  0.0000   0.0000   0.0000   0.0000   0.0000   0.0000   0.0000   0.0000   0.0000   0.0000 
  0.0000   0.0000   0.0000   0.0000   0.0000   0.0000   0.0000   0.0000   0.0000   0.0000 
  0.0000   0.0000   0.0000   0.0000   0.0000   0.0000   0.0000   0.0000   0.0000   0.0000 
  0.0000   0.0000   0.0000   0.0000   0.0000   0.0000   0.0000   0.0000   0.0000   0.0000 
  0.0000   0.0000   0.0000   0.0000   0.0000   0.0000   0.0000   0.0000   0.0000   0.0000 
  0.0000   0.0000   0.0000   0.0000   0.0000   0.0000   0.0000   0.0000   0.0000   0.0000 
  0.0000   0.0000   0.0000   0.0000   0.0000   0.0000   0.0000   0.0000   0.0000   0.0000 
  0.0000   0.0000   0.0000   0.0000   0.0000   0.0000   0.0000   0.0000   0.0000   0.0000 
  0.0000   0.0000   0.0000   0.0000   0.0000   0.0000   0.0000   0.0000   0.0000   0.0000 
  0.0000   0.0000   0.0000   0.0000   0.0000   0.0000   0.0000   0.0000   0.0000   0.0000 
  0.0000   0.0000   0.0000   0.0000   0.0000   0.0000   0.0000   0.0000   0.0000   0.0000 
  0.0000   0.0000   0.0000   0.0000   0.0000   0.0000   0.0000   0.0000   0.0000   0.0000 
  0.0000   0.0000   0.0000   0.0000   0.0000   0.0000   0.0000   0.0000   0.0000   0.0000 
  0.0000   0.0000   0.0000   0.0000   0.0000   0.0000   0.0000   0.0000   0.0000   0.0000 
  0.0000   0.0000   0.0000   0.0000   0.0000   0.0000   0.0000   0.0000   0.0000   0.0000 
  0.0000   0.0000   0.0000   0.0000   0.0000   0.0000   0.0000   0.0000   0.0000   0.0000 
  0.0000   0.0000   0.0000   0.0000   0.0000   0.0000   0.0000   0.0000   0.0000   0.0000 
  0.0000   0.0000   0.0000   0.0000   0.0000   0.0000   0.0000   0.0000   0.0000   0.0000 
  0.0000   0.0000   0.0000   0.0000   0.0000   0.0000   0.0000   0.0000   0.0000   0.0000 
  0.0000   0.0000   0.0000   0.0000   0.0000   0.0000   0.0000   0.0000   0.0000   0.0000 
  0.0000   0.0000   0.0000   0.0000   0.0000   0.0000   0.0000   0.0000   0.0000   0.0000 
  0.0000   0.0000   0.0000   0.0000   0.0000   0.0000   0.0000   0.0000   0.0000   0.0000 
  0.0000   0.0000   0.0000   0.0000   0.0000   0.0000   0.0000   0.0000   0.0000   0.0000 
  0.0000   0.0000   0.0000   0.0000   0.0000   0.0000   0.0000   0.0000   0.0000   0.0000 
  0.0000   0.0000   0.0000   0.0000   0.0000   0.0000   0.0000   0.0000   0.0000   0.0000 
  0.0000   0.0000   0.0000   0.0000   0.0000   0.0000   0.0000   0.0000   0.0000   0.0000 
  0.0000   0.0000   0.0000   0.0000   0.0000   0.0000   0.0000   0.0000   0.0000   0.0000 
  0.0000   0.0000   0.0000   0.0000   0.0000   0.0000   0.0000   0.0000   0.0000   0.0000 
  0.0000   0.0000   0.0000   0.0000   0.0000   0.0000   0.0000   0.0000   0.0000   0.0000 
  0.0000   0.0000   0.0000   0.0000   0.0000   0.0000   0.0000   0.0000   0.0000   0.0000 
  0.0000   0.0000   0.0000   0.0000   0.0000   0.0000   0.0000   0.0000   0.0000   0.0000 
  0.0000   0.0000   0.0000   0.0000   0.0000   0.0000   0.0000   0.0000   0.0000   0.0000 
  0.0000   0.0000   0.0000   0.0000   0.0000   0.0000   0.0000   0.0000   0.0000   0.0000 
  0.0000   0.0000   0.0000   0.0000   0.0000   0.0000   0.0000   0.0000   0.0000   0.0000 
  0.0000   0.0000   0.0000   0.0000   0.0000   0.0000   0.0000   0.0000   0.0000   0.0000 
  0.0000   0.0000   0.0000   0.0000   0.0000   0.0000   0.0000   0.0000   0.0000   0.0000 
  0.0000   0.0000   0.0000   0.0000   0.0000   0.0000   0.0000   0.0000   0.0000   0.0000 
  0.0000   0.0000   0.0000   0.0000   0.0000   0.0000   0.0000   0.0000   0.0000   0.0000 
  0.0000   0.0000   0.0000   0.0000   0.0000   0.0000   0.0000   0.0000   0.0000   0.0000 
  0.0000   0.0000   0.0000   0.0000   0.0000   0.0000   0.0000   0.0000   0.0000   0.0000 
  0.0000   0.0000   0.0000   0.0000   0.0000   0.0000   0.0000   0.0000   0.0000   0.0000 
  0.0000   0.0000   0.0000   0.0000   0.0000   0.0000   0.0000   0.0000   0.0000   0.0000 
  0.0000   0.0000   0.0000   0.0000   0.0000   0.0000   0.0000   0.0000   0.0000   0.0000 
  0.0000   0.0000   0.0000   0.0000   0.0000   0.0000   0.0000   0.0000   0.0000   0.0000 
  0.0000   0.0000   0.0000   0.0000   0.0000   0.0000   0.0000   0.0000   0.0000   0.0000 
  0.0000   0.0000   0.0000   0.0000   0.0000   0.0000   0.0000   0.0000   0.0000   0.0000 
  0.0000   0.0000   0.0000   0.0000   0.0000   0.0000   0.0000   0.0000   0.0000   0.0000 
  0.0000   0.0000   0.0000   0.0000   0.0000   0.0000   0.0000   0.0000   0.0000   0.0000 
  0.0000   0.0000   0.0000   0.0000   0.0000   0.0000   0.0000   0.0000   0.0000   0.0000 
  0.0000   0.0000   0.0000   0.0000   0.0000   0.0000   0.0000   0.0000   0.0000   0.0000 
  0.0000   0.0000   0.0000   0.0000   0.0000   0.0000   0.0000   0.0000   0.0000   0.0000 
  0.0000   0.0000   0.0000   0.0000   0.0000   0.0000   0.0000   0.0000   0.0000   0.0000 
  0.0000   0.0000   0.0000   0.0000   0.0000   0.0000   0.0000   0.0000   0.0000   0.0000 
  0.0000   0.0000   0.0000   0.0000   0.0000   0.0000   0.0000   0.0000   0.0000   0.0000 
  0.0000   0.0000   0.0000   0.0000   0.0000   0.0000   0.0000   0.0000   0.0000   0.0000 
  0.0000   0.0000   0.0000   0.0000   0.0000   0.0000   0.0000   0.0000   0.0000   0.0000 
  0.0000   0.0000   0.0000   0.0000   0.0000   0.0000   0.0000   0.0000   0.0000   0.0000 
  0.0000   0.0000   0.0000   0.0000   0.0000   0.0000   0.0000   0.0000   0.0000   0.0000 
  0.0000   0.0000   0.0000   0.0000   0.0000   0.0000   0.0000   0.0000   0.0000   0.0000 
  0.0000   0.0000   0.0000   0.0000   0.0000   0.0000   0.0000   0.0000   0.0000   0.0000 
  0.0000   0.0000   0.0000   0.0000   0.0000   0.0000   0.0000   0.0000   0.0000   0.0000 
  0.0000   0.0000   0.0000   0.0000   0.0000   0.0000   0.0000   0.0000   0.0000   0.0000 
  0.0000   0.0000   0.0000   0.0000   0.0000   0.0000   0.0000   0.0000   0.0000   0.0000 
  0.0000   0.0000   0.0000   0.0000   0.0000   0.0000   0.0000   0.0000   0.0000   0.0000 
  0.0000   0.0000   0.0000   0.0000   0.0000   0.0000   0.0000   0.0000   0.0000   0.0000 
  0.0000   0.0000   0.0000   0.0000   0.0000   0.0000   0.0000   0.0000   0.0000   0.0000 
  0.0000   0.0000   0.0000   0.0000   0.0000   0.0000   0.0000   0.0000   0.0000   0.0000 
  0.0000   0.0000   0.0000   0.0000   0.0000   0.0000   0.0000   0.0000   0.0000   0.0000 
  0.0000   0.0000   0.0000   0.0000   0.0000   0.0000   0.0000   0.0000   0.0000   0.0000 
  0.0000   0.0000   0.0000   0.0000   0.0000   0.0000   0.0000   0.0000   0.0000   0.0000 
  0.0000   0.0000   0.0000   0.0000   0.0000   0.0000   0.0000   0.0000   0.0000   0.0000 
  0.0000   0.0000   0.0000   0.0000   0.0000   0.0000   0.0000   0.0000   0.0000   0.0000 
  0.0000   0.0000   0.0000   0.0000   0.0000   0.0000   0.0000   0.0000   0.0000   0.0000 
  0.0000   0.0000   0.0000   0.0000   0.0000   0.0000   0.0000   0.0000   0.0000   0.0000 
  0.0000   0.0000   0.0000   0.0000   0.0000   0.0000   0.0000   0.0000   0.0000   0.0000 
  0.0000   0.0000   0.0000   0.0000   0.0000   0.0000   0.0000   0.0000   0.0000   0.0000 
  0.0000   0.0000   0.0000   0.0000   0.0000   0.0000   0.0000   0.0000   0.0000   0.0000 
  0.0000   0.0000   0.0000   0.0000   0.0000   0.0000   0.0000   0.0000   0.0000   0.0000 
  0.0000   0.0000   0.0000   0.0000   0.0000   0.0000   0.0000   0.0000   0.0000   0.0000 
  0.0000   0.0000   0.0000   0.0000   0.0000   0.0000   0.0000   0.0000   0.0000   0.0000 
  0.0000   0.0000   0.0000   0.0000   0.0000   0.0000   0.0000   0.0000   0.0000   0.0000 
  0.0000   0.0000   0.0000   0.0000   0.0000   0.0000   0.0000   0.0000   0.0000   0.0000 
  0.0000   0.0000   0.0000   0.0000   0.0000   0.0000   0.0000   0.0000   0.0000   0.0000 
  0.0000   0.0000   0.0000   0.0000   0.0000   0.0000   0.0000   0.0000   0.0000   0.0000 
  0.0000   0.0000   0.0000   0.0000   0.0000   0.0000   0.0000   0.0000   0.0000   0.0000 
  0.0000   0.0000   0.0000   0.0000   0.0000   0.0000   0.0000   0.0000   0.0000   0.0000 
  0.0000   0.0000   0.0000   0.0000   0.0000   0.0000   0.0000   0.0000   0.0000   0.0000 
  0.0000   0.0000   0.0000   0.0000   0.0000   0.0000   0.0000   0.0000   0.0000   0.0000 
  0.0000   0.0000   0.0000   0.0000   0.0000   0.0000   0.0000   0.0000   0.0000   0.0000 
  0.0000   0.0000   0.0000   0.0000   0.0000   0.0000   0.0000   0.0000   0.0000   0.0000 
  0.0000   0.0000   0.0000   0.0000   0.0000   0.0000   0.0000   0.0000   0.0000   0.0000 
  0.0000   0.0000   0.0000   0.0000   0.0000   0.0000   0.0000   0.0000   0.0000   0.0000 
  0.0000   0.0000   0.0000   0.0000   0.0000   0.0000   0.0000   0.0000   0.0000   0.0000 
  0.0000   0.0000   0.0000   0.0000   0.0000   0.0000   0.0000   0.0000   0.0000   0.0000 
  0.0000   0.0000   0.0000   0.0000   0.0000   0.0000   0.0000   0.0000   0.0000   0.0000 
  0.0000   0.0000   0.0000   0.0000   0.0000   0.0000   0.0000   0.0000   0.0000   0.0000 
  0.0000   0.0000   0.0000   0.0000   0.0000   0.0000   0.0000   0.0000   0.0000   0.0000 
  0.0000   0.0000   0.0000   0.0000   0.0000   0.0000   0.0000   0.0000   0.0000   0.0000 
  0.0000   0.0000   0.0000   0.0000   0.0000   0.0000   0.0000   0.0000   0.0000   0.0000 
  0.0000   0.0000   0.0000   0.0000   0.0000   0.0000   0.0000   0.0000   0.0000   0.0000 
  0.0000   0.0000   0.0000   0.0000   0.0000   0.0000   0.0000   0.0000   0.0000   0.0000 
  0.0000   0.0000   0.0000   0.0000   0.0000   0.0000   0.0000   0.0000   0.0000   0.0000 
  0.0000   0.0000   0.0000   0.0000   0.0000   0.0000   0.0000   0.0000   0.0000   0.0000 
  0.0000   0.0000   0.0000   0.0000   0.0000   0.0000   0.0000   0.0000   0.0000   0.0000 
  0.0000   0.0000   0.0000   0.0000   0.0000   0.0000   0.0000   0.0000   0.0000   0.0000 
  0.0000   0.0000   0.0000   0.0000   0.0000   0.0000   0.0000   0.0000   0.0000   0.0000 
  0.0000   0.0000   0.0000   0.0000   0.0000   0.0000   0.0000   0.0000   0.0000   0.0000 
  0.0000   0.0000   0.0000   0.0000   0.0000   0.0000   0.0000   0.0000   0.0000   0.0000 
  0.0000   0.0000   0.0000   0.0000   0.0000   0.0000   0.0000   0.0000   0.0000   0.0000 
  0.0000   0.0000   0.0000   0.0000   0.0000   0.0000   0.0000   0.0000   0.0000   0.0000 
  0.0000   0.0000   0.0000   0.0000   0.0000   0.0000   0.0000   0.0000   0.0000   0.0000 
  0.0000   0.0000   0.0000   0.0000   0.0000   0.0000   0.0000   0.0000   0.0000   0.0000 
  0.0000   0.0000   0.0000   0.0000   0.0000   0.0000   0.0000   0.0000   0.0000   0.0000 
  0.0000   0.0000   0.0000   0.0000   0.0000   0.0000   0.0000   0.0000   0.0000   0.0000 
  0.0000   0.0000   0.0000   0.0000   0.0000   0.0000   0.0000   0.0000   0.0000   0.0000 
  0.0000   0.0000   0.0000   0.0000   0.0000   0.0000   0.0000   0.0000   0.0000   0.0000 
  0.0000   0.0000   0.0000   0.0000   0.0000   0.0000   0.0000   0.0000   0.0000   0.0000 
  0.0000   0.0000   0.0000   0.0000   0.0000   0.0000   0.0000   0.0000   0.0000   0.0000 
  0.0000   0.0000   0.0000   0.0000   0.0000   0.0000   0.0000   0.0000   0.0000   0.0000 
  0.0000   0.0000   0.0000   0.0000   0.0000   0.0000   0.0000   0.0000   0.0000   0.0000 
  0.0000   0.0000   0.0000   0.0000   0.0000   0.0000   0.0000   0.0000   0.0000   0.0000 
  0.0000   0.0000   0.0000   0.0000   0.0000   0.0000   0.0000   0.0000   0.0000   0.0000 
  0.0000   0.0000   0.0000   0.0000   0.0000   0.0000   0.0000   0.0000   0.0000   0.0000 
  0.0000   0.0000   0.0000   0.0000   0.0000   0.0000   0.0000   0.0000   0.0000   0.0000 
  0.0000   0.0000   0.0000   0.0000   0.0000   0.0000   0.0000   0.0000   0.0000   0.0000 
  0.0000   0.0000   0.0000   0.0000   0.0000   0.0000   0.0000   0.0000   0.0000   0.0000 
  0.0000   0.0000   0.0000   0.0000   0.0000   0.0000   0.0000   0.0000   0.0000   0.0000 
  0.0000   0.0000   0.0000   0.0000   0.0000   0.0000   0.0000   0.0000   0.0000   0.0000 
  0.0000   0.0000   0.0000   0.0000   0.0000   0.0000   0.0000   0.0000   0.0000   0.0000 
  0.0000   0.0000   0.0000   0.0000   0.0000   0.0000   0.0000   0.0000   0.0000   0.0000 
  0.0000   0.0000   0.0000   0.0000   0.0000   0.0000   0.0000   0.0000   0.0000   0.0000 
  0.0000   0.0000   0.0000   0.0000   0.0000   0.0000   0.0000   0.0000   0.0000   0.0000 
  0.0000   0.0000   0.0000   0.0000   0.0000   0.0000   0.0000   0.0000   0.0000   0.0000 
  0.0000   0.0000   0.0000   0.0000   0.0000   0.0000   0.0000   0.0000   0.0000   0.0000 
  0.0000   0.0000   0.0000   0.0000   0.0000   0.0000   0.0000   0.0000   0.0000   0.0000 
  0.0000   0.0000   0.0000   0.0000   0.0000   0.0000   0.0000   0.0000   0.0000   0.0000 
  0.0000   0.0000   0.0000   0.0000   0.0000   0.0000   0.0000   0.0000   0.0000   0.0000 
  0.0000   0.0000   0.0000   0.0000   0.0000   0.0000   0.0000   0.0000   0.0000   0.0000 
  0.0000   0.0000   0.0000   0.0000   0.0000   0.0000   0.0000   0.0000   0.0000   0.0000 
  0.0000   0.0000   0.0000   0.0000   0.0000   0.0000   0.0000   0.0000   0.0000   0.0000 
  0.0000   0.0000   0.0000   0.0000   0.0000   0.0000   0.0000   0.0000   0.0000   0.0000 
  0.0000   0.0000   0.0000   0.0000   0.0000   0.0000   0.0000   0.0000   0.0000   0.0000 
  0.0000   0.0000   0.0000   0.0000   0.0000   0.0000   0.0000   0.0000   0.0000   0.0000 
  0.0000   0.0000   0.0000   0.0000   0.0000   0.0000   0.0000   0.0000   0.0000   0.0000 
  0.0000   0.0000   0.0000   0.0000   0.0000   0.0000   0.0000   0.0000   0.0000   0.0000 
  0.0000   0.0000   0.0000   0.0000   0.0000   0.0000   0.0000   0.0000   0.0000   0.0000 
  0.0000   0.0000   0.0000   0.0000   0.0000   0.0000   0.0000   0.0000   0.0000   0.0000 
  0.0000   0.0000   0.0000   0.0000   0.0000   0.0000   0.0000   0.0000   0.0000   0.0000 
  0.0000   0.0000   0.0000   0.0000   0.0000   0.0000   0.0000   0.0000   0.0000   0.0000 
  0.0000   0.0000   0.0000   0.0000   0.0000   0.0000   0.0000   0.0000   0.0000   0.0000 
  0.0000   0.0000   0.0000   0.0000   0.0000   0.0000   0.0000   0.0000   0.0000   0.0000 
  0.0000   0.0000   0.0000   0.0000   0.0000   0.0000   0.0000   0.0000   0.0000   0.0000 
  0.0000   0.0000   0.0000   0.0000   0.0000   0.0000   0.0000   0.0000   0.0000   0.0000 
  0.0000   0.0000   0.0000   0.0000   0.0000   0.0000   0.0000   0.0000   0.0000   0.0000 
  0.0000   0.0000   0.0000   0.0000   0.0000   0.0000   0.0000   0.0000   0.0000   0.0000 
  0.0000   0.0000   0.0000   0.0000   0.0000   0.0000   0.0000   0.0000   0.0000   0.0000 
  0.0000   0.0000   0.0000   0.0000   0.0000   0.0000   0.0000   0.0000   0.0000   0.0000 
  0.0000   0.0000   0.0000   0.0000   0.0000   0.0000   0.0000   0.0000   0.0000   0.0000 
  0.0000   0.0000   0.0000   0.0000   0.0000   0.0000   0.0000   0.0000   0.0000   0.0000 
  0.0000   0.0000   0.0000   0.0000   0.0000   0.0000   0.0000   0.0000   0.0000   0.0000 
  0.0000   0.0000   0.0000   0.0000   0.0000   0.0000   0.0000   0.0000   0.0000   0.0000 
  0.0000   0.0000   0.0000   0.0000   0.0000   0.0000   0.0000   0.0000   0.0000   0.0000 
  0.0000   0.0000   0.0000   0.0000   0.0000   0.0000   0.0000   0.0000   0.0000   0.0000 
  0.0000   0.0000   0.0000   0.0000   0.0000   0.0000   0.0000   0.0000   0.0000   0.0000 
  0.0000   0.0000   0.0000   0.0000   0.0000   0.0000   0.0000   0.0000   0.0000   0.0000 
  0.0000   0.0000   0.0000   0.0000   0.0000   0.0000   0.0000   0.0000   0.0000   0.0000 
  0.0000   0.0000   0.0000   0.0000   0.0000   0.0000   0.0000   0.0000   0.0000   0.0000 
  0.0000   0.0000   0.0000   0.0000   0.0000   0.0000   0.0000   0.0000   0.0000   0.0000 
  0.0000   0.0000   0.0000   0.0000   0.0000   0.0000   0.0000   0.0000   0.0000   0.0000 
  0.0000   0.0000   0.0000   0.0000   0.0000   0.0000   0.0000   0.0000   0.0000   0.0000 
  0.0000   0.0000   0.0000   0.0000   0.0000   0.0000   0.0000   0.0000   0.0000   0.0000 
  0.0000   0.0000   0.0000   0.0000   0.0000   0.0000   0.0000   0.0000   0.0000   0.0000 
  0.0000   0.0000   0.0000   0.0000   0.0000   0.0000   0.0000   0.0000   0.0000   0.0000 
  0.0000   0.0000   0.0000   0.0000   0.0000   0.0000   0.0000   0.0000   0.0000   0.0000 
  0.0000   0.0000   0.0000   0.0000   0.0000   0.0000   0.0000   0.0000   0.0000   0.0000 
  0.0000   0.0000   0.0000   0.0000   0.0000   0.0000   0.0000   0.0000   0.0000   0.0000 
  0.0000   0.0000   0.0000   0.0000   0.0000   0.0000   0.0000   0.0000   0.0000   0.0000 
  0.0000   0.0000   0.0000   0.0000   0.0000   0.0000   0.0000   0.0000   0.0000   0.0000 
  0.0000   0.0000   0.0000   0.0000   0.0000   0.0000   0.0000   0.0000   0.0000   0.0000 
  0.0000   0.0000   0.0000   0.0000   0.0000   0.0000   0.0000   0.0000   0.0000   0.0000 
  0.0000   0.0000   0.0000   0.0000   0.0000   0.0000   0.0000   0.0000   0.0000   0.0000 
  0.0000   0.0000   0.0000   0.0000   0.0000   0.0000   0.0000   0.0000   0.0000   0.0000 
  0.0000   0.0000   0.0000   0.0000   0.0000   0.0000   0.0000   0.0000   0.0000   0.0000 
  0.0000   0.0000   0.0000   0.0000   0.0000   0.0000   0.0000   0.0000   0.0000   0.0000 
  0.0000   0.0000   0.0000   0.0000   0.0000   0.0000   0.0000   0.0000   0.0000   0.0000 
  0.0000   0.0000   0.0000   0.0000   0.0000   0.0000   0.0000   0.0000   0.0000   0.0000 
  0.0000   0.0000   0.0000   0.0000   0.0000   0.0000   0.0000   0.0000   0.0000   0.0000 
  0.0000   0.0000   0.0000   0.0000   0.0000   0.0000   0.0000   0.0000   0.0000   0.0000 
  0.0000   0.0000   0.0000   0.0000   0.0000   0.0000   0.0000   0.0000   0.0000   0.0000 
  0.0000   0.0000   0.0000   0.0000   0.0000   0.0000   0.0000   0.0000   0.0000   0.0000 
  0.0000   0.0000   0.0000   0.0000   0.0000   0.0000   0.0000   0.0000   0.0000   0.0000 
  0.0000   0.0000   0.0000   0.0000   0.0000   0.0000   0.0000   0.0000   0.0000   0.0000 
  0.0000   0.0000   0.0000   0.0000   0.0000   0.0000   0.0000   0.0000   0.0000   0.0000 
  0.0000   0.0000   0.0000   0.0000   0.0000   0.0000   0.0000   0.0000   0.0000   0.0000 
  0.0000   0.0000   0.0000   0.0000   0.0000   0.0000   0.0000   0.0000   0.0000   0.0000 
  0.0000   0.0000   0.0000   0.0000   0.0000   0.0000   0.0000   0.0000   0.0000   0.0000 
  0.0000   0.0000   0.0000   0.0000   0.0000   0.0000   0.0000   0.0000   0.0000   0.0000 
  0.0000   0.0000   0.0000   0.0000   0.0000   0.0000   0.0000   0.0000   0.0000   0.0000 
  0.0000   0.0000   0.0000   0.0000   0.0000   0.0000   0.0000   0.0000   0.0000   0.0000 
  0.0000   0.0000   0.0000   0.0000   0.0000   0.0000   0.0000   0.0000   0.0000   0.0000 
  0.0000   0.0000   0.0000   0.0000   0.0000   0.0000   0.0000   0.0000   0.0000   0.0000 
  0.0000   0.0000   0.0000   0.0000   0.0000   0.0000   0.0000   0.0000   0.0000   0.0000 
  0.0000   0.0000   0.0000   0.0000   0.0000   0.0000   0.0000   0.0000   0.0000   0.0000 
  0.0000   0.0000   0.0000   0.0000   0.0000   0.0000   0.0000   0.0000   0.0000   0.0000 
  0.0000   0.0000   0.0000   0.0000   0.0000   0.0000   0.0000   0.0000   0.0000   0.0000 
  0.0000   0.0000   0.0000   0.0000   0.0000   0.0000   0.0000   0.0000   0.0000   0.0000 
  0.0000   0.0000   0.0000   0.0000   0.0000   0.0000   0.0000   0.0000   0.0000   0.0000 
  0.0000   0.0000   0.0000   0.0000   0.0000   0.0000   0.0000   0.0000   0.0000   0.0000 
  0.0000   0.0000   0.0000   0.0000   0.0000   0.0000   0.0000   0.0000   0.0000   0.0000 
  0.0000   0.0000   0.0000   0.0000   0.0000   0.0000   0.0000   0.0000   0.0000   0.0000 
  0.0000   0.0000   0.0000   0.0000   0.0000   0.0000   0.0000   0.0000   0.0000   0.0000 
