z-axis acceleration data

  1.1025   0.6367   0.1802   0.3525  -0.5156   1.6318   0.9683   0.8320   0.3213   1.7690 
  1.3325   1.0200   0.1655   0.1953  -0.6406  -1.1104   1.0815   0.7271  -0.2407   1.5488 
  1.4175   1.5322   0.2070  -0.0698  -0.7603  -3.6401   1.1392   0.7021   0.3047   1.7822 
  1.6792   1.8218   0.1128  -0.3042  -0.5562  -3.4019   1.1484   0.7085   1.4683   1.3081 
  1.7227   1.1870   0.4219  -0.4238  -0.0894  -0.4238   1.2754   0.7041   1.3457   1.4121 
  1.8403   0.7339   0.4092  -0.5215   1.9453   1.1099   1.4971   0.7295   1.3188   1.5547 
  1.9473  -0.1982   0.4341  -0.5449   1.8979   1.2354   1.5459   0.7886   1.0786   1.5322 
  1.9146  -0.4248   0.4800  -0.7041   2.5537   0.7031   1.6489   0.7056   0.8755   1.3213 
  1.8687  -0.7485   0.4717  -0.7617  -3.1938   0.6963   1.7920   0.8110   0.6504   1.0439 
  1.8540  -0.5532   0.4614  -0.8530  -4.9399   0.5117   1.7710   0.9351   0.4712   0.5898 
  1.6724  -0.3062   0.4932  -0.5693  -2.6025   0.3657   1.7993   0.8320   0.7344   0.4219 
  1.5493  -0.1851   0.6753   0.3809   0.3301   0.4316   1.7539   0.8940   0.6973   0.7212 
  1.3530  -0.0103   0.8496   2.2871   1.0864   0.3584   1.7485   1.1279   0.7593   0.2197 
  1.1655   0.2158   0.7285   1.9829   1.2646   0.3506   1.6245   1.0640   0.8511  -0.1870 
  1.0107   0.2681   0.7319  -0.3418   1.0947   0.4517   1.5737   1.1074   0.7119  -0.1450 
  0.7769   0.3149   0.7744  -0.9341   0.6978   0.4639   1.4619   1.1548   0.7593  -0.3301 
  0.5557   0.3237   0.7319  -3.5356   0.4482   0.3628   1.3481   1.2656   0.7554  -0.4692 
  0.2109   0.4404   0.6123  -1.1631   0.5391   0.2432   1.1440   1.4155   0.7866  -0.5098 
 -0.0742   0.0737   0.6479  -0.5420   0.3145   0.0645   0.9482   1.4360   0.7695  -0.6313 
 -0.2490   0.1748   0.7119   0.7061   0.1060  -0.0537   0.7671   1.5176   0.7363  -0.6157 
 -0.2695   0.6270   0.5732   0.6357   0.3853  -0.0542   0.5820   1.6147   0.7480  -0.9150 
 -0.3828   0.5869   0.6064   0.2480   0.5518   0.0313   0.3965   1.5771   0.6353  -0.8530 
 -0.4419   0.3530   0.6152   0.4526   0.6733   0.0532   0.1362   1.6055   0.7524  -0.1724 
 -0.4927   1.0000   0.5518   0.7246   0.6353   0.0840  -0.1489   1.6152   0.7710   1.5459 
 -0.9106   0.3706   0.6650   0.4004   0.5967   0.1982  -0.2671   1.5615   0.5630   1.4854 
 -0.8687   0.7939   0.6074   0.0557   0.6470   0.2788  -0.2896   1.5845   0.7261   1.5889 
 -0.1040   0.4419   0.9058   0.1899   0.6533   0.3296  -0.4678   1.4922   0.7544  -1.4058 
  0.8320   0.5820   1.0977   0.4297   0.5601   0.4009  -0.5298   1.3584   0.6260  -3.9883 
  2.0796   0.5337   0.9819   0.4072   0.5093   0.4424  -0.7349   1.2754   0.4746  -2.3501 
  2.1851   0.5811   0.8867   0.4814   0.5454   0.6309  -0.9536   1.1963   0.7607  -0.1021 
 -1.8320   0.5581   0.7656   0.7603   0.4829   0.6646  -0.3940   0.9507   0.6836   0.6611 
 -4.1675   0.5293   0.8184   0.9434   0.3496   0.6924   0.3599   0.7954   0.6709   1.4541 
 -4.5532   0.5239   0.7896   1.0186   0.1934   0.7627   2.2290   0.6426   0.6924   0.7471 
 -0.7710   0.5664   0.7720   0.9004   0.0786   1.1094   1.8340   0.4492   0.6821   0.3047 
  0.8560   0.3652   0.7446   0.9014  -0.1104   1.0117  -1.0938   0.2246   0.7109   0.1226 
  1.7227   0.4331   1.0000   0.8501  -0.1523   1.3110  -1.5264   0.0098   0.7393   0.4297 
  0.3301   0.5840   1.0195   0.6851  -0.1333   1.9023  -2.3936  -0.0835   0.6909   0.6377 
  0.0205   0.5801   1.0552   0.3115  -0.0762   2.3682  -0.6782  -0.1577   0.6973   0.3955 
  0.0635   0.6563   1.0825  -0.0493   0.0894   2.2314  -0.3784  -0.3350   0.6445   0.1367 
  0.2769   0.7778   1.1050  -0.1392   0.1440   1.2305   0.2344  -0.3872   0.6479   0.4492 
  0.3359   0.6846   1.0225  -0.2598   0.2456   1.6040   0.7197  -0.3892   0.6416   0.4038 
  0.2656   0.6807   1.0181  -0.1699   0.2280   1.5049   0.4321  -0.6270   0.8706   0.1094 
  0.4272   0.7544   1.0566  -0.0425   0.2437   1.6304   0.3564  -0.7559   0.8940  -0.2114 
  0.1084   0.7378   1.1338   0.0459   0.3721   1.6323   0.5889  -0.8633   0.8145  -0.0483 
  0.9692   0.7646   1.1245   0.1289   0.5425   1.4292   0.5522  -0.2402   0.8354   0.2363 
  0.1108   0.7871   1.3550   0.3286   0.5508   1.1953   0.3252   0.9189   0.6753   0.2686 
  1.2266   0.8208   1.4443   0.4771   0.4224   0.8389   0.5420   1.2744   0.7310   0.3975 
  0.3809   0.8735   1.5903   0.6636   0.5522   0.8511   0.2959   2.3574   0.7402   0.4937 
  1.7866   0.8838   1.6997   0.7114   0.9702   0.8662   0.6479   0.3950   0.7383   0.6426 
  0.6963   0.8384   1.7300   0.6699   0.9951   0.8433   0.4463  -4.7070   0.6587   0.6880 
  1.6602   0.8804   1.6914   0.8193   1.0601   0.8042   0.4761  -3.7383   0.5708   0.6416 
  1.2139   0.8252   1.8682   0.9624   1.0645   0.6929   0.8970  -1.4585   0.6992   0.6230 
  2.5620   0.8008   1.9414   1.0156   1.5464   0.6826   0.4141   0.7778   0.8491   0.5801 
  1.0518   0.7827   1.7832   1.0498   1.5493   0.6348   0.4341   1.0352   0.8555   0.6245 
  2.5527   0.5479   1.6489   1.1934   1.6631   0.6528   1.0024   1.8628   0.7490   0.7207 
  0.4307   0.4697   1.4707   1.0596   1.4648   0.6416   0.6675   0.7612   0.7803   0.9507 
  2.3164   0.0967   1.3716   1.5259   0.6919   0.6621   0.5718   0.5381   0.7485   1.4009 
  1.0464   0.3052   1.3003   2.5303   1.4058   0.6064   0.5044   0.4028   0.7534   1.9282 
  1.9775   0.2949   1.0400   0.9438   1.3491   0.6631   0.6289   0.4458   0.7979   2.3462 
  1.1626   0.4346   0.9233   1.6182   1.3535   0.6445   0.5288   0.2266   0.7529   1.8735 
  1.8232   0.3159   0.7134   1.3135   1.2656   0.6968   0.4414   0.7959   0.7642   1.3594 
  0.9126   0.4019   0.4253   1.5425   1.2300   0.7554   0.4258   1.2495   0.7358   1.9922 
  1.2661   0.3301   0.2441   1.3384   1.1348   0.7461   0.3921   0.0879   0.7778   1.0508 
  0.8359   0.3584  -0.0327   1.2983   1.0254   0.7720   0.1055   0.8740   0.7842   1.5566 
  0.8682   0.3740  -0.2764   1.1289   1.0439   0.7373  -0.1548   0.0483   0.7720   1.0444 
  0.8462   0.4731  -0.3306   1.0347   0.8789   0.7471  -0.2207   0.7578   0.7847   0.7217 
  0.5459   0.5562  -0.5215   0.9365   0.7671   0.7075  -0.0728  -0.2441   0.7461   0.7007 
  0.5811   0.6719  -0.6206   0.9111   0.7515   0.6958   0.0479   0.5146   0.7480   0.4043 
  0.6128   0.6431  -0.6445   0.9629   0.7246   0.6772   0.1606  -0.4888   0.7754   0.1177 
  0.5039   0.6016  -0.8408   0.9893   0.7319   0.6611   0.2583   0.0278   0.7559  -0.0542 
  0.4565   0.6880  -0.7593   0.9087   0.6411   0.5864   0.3291  -0.2676   0.8770   0.1260 
  0.4429   0.7119  -0.0503   0.8296   0.6201   0.5425   0.5386   0.3545   0.9546   0.0898 
  0.4097   0.8433   0.8291   0.7427   0.5737   0.4888   0.7017   0.2393   1.0879   0.1035 
  0.4072   0.7837   1.8730   0.6992   0.5283   0.4634   0.8081   0.3662   1.1509   0.1758 
  0.3232   0.7236   2.1958   0.7075   0.5547   0.4893   1.0796   0.4790   1.2417   0.1826 
  0.6768   0.6177  -1.5913   0.6323   0.5435   0.3501   1.0801   0.3931   1.4590   0.3511 
  0.1035   0.7642  -4.1035   0.6831   0.5518   0.3604   1.2490   0.9365   1.4658   0.2915 
  0.8608   0.8286  -3.8159   0.6133   0.5059   0.3599   1.3569   0.4395   1.4971   0.2549 
  0.3574   0.8657  -1.0903   0.6069   0.4673   0.3691   1.5557   1.3735   1.6270   0.2568 
  0.3535   0.8750   1.3994   0.5791   0.4238   0.4248   1.4087   0.5166   1.7075   0.3203 
  0.9014   0.6831   1.8398   0.5977   0.3940   0.4731   2.3516   1.4961   1.7417   0.3452 
  0.4272   0.6924   0.2500   0.5859   0.3745   0.5391   2.4434   1.0693   1.8457   0.3687 
  0.3931   1.2900   0.4067   0.6001   0.3940   0.6357   1.6235   1.5732   1.8354   0.4243 
  0.9331   1.0410   0.2471   0.5737   0.4404   0.6191   1.4199   1.9814   1.7476   0.4048 
  0.3818   0.5703   0.3062   0.5708   0.4600   0.6348   2.0107   1.3633   1.8208   0.4092 
  0.4102   0.5659   0.4385   0.5693   0.4697   0.7012   1.7451   1.9976   1.7539   0.4238 
  0.8467   0.7461   0.3516   0.5854   0.4604   0.7607   1.8120   1.4243   1.2271   0.4072 
  0.2031   0.7432   0.1895   0.5781   0.4507   0.8291   1.6709   1.9731   1.6270   0.3784 
  0.4165   0.8340   0.1548   0.5864   0.4536   0.7939   1.4082   1.3218   1.0581   0.3354 
  0.4590   0.9028   0.2412   0.5693   0.4111   0.7725   1.1431   1.4648   0.6807   0.3003 
  0.4072   0.8394   0.4956   0.5405   0.4087   0.7988   1.1948   1.4219   0.7456   0.2427 
  0.3970   0.8882   0.4307   0.4800   0.4409   0.8477   0.9473   1.6055   0.6016   0.2046 
  0.3887   1.1221   0.4409   0.4150   0.4761   0.8809   0.9390   1.2852   0.3037   0.1631 
  0.4028   1.0884   0.5498   0.3882   0.5054   0.8960   0.8115   0.7935   0.0449   0.1323 
  0.4229   1.2515   0.7695   0.3608   0.5342   0.9053   0.7876   1.4180  -0.1357   0.1147 
  0.4536   1.2324   0.8975   0.3291   0.5728   0.9146   0.7007   0.5103  -0.1909   0.1221 
  0.4214   1.3696   1.0586   0.3301   0.5327   0.8760   0.6753   0.8701  -0.3872   0.1279 
  0.5229   1.5205   0.9844   0.3423   0.5757   0.9111   0.6475   0.6187  -0.5347   0.1411 
  0.5347   1.5913   0.8623   0.3467   0.5654   0.9150   0.6304   0.1343  -0.7007   0.1675 
  0.3726   1.5640   0.8657   0.3662   0.6313   0.9253   0.6484   0.8340  -0.8765   0.1938 
  0.4458   1.6655   0.6733   0.4019   0.6465   0.8940   0.6953   0.4707  -1.0996   0.2324 
  0.6855   1.8042   0.5796   0.4604   0.6870   0.8647   0.7319   0.1372  -0.5415   0.2573 
  0.4639   1.8994   0.5322   0.5073   0.7314   0.8247   0.8052   0.7930   0.5259   0.2964 
  0.5659   1.8613   0.4595   0.5532   0.7168   0.8438   0.8794   0.3882   2.1816   0.3267 
  0.7114   1.9443   0.4023   0.5469   0.8574   0.7813   0.9004   0.3384   2.0493   0.4033 
  0.6055   1.7729   0.4360   0.5801   0.8008   0.7847   0.8979   0.8848   1.9160   0.4478 
  0.6182   1.5098   0.4658   0.6084   0.8711   0.7832   0.8691   0.5913  -0.7861   0.4917 
  0.5142   1.5127   0.3843   0.6436   0.8213   0.7876   0.8633   0.4531  -8.3145   0.5225 
  0.4805   1.5957   0.4023   0.5991   0.8477   0.7817   0.8853   0.5166  -1.5635   0.5503 
  0.5439   1.2236   0.4634   0.4829   0.8535   0.7754   0.9023   0.5430  -2.2944   0.6196 
  0.6450   0.8516   0.3120   0.4800   0.8799   0.8096   0.8960   0.5698  -0.6636   0.6587 
  0.6563   0.5610   0.2935   0.6084   0.8330   0.8491   0.8740   0.5898   0.2339   0.6079 
  0.7017   0.3989   0.4893   0.5996   0.8691   0.8647   0.7827   0.5757   1.3804   0.5820 
  0.7236   0.2236   0.5679   0.5938   0.8647   0.8716   0.8027   0.5874   0.1816   0.5620 
  0.8120   0.0142   0.5581   0.6948   0.8789   0.9253   0.7070   0.6328   0.2554   0.5527 
  0.8159  -0.0767   0.4653   0.7456   0.8042   0.9019   0.6938   0.6772   0.4043   0.5483 
  0.8369  -0.3140   0.5908   0.7637   0.8320   0.9185   0.6045   0.6494   0.5903   0.5352 
  0.8521  -0.3970   0.6177   0.7803   0.7354   0.8799   0.5479   0.4487   0.5488   0.4751 
  0.8882  -0.4893   0.6294   0.7466   0.8164   0.9077   0.5103   0.3696   0.7954   0.4526 
  0.8462  -0.5840   0.5181   0.6338   0.8125   0.9082   0.4956   0.5884   0.8623   0.3740 
  0.7881  -0.6553   0.4141   0.6489   0.8145   0.9106   0.4810   0.3833   0.7603   0.2866 
  0.7051  -0.7886   0.5225   0.6514   0.8252   0.8003   0.4863   0.2451   0.6895   0.2539 
  0.6465  -0.9321   0.5688   0.6436   0.7817   0.8164   0.4668   0.4268   0.6963   0.1602 
  0.6689  -0.2642   0.5234   0.5977   0.7104   0.8208   0.4697   0.3716   0.5337   0.0894 
  0.6221   0.5605   0.5405   0.6167   0.7568   0.8408   0.5215   0.3604   0.4849   0.0288 
  0.5962   2.0391   0.5537   0.6055   0.8076   0.8779   0.5410   0.3467   0.5918   0.0249 
  0.5781   2.3496   0.5903   0.5752   0.8174   0.8335   0.5732   0.3354   0.5708   0.0259 
  0.5396  -1.3931   0.5996   0.5654   0.6763   0.8345   0.6035   0.3877   0.4478   0.0537 
  0.5688   0.2231   0.5942   0.5244   0.7168   0.8555   0.6509   0.4233   0.3657   0.0747 
  0.5972  -3.0342   0.6372   0.5151   0.7217   0.8765   0.7031   0.4727   0.1606   0.1069 
  0.5869  -2.8452   0.6455   0.5181   0.6982   0.0000   0.6802   0.5044   0.0122   0.0000 
  0.6045   0.2183   0.6304   0.5332   0.6357   0.0000   0.7661   0.5259  -0.1221   0.0000 
  0.5991  -0.2764   0.5845   0.5596   0.6050   0.0000   0.8228   0.5732  -0.2529   0.0000 
  0.6182  -0.0518   0.6099   0.5728   0.6162   0.0000   0.8330   0.6323  -0.2568   0.0000 
  0.6509   0.5020   0.6743   0.6333   0.7383   0.0000   0.8779   0.6401  -0.2241   0.0000 
  0.0000  -0.0200   0.6406   0.6733   0.6533   0.0000   0.8594   0.6997  -0.0972   0.0000 
  0.0000   0.0078   0.5107   0.6772   0.5811   0.0000   0.9023   0.6729   0.1143   0.0000 
  0.0000   0.2935   0.4761   0.7236   0.6006   0.0000   0.9111   0.6685   0.2422   0.0000 
  0.0000   0.4893   0.4277   0.7407   0.6592   0.0000   0.9160   0.7324   0.2378   0.0000 
  0.0000   0.7925   0.4150   0.7539   0.7153   0.0000   0.9541   0.7119   0.5400   0.0000 
  0.0000   0.9146   0.4604   0.7495   0.5972   0.0000   0.9180   0.6914   0.7534   0.0000 
  0.0000   0.8970   0.2637   0.7192   0.6089   0.0000   0.0000   0.7402   0.7056   0.0000 
  0.0000   0.8936   0.3022   0.7100   0.6680   0.0000   0.0000   0.0000   0.8730   0.0000 
  0.0000   0.8340   0.0522   0.6768   0.7363   0.0000   0.0000   0.0000   1.2734   0.0000 
  0.0000   0.7773   0.1563   0.6514   0.5620   0.0000   0.0000   0.0000   1.3828   0.0000 
  0.0000   0.7007   0.3799   0.6284   0.6680   0.0000   0.0000   0.0000   1.4429   0.0000 
  0.0000   0.5928   0.1943   0.5996   0.6743   0.0000   0.0000   0.0000   1.6025   0.0000 
  0.0000   0.6040   0.4829   0.5767   0.6729   0.0000   0.0000   0.0000   1.8364   0.0000 
  0.0000   0.7026   0.6040   0.5527   0.5244   0.0000   0.0000   0.0000   1.9307   0.0000 
  0.0000   0.6846   0.5146   0.5044   0.6152   0.0000   0.0000   0.0000   1.6870   0.0000 
  0.0000   0.7422   0.4678   0.4683   0.5078   0.0000   0.0000   0.0000   1.7944   0.0000 
  0.0000   0.6641   0.3774   0.4390   0.4673   0.0000   0.0000   0.0000   1.7461   0.0000 
  0.0000   0.6064   0.3779   0.4072   0.4072   0.0000   0.0000   0.0000   1.8301   0.0000 
  0.0000   0.6235   0.4590   0.3862   0.4399   0.0000   0.0000   0.0000   1.7231   0.0000 
  0.0000   0.6187   0.4185   0.3750   0.2178   0.0000   0.0000   0.0000   1.6182   0.0000 
  0.0000   0.7383   0.4136   0.3555  -0.1348   0.0000   0.0000   0.0000   1.6543   0.0000 
  0.0000   0.7021   0.3535   0.3589  -0.5435   0.0000   0.0000   0.0000   1.7461   0.0000 
  0.0000   0.6323   0.3574   0.3750   0.7388   0.0000   0.0000   0.0000   1.7427   0.0000 
  0.0000   0.6362   0.3403   0.3916   1.3564   0.0000   0.0000   0.0000   1.5981   0.0000 
  0.0000   0.6587   0.2949   0.4268   0.6309   0.0000   0.0000   0.0000   1.6123   0.0000 
  0.0000   0.6968   0.3726   0.0000   0.4688   0.0000   0.0000   0.0000   1.4580   0.0000 
  0.0000   0.6406   0.2754   0.0000   0.4907   0.0000   0.0000   0.0000   1.3159   0.0000 
  0.0000   0.6250   0.3340   0.0000   0.6670   0.0000   0.0000   0.0000   1.1870   0.0000 
  0.0000   0.6812   0.3843   0.0000   0.6411   0.0000   0.0000   0.0000   0.8667   0.0000 
  0.0000   0.6802   0.4580   0.0000   0.6528   0.0000   0.0000   0.0000   0.8955   0.0000 
  0.0000   0.6938   0.6465   0.0000   0.6646   0.0000   0.0000   0.0000   0.8320   0.0000 
  0.0000   0.6494   1.0127   0.0000   0.6475   0.0000   0.0000   0.0000   0.8047   0.0000 
  0.0000   0.6152   1.1475   0.0000   0.6113   0.0000   0.0000   0.0000   0.7710   0.0000 
  0.0000   0.6504   1.2124   0.0000   0.5342   0.0000   0.0000   0.0000   0.7822   0.0000 
  0.0000   0.6523   1.2998   0.0000   0.3975   0.0000   0.0000   0.0000   0.7813   0.0000 
  0.0000   0.6714   1.2358   0.0000   0.5215   0.0000   0.0000   0.0000   0.8535   0.0000 
  0.0000   0.6572   0.1348   0.0000   0.6299   0.0000   0.0000   0.0000   0.8042   0.0000 
  0.0000   0.5918   0.3892   0.0000   0.7417   0.0000   0.0000   0.0000   0.8945   0.0000 
  0.0000   0.5332   0.2275   0.0000   0.7920   0.0000   0.0000   0.0000   0.8696   0.0000 
  0.0000   0.4248  -0.4766   0.0000   0.7871   0.0000   0.0000   0.0000   0.8638   0.0000 
  0.0000   0.3799  -0.3828   0.0000   0.7583   0.0000   0.0000   0.0000   0.8472   0.0000 
  0.0000   0.2314  -0.2832   0.0000   0.7109   0.0000   0.0000   0.0000   0.8110   0.0000 
  0.0000   0.0571   0.1465   0.0000   0.6768   0.0000   0.0000   0.0000   0.7778   0.0000 
  0.0000  -0.0488   0.3535   0.0000   0.5615   0.0000   0.0000   0.0000   0.7729   0.0000 
  0.0000  -0.0317   0.3770   0.0000   0.4976   0.0000   0.0000   0.0000   0.7192   0.0000 
  0.0000  -0.0073   0.3008   0.0000   0.7720   0.0000   0.0000   0.0000   0.6729   0.0000 
  0.0000  -0.0269   0.1924   0.0000   0.4854   0.0000   0.0000   0.0000   0.6299   0.0000 
  0.0000  -0.0425   0.5630   0.0000   0.8486   0.0000   0.0000   0.0000   0.5947   0.0000 
  0.0000   0.0337   0.9634   0.0000   0.8452   0.0000   0.0000   0.0000   0.5801   0.0000 
  0.0000   0.1367   0.8350   0.0000   0.7007   0.0000   0.0000   0.0000   0.5278   0.0000 
  0.0000   0.3188   1.0249   0.0000   0.7773   0.0000   0.0000   0.0000   0.5308   0.0000 
  0.0000   0.5283   1.1636   0.0000   0.6714   0.0000   0.0000   0.0000   0.4482   0.0000 
  0.0000   0.8413   1.3154   0.0000   0.5352   0.0000   0.0000   0.0000   0.4990   0.0000 
  0.0000   1.2397   1.4458   0.0000   0.5190   0.0000   0.0000   0.0000   0.5122   0.0000 
  0.0000   1.4702   1.6992   0.0000   0.5889   0.0000   0.0000   0.0000   0.5073   0.0000 
  0.0000   1.8140   1.5347   0.0000   0.5879   0.0000   0.0000   0.0000   0.5313   0.0000 
  0.0000   1.9985   1.7241   0.0000   0.6934   0.0000   0.0000   0.0000   0.5366   0.0000 
  0.0000   1.8765   1.6865   0.0000   0.6699   0.0000   0.0000   0.0000   0.5562   0.0000 
  0.0000   2.0947   1.8213   0.0000   0.6240   0.0000   0.0000   0.0000   0.5991   0.0000 
  0.0000   1.8672   1.5693   0.0000   0.5562   0.0000   0.0000   0.0000   0.6699   0.0000 
  0.0000   1.3584   1.4727   0.0000   0.6938   0.0000   0.0000   0.0000   0.6841   0.0000 
  0.0000   1.5908   1.3521   0.0000   0.5825   0.0000   0.0000   0.0000   0.6841   0.0000 
  0.0000   1.8970   1.4229   0.0000   0.7520   0.0000   0.0000   0.0000   0.6865   0.0000 
  0.0000   1.6230   1.2876   0.0000   0.6909   0.0000   0.0000   0.0000   0.6597   0.0000 
  0.0000   1.8008   1.2153   0.0000   0.7124   0.0000   0.0000   0.0000   0.6553   0.0000 
  0.0000   1.8667   1.1753   0.0000   0.6470   0.0000   0.0000   0.0000   0.5503   0.0000 
  0.0000   1.7905   1.0249   0.0000   0.6865   0.0000   0.0000   0.0000   0.5249   0.0000 
  0.0000   1.7749   1.0444   0.0000   0.7690   0.0000   0.0000   0.0000   0.6245   0.0000 
  0.0000   1.6304   0.0000   0.0000   0.7393   0.0000   0.0000   0.0000   0.5991   0.0000 
  0.0000   1.4404   0.0000   0.0000   0.6206   0.0000   0.0000   0.0000   0.5347   0.0000 
  0.0000   1.1089   0.0000   0.0000   0.6807   0.0000   0.0000   0.0000   0.6704   0.0000 
  0.0000   0.9536   0.0000   0.0000   0.7432   0.0000   0.0000   0.0000   0.7754   0.0000 
  0.0000   0.8286   0.0000   0.0000   0.7939   0.0000   0.0000   0.0000   0.8252   0.0000 
  0.0000   0.7891   0.0000   0.0000   0.8154   0.0000   0.0000   0.0000   0.8647   0.0000 
  0.0000   0.7642   0.0000   0.0000   0.8477   0.0000   0.0000   0.0000   0.8950   0.0000 
  0.0000   0.6807   0.0000   0.0000   0.8232   0.0000   0.0000   0.0000   0.9263   0.0000 
  0.0000   0.6494   0.0000   0.0000   0.8867   0.0000   0.0000   0.0000   0.9165   0.0000 
  0.0000   0.6724   0.0000   0.0000   0.9941   0.0000   0.0000   0.0000   0.8364   0.0000 
  0.0000   0.7090   0.0000   0.0000   1.1724   0.0000   0.0000   0.0000   0.8052   0.0000 
  0.0000   0.8174   0.0000   0.0000   1.2466   0.0000   0.0000   0.0000   0.0000   0.0000 
  0.0000   0.7783   0.0000   0.0000   1.4023   0.0000   0.0000   0.0000   0.0000   0.0000 
  0.0000   0.8950   0.0000   0.0000   1.4102   0.0000   0.0000   0.0000   0.0000   0.0000 
  0.0000   0.9961   0.0000   0.0000   1.5313   0.0000   0.0000   0.0000   0.0000   0.0000 
  0.0000   1.0420   0.0000   0.0000   1.5996   0.0000   0.0000   0.0000   0.0000   0.0000 
  0.0000   1.0630   0.0000   0.0000   1.6660   0.0000   0.0000   0.0000   0.0000   0.0000 
  0.0000   1.1509   0.0000   0.0000   1.6719   0.0000   0.0000   0.0000   0.0000   0.0000 
  0.0000   1.1772   0.0000   0.0000   1.6973   0.0000   0.0000   0.0000   0.0000   0.0000 
  0.0000   1.1709   0.0000   0.0000   0.0000   0.0000   0.0000   0.0000   0.0000   0.0000 
  0.0000   1.1973   0.0000   0.0000   0.0000   0.0000   0.0000   0.0000   0.0000   0.0000 
  0.0000   1.2588   0.0000   0.0000   0.0000   0.0000   0.0000   0.0000   0.0000   0.0000 
  0.0000   1.1812   0.0000   0.0000   0.0000   0.0000   0.0000   0.0000   0.0000   0.0000 
  0.0000   1.1333   0.0000   0.0000   0.0000   0.0000   0.0000   0.0000   0.0000   0.0000 
  0.0000   1.1133   0.0000   0.0000   0.0000   0.0000   0.0000   0.0000   0.0000   0.0000 
  0.0000   1.0493   0.0000   0.0000   0.0000   0.0000   0.0000   0.0000   0.0000   0.0000 
  0.0000   1.1812   0.0000   0.0000   0.0000   0.0000   0.0000   0.0000   0.0000   0.0000 
  0.0000   1.1646   0.0000   0.0000   0.0000   0.0000   0.0000   0.0000   0.0000   0.0000 
  0.0000   0.9873   0.0000   0.0000   0.0000   0.0000   0.0000   0.0000   0.0000   0.0000 
  0.0000   0.0000   0.0000   0.0000   0.0000   0.0000   0.0000   0.0000   0.0000   0.0000 
  0.0000   0.0000   0.0000   0.0000   0.0000   0.0000   0.0000   0.0000   0.0000   0.0000 
  0.0000   0.0000   0.0000   0.0000   0.0000   0.0000   0.0000   0.0000   0.0000   0.0000 
  0.0000   0.0000   0.0000   0.0000   0.0000   0.0000   0.0000   0.0000   0.0000   0.0000 
  0.0000   0.0000   0.0000   0.0000   0.0000   0.0000   0.0000   0.0000   0.0000   0.0000 
  0.0000   0.0000   0.0000   0.0000   0.0000   0.0000   0.0000   0.0000   0.0000   0.0000 
  0.0000   0.0000   0.0000   0.0000   0.0000   0.0000   0.0000   0.0000   0.0000   0.0000 
  0.0000   0.0000   0.0000   0.0000   0.0000   0.0000   0.0000   0.0000   0.0000   0.0000 
  0.0000   0.0000   0.0000   0.0000   0.0000   0.0000   0.0000   0.0000   0.0000   0.0000 
  0.0000   0.0000   0.0000   0.0000   0.0000   0.0000   0.0000   0.0000   0.0000   0.0000 
  0.0000   0.0000   0.0000   0.0000   0.0000   0.0000   0.0000   0.0000   0.0000   0.0000 
  0.0000   0.0000   0.0000   0.0000   0.0000   0.0000   0.0000   0.0000   0.0000   0.0000 
  0.0000   0.0000   0.0000   0.0000   0.0000   0.0000   0.0000   0.0000   0.0000   0.0000 
  0.0000   0.0000   0.0000   0.0000   0.0000   0.0000   0.0000   0.0000   0.0000   0.0000 
  0.0000   0.0000   0.0000   0.0000   0.0000   0.0000   0.0000   0.0000   0.0000   0.0000 
  0.0000   0.0000   0.0000   0.0000   0.0000   0.0000   0.0000   0.0000   0.0000   0.0000 
  0.0000   0.0000   0.0000   0.0000   0.0000   0.0000   0.0000   0.0000   0.0000   0.0000 
  0.0000   0.0000   0.0000   0.0000   0.0000   0.0000   0.0000   0.0000   0.0000   0.0000 
  0.0000   0.0000   0.0000   0.0000   0.0000   0.0000   0.0000   0.0000   0.0000   0.0000 
  0.0000   0.0000   0.0000   0.0000   0.0000   0.0000   0.0000   0.0000   0.0000   0.0000 
  0.0000   0.0000   0.0000   0.0000   0.0000   0.0000   0.0000   0.0000   0.0000   0.0000 
  0.0000   0.0000   0.0000   0.0000   0.0000   0.0000   0.0000   0.0000   0.0000   0.0000 
  0.0000   0.0000   0.0000   0.0000   0.0000   0.0000   0.0000   0.0000   0.0000   0.0000 
  0.0000   0.0000   0.0000   0.0000   0.0000   0.0000   0.0000   0.0000   0.0000   0.0000 
  0.0000   0.0000   0.0000   0.0000   0.0000   0.0000   0.0000   0.0000   0.0000   0.0000 
  0.0000   0.0000   0.0000   0.0000   0.0000   0.0000   0.0000   0.0000   0.0000   0.0000 
  0.0000   0.0000   0.0000   0.0000   0.0000   0.0000   0.0000   0.0000   0.0000   0.0000 
  0.0000   0.0000   0.0000   0.0000   0.0000   0.0000   0.0000   0.0000   0.0000   0.0000 
  0.0000   0.0000   0.0000   0.0000   0.0000   0.0000   0.0000   0.0000   0.0000   0.0000 
  0.0000   0.0000   0.0000   0.0000   0.0000   0.0000   0.0000   0.0000   0.0000   0.0000 
  0.0000   0.0000   0.0000   0.0000   0.0000   0.0000   0.0000   0.0000   0.0000   0.0000 
  0.0000   0.0000   0.0000   0.0000   0.0000   0.0000   0.0000   0.0000   0.0000   0.0000 
  0.0000   0.0000   0.0000   0.0000   0.0000   0.0000   0.0000   0.0000   0.0000   0.0000 
  0.0000   0.0000   0.0000   0.0000   0.0000   0.0000   0.0000   0.0000   0.0000   0.0000 
  0.0000   0.0000   0.0000   0.0000   0.0000   0.0000   0.0000   0.0000   0.0000   0.0000 
  0.0000   0.0000   0.0000   0.0000   0.0000   0.0000   0.0000   0.0000   0.0000   0.0000 
  0.0000   0.0000   0.0000   0.0000   0.0000   0.0000   0.0000   0.0000   0.0000   0.0000 
  0.0000   0.0000   0.0000   0.0000   0.0000   0.0000   0.0000   0.0000   0.0000   0.0000 
  0.0000   0.0000   0.0000   0.0000   0.0000   0.0000   0.0000   0.0000   0.0000   0.0000 
  0.0000   0.0000   0.0000   0.0000   0.0000   0.0000   0.0000   0.0000   0.0000   0.0000 
  0.0000   0.0000   0.0000   0.0000   0.0000   0.0000   0.0000   0.0000   0.0000   0.0000 
  0.0000   0.0000   0.0000   0.0000   0.0000   0.0000   0.0000   0.0000   0.0000   0.0000 
  0.0000   0.0000   0.0000   0.0000   0.0000   0.0000   0.0000   0.0000   0.0000   0.0000 
  0.0000   0.0000   0.0000   0.0000   0.0000   0.0000   0.0000   0.0000   0.0000   0.0000 
  0.0000   0.0000   0.0000   0.0000   0.0000   0.0000   0.0000   0.0000   0.0000   0.0000 
  0.0000   0.0000   0.0000   0.0000   0.0000   0.0000   0.0000   0.0000   0.0000   0.0000 
  0.0000   0.0000   0.0000   0.0000   0.0000   0.0000   0.0000   0.0000   0.0000   0.0000 
  0.0000   0.0000   0.0000   0.0000   0.0000   0.0000   0.0000   0.0000   0.0000   0.0000 
  0.0000   0.0000   0.0000   0.0000   0.0000   0.0000   0.0000   0.0000   0.0000   0.0000 
  0.0000   0.0000   0.0000   0.0000   0.0000   0.0000   0.0000   0.0000   0.0000   0.0000 
  0.0000   0.0000   0.0000   0.0000   0.0000   0.0000   0.0000   0.0000   0.0000   0.0000 
  0.0000   0.0000   0.0000   0.0000   0.0000   0.0000   0.0000   0.0000   0.0000   0.0000 
  0.0000   0.0000   0.0000   0.0000   0.0000   0.0000   0.0000   0.0000   0.0000   0.0000 
  0.0000   0.0000   0.0000   0.0000   0.0000   0.0000   0.0000   0.0000   0.0000   0.0000 
  0.0000   0.0000   0.0000   0.0000   0.0000   0.0000   0.0000   0.0000   0.0000   0.0000 
  0.0000   0.0000   0.0000   0.0000   0.0000   0.0000   0.0000   0.0000   0.0000   0.0000 
  0.0000   0.0000   0.0000   0.0000   0.0000   0.0000   0.0000   0.0000   0.0000   0.0000 
  0.0000   0.0000   0.0000   0.0000   0.0000   0.0000   0.0000   0.0000   0.0000   0.0000 
  0.0000   0.0000   0.0000   0.0000   0.0000   0.0000   0.0000   0.0000   0.0000   0.0000 
  0.0000   0.0000   0.0000   0.0000   0.0000   0.0000   0.0000   0.0000   0.0000   0.0000 
  0.0000   0.0000   0.0000   0.0000   0.0000   0.0000   0.0000   0.0000   0.0000   0.0000 
  0.0000   0.0000   0.0000   0.0000   0.0000   0.0000   0.0000   0.0000   0.0000   0.0000 
  0.0000   0.0000   0.0000   0.0000   0.0000   0.0000   0.0000   0.0000   0.0000   0.0000 
  0.0000   0.0000   0.0000   0.0000   0.0000   0.0000   0.0000   0.0000   0.0000   0.0000 
  0.0000   0.0000   0.0000   0.0000   0.0000   0.0000   0.0000   0.0000   0.0000   0.0000 
  0.0000   0.0000   0.0000   0.0000   0.0000   0.0000   0.0000   0.0000   0.0000   0.0000 
  0.0000   0.0000   0.0000   0.0000   0.0000   0.0000   0.0000   0.0000   0.0000   0.0000 
  0.0000   0.0000   0.0000   0.0000   0.0000   0.0000   0.0000   0.0000   0.0000   0.0000 
  0.0000   0.0000   0.0000   0.0000   0.0000   0.0000   0.0000   0.0000   0.0000   0.0000 
  0.0000   0.0000   0.0000   0.0000   0.0000   0.0000   0.0000   0.0000   0.0000   0.0000 
  0.0000   0.0000   0.0000   0.0000   0.0000   0.0000   0.0000   0.0000   0.0000   0.0000 
  0.0000   0.0000   0.0000   0.0000   0.0000   0.0000   0.0000   0.0000   0.0000   0.0000 
  0.0000   0.0000   0.0000   0.0000   0.0000   0.0000   0.0000   0.0000   0.0000   0.0000 
  0.0000   0.0000   0.0000   0.0000   0.0000   0.0000   0.0000   0.0000   0.0000   0.0000 
  0.0000   0.0000   0.0000   0.0000   0.0000   0.0000   0.0000   0.0000   0.0000   0.0000 
  0.0000   0.0000   0.0000   0.0000   0.0000   0.0000   0.0000   0.0000   0.0000   0.0000 
  0.0000   0.0000   0.0000   0.0000   0.0000   0.0000   0.0000   0.0000   0.0000   0.0000 
  0.0000   0.0000   0.0000   0.0000   0.0000   0.0000   0.0000   0.0000   0.0000   0.0000 
  0.0000   0.0000   0.0000   0.0000   0.0000   0.0000   0.0000   0.0000   0.0000   0.0000 
  0.0000   0.0000   0.0000   0.0000   0.0000   0.0000   0.0000   0.0000   0.0000   0.0000 
  0.0000   0.0000   0.0000   0.0000   0.0000   0.0000   0.0000   0.0000   0.0000   0.0000 
  0.0000   0.0000   0.0000   0.0000   0.0000   0.0000   0.0000   0.0000   0.0000   0.0000 
  0.0000   0.0000   0.0000   0.0000   0.0000   0.0000   0.0000   0.0000   0.0000   0.0000 
  0.0000   0.0000   0.0000   0.0000   0.0000   0.0000   0.0000   0.0000   0.0000   0.0000 
  0.0000   0.0000   0.0000   0.0000   0.0000   0.0000   0.0000   0.0000   0.0000   0.0000 
  0.0000   0.0000   0.0000   0.0000   0.0000   0.0000   0.0000   0.0000   0.0000   0.0000 
  0.0000   0.0000   0.0000   0.0000   0.0000   0.0000   0.0000   0.0000   0.0000   0.0000 
  0.0000   0.0000   0.0000   0.0000   0.0000   0.0000   0.0000   0.0000   0.0000   0.0000 
  0.0000   0.0000   0.0000   0.0000   0.0000   0.0000   0.0000   0.0000   0.0000   0.0000 
  0.0000   0.0000   0.0000   0.0000   0.0000   0.0000   0.0000   0.0000   0.0000   0.0000 
  0.0000   0.0000   0.0000   0.0000   0.0000   0.0000   0.0000   0.0000   0.0000   0.0000 
  0.0000   0.0000   0.0000   0.0000   0.0000   0.0000   0.0000   0.0000   0.0000   0.0000 
  0.0000   0.0000   0.0000   0.0000   0.0000   0.0000   0.0000   0.0000   0.0000   0.0000 
  0.0000   0.0000   0.0000   0.0000   0.0000   0.0000   0.0000   0.0000   0.0000   0.0000 
  0.0000   0.0000   0.0000   0.0000   0.0000   0.0000   0.0000   0.0000   0.0000   0.0000 
  0.0000   0.0000   0.0000   0.0000   0.0000   0.0000   0.0000   0.0000   0.0000   0.0000 
  0.0000   0.0000   0.0000   0.0000   0.0000   0.0000   0.0000   0.0000   0.0000   0.0000 
  0.0000   0.0000   0.0000   0.0000   0.0000   0.0000   0.0000   0.0000   0.0000   0.0000 
  0.0000   0.0000   0.0000   0.0000   0.0000   0.0000   0.0000   0.0000   0.0000   0.0000 
  0.0000   0.0000   0.0000   0.0000   0.0000   0.0000   0.0000   0.0000   0.0000   0.0000 
  0.0000   0.0000   0.0000   0.0000   0.0000   0.0000   0.0000   0.0000   0.0000   0.0000 
  0.0000   0.0000   0.0000   0.0000   0.0000   0.0000   0.0000   0.0000   0.0000   0.0000 
  0.0000   0.0000   0.0000   0.0000   0.0000   0.0000   0.0000   0.0000   0.0000   0.0000 
  0.0000   0.0000   0.0000   0.0000   0.0000   0.0000   0.0000   0.0000   0.0000   0.0000 
  0.0000   0.0000   0.0000   0.0000   0.0000   0.0000   0.0000   0.0000   0.0000   0.0000 
  0.0000   0.0000   0.0000   0.0000   0.0000   0.0000   0.0000   0.0000   0.0000   0.0000 
  0.0000   0.0000   0.0000   0.0000   0.0000   0.0000   0.0000   0.0000   0.0000   0.0000 
  0.0000   0.0000   0.0000   0.0000   0.0000   0.0000   0.0000   0.0000   0.0000   0.0000 
  0.0000   0.0000   0.0000   0.0000   0.0000   0.0000   0.0000   0.0000   0.0000   0.0000 
  0.0000   0.0000   0.0000   0.0000   0.0000   0.0000   0.0000   0.0000   0.0000   0.0000 
  0.0000   0.0000   0.0000   0.0000   0.0000   0.0000   0.0000   0.0000   0.0000   0.0000 
  0.0000   0.0000   0.0000   0.0000   0.0000   0.0000   0.0000   0.0000   0.0000   0.0000 
  0.0000   0.0000   0.0000   0.0000   0.0000   0.0000   0.0000   0.0000   0.0000   0.0000 
  0.0000   0.0000   0.0000   0.0000   0.0000   0.0000   0.0000   0.0000   0.0000   0.0000 
  0.0000   0.0000   0.0000   0.0000   0.0000   0.0000   0.0000   0.0000   0.0000   0.0000 
  0.0000   0.0000   0.0000   0.0000   0.0000   0.0000   0.0000   0.0000   0.0000   0.0000 
  0.0000   0.0000   0.0000   0.0000   0.0000   0.0000   0.0000   0.0000   0.0000   0.0000 
  0.0000   0.0000   0.0000   0.0000   0.0000   0.0000   0.0000   0.0000   0.0000   0.0000 
  0.0000   0.0000   0.0000   0.0000   0.0000   0.0000   0.0000   0.0000   0.0000   0.0000 
  0.0000   0.0000   0.0000   0.0000   0.0000   0.0000   0.0000   0.0000   0.0000   0.0000 
  0.0000   0.0000   0.0000   0.0000   0.0000   0.0000   0.0000   0.0000   0.0000   0.0000 
  0.0000   0.0000   0.0000   0.0000   0.0000   0.0000   0.0000   0.0000   0.0000   0.0000 
  0.0000   0.0000   0.0000   0.0000   0.0000   0.0000   0.0000   0.0000   0.0000   0.0000 
  0.0000   0.0000   0.0000   0.0000   0.0000   0.0000   0.0000   0.0000   0.0000   0.0000 
  0.0000   0.0000   0.0000   0.0000   0.0000   0.0000   0.0000   0.0000   0.0000   0.0000 
  0.0000   0.0000   0.0000   0.0000   0.0000   0.0000   0.0000   0.0000   0.0000   0.0000 
  0.0000   0.0000   0.0000   0.0000   0.0000   0.0000   0.0000   0.0000   0.0000   0.0000 
  0.0000   0.0000   0.0000   0.0000   0.0000   0.0000   0.0000   0.0000   0.0000   0.0000 
  0.0000   0.0000   0.0000   0.0000   0.0000   0.0000   0.0000   0.0000   0.0000   0.0000 
  0.0000   0.0000   0.0000   0.0000   0.0000   0.0000   0.0000   0.0000   0.0000   0.0000 
  0.0000   0.0000   0.0000   0.0000   0.0000   0.0000   0.0000   0.0000   0.0000   0.0000 
  0.0000   0.0000   0.0000   0.0000   0.0000   0.0000   0.0000   0.0000   0.0000   0.0000 
  0.0000   0.0000   0.0000   0.0000   0.0000   0.0000   0.0000   0.0000   0.0000   0.0000 
  0.0000   0.0000   0.0000   0.0000   0.0000   0.0000   0.0000   0.0000   0.0000   0.0000 
  0.0000   0.0000   0.0000   0.0000   0.0000   0.0000   0.0000   0.0000   0.0000   0.0000 
  0.0000   0.0000   0.0000   0.0000   0.0000   0.0000   0.0000   0.0000   0.0000   0.0000 
  0.0000   0.0000   0.0000   0.0000   0.0000   0.0000   0.0000   0.0000   0.0000   0.0000 
  0.0000   0.0000   0.0000   0.0000   0.0000   0.0000   0.0000   0.0000   0.0000   0.0000 
  0.0000   0.0000   0.0000   0.0000   0.0000   0.0000   0.0000   0.0000   0.0000   0.0000 
  0.0000   0.0000   0.0000   0.0000   0.0000   0.0000   0.0000   0.0000   0.0000   0.0000 
  0.0000   0.0000   0.0000   0.0000   0.0000   0.0000   0.0000   0.0000   0.0000   0.0000 
  0.0000   0.0000   0.0000   0.0000   0.0000   0.0000   0.0000   0.0000   0.0000   0.0000 
  0.0000   0.0000   0.0000   0.0000   0.0000   0.0000   0.0000   0.0000   0.0000   0.0000 
  0.0000   0.0000   0.0000   0.0000   0.0000   0.0000   0.0000   0.0000   0.0000   0.0000 
  0.0000   0.0000   0.0000   0.0000   0.0000   0.0000   0.0000   0.0000   0.0000   0.0000 
  0.0000   0.0000   0.0000   0.0000   0.0000   0.0000   0.0000   0.0000   0.0000   0.0000 
  0.0000   0.0000   0.0000   0.0000   0.0000   0.0000   0.0000   0.0000   0.0000   0.0000 
  0.0000   0.0000   0.0000   0.0000   0.0000   0.0000   0.0000   0.0000   0.0000   0.0000 
  0.0000   0.0000   0.0000   0.0000   0.0000   0.0000   0.0000   0.0000   0.0000   0.0000 
  0.0000   0.0000   0.0000   0.0000   0.0000   0.0000   0.0000   0.0000   0.0000   0.0000 
  0.0000   0.0000   0.0000   0.0000   0.0000   0.0000   0.0000   0.0000   0.0000   0.0000 
  0.0000   0.0000   0.0000   0.0000   0.0000   0.0000   0.0000   0.0000   0.0000   0.0000 
  0.0000   0.0000   0.0000   0.0000   0.0000   0.0000   0.0000   0.0000   0.0000   0.0000 
  0.0000   0.0000   0.0000   0.0000   0.0000   0.0000   0.0000   0.0000   0.0000   0.0000 
  0.0000   0.0000   0.0000   0.0000   0.0000   0.0000   0.0000   0.0000   0.0000   0.0000 
  0.0000   0.0000   0.0000   0.0000   0.0000   0.0000   0.0000   0.0000   0.0000   0.0000 
  0.0000   0.0000   0.0000   0.0000   0.0000   0.0000   0.0000   0.0000   0.0000   0.0000 
  0.0000   0.0000   0.0000   0.0000   0.0000   0.0000   0.0000   0.0000   0.0000   0.0000 
  0.0000   0.0000   0.0000   0.0000   0.0000   0.0000   0.0000   0.0000   0.0000   0.0000 
  0.0000   0.0000   0.0000   0.0000   0.0000   0.0000   0.0000   0.0000   0.0000   0.0000 
  0.0000   0.0000   0.0000   0.0000   0.0000   0.0000   0.0000   0.0000   0.0000   0.0000 
  0.0000   0.0000   0.0000   0.0000   0.0000   0.0000   0.0000   0.0000   0.0000   0.0000 
  0.0000   0.0000   0.0000   0.0000   0.0000   0.0000   0.0000   0.0000   0.0000   0.0000 
  0.0000   0.0000   0.0000   0.0000   0.0000   0.0000   0.0000   0.0000   0.0000   0.0000 
  0.0000   0.0000   0.0000   0.0000   0.0000   0.0000   0.0000   0.0000   0.0000   0.0000 
  0.0000   0.0000   0.0000   0.0000   0.0000   0.0000   0.0000   0.0000   0.0000   0.0000 
  0.0000   0.0000   0.0000   0.0000   0.0000   0.0000   0.0000   0.0000   0.0000   0.0000 
  0.0000   0.0000   0.0000   0.0000   0.0000   0.0000   0.0000   0.0000   0.0000   0.0000 
  0.0000   0.0000   0.0000   0.0000   0.0000   0.0000   0.0000   0.0000   0.0000   0.0000 
  0.0000   0.0000   0.0000   0.0000   0.0000   0.0000   0.0000   0.0000   0.0000   0.0000 
  0.0000   0.0000   0.0000   0.0000   0.0000   0.0000   0.0000   0.0000   0.0000   0.0000 
  0.0000   0.0000   0.0000   0.0000   0.0000   0.0000   0.0000   0.0000   0.0000   0.0000 
  0.0000   0.0000   0.0000   0.0000   0.0000   0.0000   0.0000   0.0000   0.0000   0.0000 
  0.0000   0.0000   0.0000   0.0000   0.0000   0.0000   0.0000   0.0000   0.0000   0.0000 
  0.0000   0.0000   0.0000   0.0000   0.0000   0.0000   0.0000   0.0000   0.0000   0.0000 
  0.0000   0.0000   0.0000   0.0000   0.0000   0.0000   0.0000   0.0000   0.0000   0.0000 
  0.0000   0.0000   0.0000   0.0000   0.0000   0.0000   0.0000   0.0000   0.0000   0.0000 
  0.0000   0.0000   0.0000   0.0000   0.0000   0.0000   0.0000   0.0000   0.0000   0.0000 
  0.0000   0.0000   0.0000   0.0000   0.0000   0.0000   0.0000   0.0000   0.0000   0.0000 
  0.0000   0.0000   0.0000   0.0000   0.0000   0.0000   0.0000   0.0000   0.0000   0.0000 
  0.0000   0.0000   0.0000   0.0000   0.0000   0.0000   0.0000   0.0000   0.0000   0.0000 
  0.0000   0.0000   0.0000   0.0000   0.0000   0.0000   0.0000   0.0000   0.0000   0.0000 
  0.0000   0.0000   0.0000   0.0000   0.0000   0.0000   0.0000   0.0000   0.0000   0.0000 
  0.0000   0.0000   0.0000   0.0000   0.0000   0.0000   0.0000   0.0000   0.0000   0.0000 
  0.0000   0.0000   0.0000   0.0000   0.0000   0.0000   0.0000   0.0000   0.0000   0.0000 
  0.0000   0.0000   0.0000   0.0000   0.0000   0.0000   0.0000   0.0000   0.0000   0.0000 
  0.0000   0.0000   0.0000   0.0000   0.0000   0.0000   0.0000   0.0000   0.0000   0.0000 
  0.0000   0.0000   0.0000   0.0000   0.0000   0.0000   0.0000   0.0000   0.0000   0.0000 
  0.0000   0.0000   0.0000   0.0000   0.0000   0.0000   0.0000   0.0000   0.0000   0.0000 
  0.0000   0.0000   0.0000   0.0000   0.0000   0.0000   0.0000   0.0000   0.0000   0.0000 
  0.0000   0.0000   0.0000   0.0000   0.0000   0.0000   0.0000   0.0000   0.0000   0.0000 
  0.0000   0.0000   0.0000   0.0000   0.0000   0.0000   0.0000   0.0000   0.0000   0.0000 
  0.0000   0.0000   0.0000   0.0000   0.0000   0.0000   0.0000   0.0000   0.0000   0.0000 
  0.0000   0.0000   0.0000   0.0000   0.0000   0.0000   0.0000   0.0000   0.0000   0.0000 
  0.0000   0.0000   0.0000   0.0000   0.0000   0.0000   0.0000   0.0000   0.0000   0.0000 
  0.0000   0.0000   0.0000   0.0000   0.0000   0.0000   0.0000   0.0000   0.0000   0.0000 
  0.0000   0.0000   0.0000   0.0000   0.0000   0.0000   0.0000   0.0000   0.0000   0.0000 
  0.0000   0.0000   0.0000   0.0000   0.0000   0.0000   0.0000   0.0000   0.0000   0.0000 
  0.0000   0.0000   0.0000   0.0000   0.0000   0.0000   0.0000   0.0000   0.0000   0.0000 
  0.0000   0.0000   0.0000   0.0000   0.0000   0.0000   0.0000   0.0000   0.0000   0.0000 
  0.0000   0.0000   0.0000   0.0000   0.0000   0.0000   0.0000   0.0000   0.0000   0.0000 
  0.0000   0.0000   0.0000   0.0000   0.0000   0.0000   0.0000   0.0000   0.0000   0.0000 
  0.0000   0.0000   0.0000   0.0000   0.0000   0.0000   0.0000   0.0000   0.0000   0.0000 
  0.0000   0.0000   0.0000   0.0000   0.0000   0.0000   0.0000   0.0000   0.0000   0.0000 
  0.0000   0.0000   0.0000   0.0000   0.0000   0.0000   0.0000   0.0000   0.0000   0.0000 
  0.0000   0.0000   0.0000   0.0000   0.0000   0.0000   0.0000   0.0000   0.0000   0.0000 
  0.0000   0.0000   0.0000   0.0000   0.0000   0.0000   0.0000   0.0000   0.0000   0.0000 
  0.0000   0.0000   0.0000   0.0000   0.0000   0.0000   0.0000   0.0000   0.0000   0.0000 
  0.0000   0.0000   0.0000   0.0000   0.0000   0.0000   0.0000   0.0000   0.0000   0.0000 
  0.0000   0.0000   0.0000   0.0000   0.0000   0.0000   0.0000   0.0000   0.0000   0.0000 
  0.0000   0.0000   0.0000   0.0000   0.0000   0.0000   0.0000   0.0000   0.0000   0.0000 
  0.0000   0.0000   0.0000   0.0000   0.0000   0.0000   0.0000   0.0000   0.0000   0.0000 
  0.0000   0.0000   0.0000   0.0000   0.0000   0.0000   0.0000   0.0000   0.0000   0.0000 
  0.0000   0.0000   0.0000   0.0000   0.0000   0.0000   0.0000   0.0000   0.0000   0.0000 
  0.0000   0.0000   0.0000   0.0000   0.0000   0.0000   0.0000   0.0000   0.0000   0.0000 
  0.0000   0.0000   0.0000   0.0000   0.0000   0.0000   0.0000   0.0000   0.0000   0.0000 
  0.0000   0.0000   0.0000   0.0000   0.0000   0.0000   0.0000   0.0000   0.0000   0.0000 
  0.0000   0.0000   0.0000   0.0000   0.0000   0.0000   0.0000   0.0000   0.0000   0.0000 
  0.0000   0.0000   0.0000   0.0000   0.0000   0.0000   0.0000   0.0000   0.0000   0.0000 
  0.0000   0.0000   0.0000   0.0000   0.0000   0.0000   0.0000   0.0000   0.0000   0.0000 
  0.0000   0.0000   0.0000   0.0000   0.0000   0.0000   0.0000   0.0000   0.0000   0.0000 
  0.0000   0.0000   0.0000   0.0000   0.0000   0.0000   0.0000   0.0000   0.0000   0.0000 
  0.0000   0.0000   0.0000   0.0000   0.0000   0.0000   0.0000   0.0000   0.0000   0.0000 
  0.0000   0.0000   0.0000   0.0000   0.0000   0.0000   0.0000   0.0000   0.0000   0.0000 
  0.0000   0.0000   0.0000   0.0000   0.0000   0.0000   0.0000   0.0000   0.0000   0.0000 
  0.0000   0.0000   0.0000   0.0000   0.0000   0.0000   0.0000   0.0000   0.0000   0.0000 
  0.0000   0.0000   0.0000   0.0000   0.0000   0.0000   0.0000   0.0000   0.0000   0.0000 
  0.0000   0.0000   0.0000   0.0000   0.0000   0.0000   0.0000   0.0000   0.0000   0.0000 
  0.0000   0.0000   0.0000   0.0000   0.0000   0.0000   0.0000   0.0000   0.0000   0.0000 
  0.0000   0.0000   0.0000   0.0000   0.0000   0.0000   0.0000   0.0000   0.0000   0.0000 
  0.0000   0.0000   0.0000   0.0000   0.0000   0.0000   0.0000   0.0000   0.0000   0.0000 
  0.0000   0.0000   0.0000   0.0000   0.0000   0.0000   0.0000   0.0000   0.0000   0.0000 
  0.0000   0.0000   0.0000   0.0000   0.0000   0.0000   0.0000   0.0000   0.0000   0.0000 
  0.0000   0.0000   0.0000   0.0000   0.0000   0.0000   0.0000   0.0000   0.0000   0.0000 
  0.0000   0.0000   0.0000   0.0000   0.0000   0.0000   0.0000   0.0000   0.0000   0.0000 
  0.0000   0.0000   0.0000   0.0000   0.0000   0.0000   0.0000   0.0000   0.0000   0.0000 
  0.0000   0.0000   0.0000   0.0000   0.0000   0.0000   0.0000   0.0000   0.0000   0.0000 
  0.0000   0.0000   0.0000   0.0000   0.0000   0.0000   0.0000   0.0000   0.0000   0.0000 
  0.0000   0.0000   0.0000   0.0000   0.0000   0.0000   0.0000   0.0000   0.0000   0.0000 
  0.0000   0.0000   0.0000   0.0000   0.0000   0.0000   0.0000   0.0000   0.0000   0.0000 
  0.0000   0.0000   0.0000   0.0000   0.0000   0.0000   0.0000   0.0000   0.0000   0.0000 
  0.0000   0.0000   0.0000   0.0000   0.0000   0.0000   0.0000   0.0000   0.0000   0.0000 
  0.0000   0.0000   0.0000   0.0000   0.0000   0.0000   0.0000   0.0000   0.0000   0.0000 
  0.0000   0.0000   0.0000   0.0000   0.0000   0.0000   0.0000   0.0000   0.0000   0.0000 
  0.0000   0.0000   0.0000   0.0000   0.0000   0.0000   0.0000   0.0000   0.0000   0.0000 
  0.0000   0.0000   0.0000   0.0000   0.0000   0.0000   0.0000   0.0000   0.0000   0.0000 
  0.0000   0.0000   0.0000   0.0000   0.0000   0.0000   0.0000   0.0000   0.0000   0.0000 
  0.0000   0.0000   0.0000   0.0000   0.0000   0.0000   0.0000   0.0000   0.0000   0.0000 
  0.0000   0.0000   0.0000   0.0000   0.0000   0.0000   0.0000   0.0000   0.0000   0.0000 
  0.0000   0.0000   0.0000   0.0000   0.0000   0.0000   0.0000   0.0000   0.0000   0.0000 
  0.0000   0.0000   0.0000   0.0000   0.0000   0.0000   0.0000   0.0000   0.0000   0.0000 
  0.0000   0.0000   0.0000   0.0000   0.0000   0.0000   0.0000   0.0000   0.0000   0.0000 
  0.0000   0.0000   0.0000   0.0000   0.0000   0.0000   0.0000   0.0000   0.0000   0.0000 
  0.0000   0.0000   0.0000   0.0000   0.0000   0.0000   0.0000   0.0000   0.0000   0.0000 
  0.0000   0.0000   0.0000   0.0000   0.0000   0.0000   0.0000   0.0000   0.0000   0.0000 
  0.0000   0.0000   0.0000   0.0000   0.0000   0.0000   0.0000   0.0000   0.0000   0.0000 
  0.0000   0.0000   0.0000   0.0000   0.0000   0.0000   0.0000   0.0000   0.0000   0.0000 
  0.0000   0.0000   0.0000   0.0000   0.0000   0.0000   0.0000   0.0000   0.0000   0.0000 
  0.0000   0.0000   0.0000   0.0000   0.0000   0.0000   0.0000   0.0000   0.0000   0.0000 
  0.0000   0.0000   0.0000   0.0000   0.0000   0.0000   0.0000   0.0000   0.0000   0.0000 
  0.0000   0.0000   0.0000   0.0000   0.0000   0.0000   0.0000   0.0000   0.0000   0.0000 
  0.0000   0.0000   0.0000   0.0000   0.0000   0.0000   0.0000   0.0000   0.0000   0.0000 
  0.0000   0.0000   0.0000   0.0000   0.0000   0.0000   0.0000   0.0000   0.0000   0.0000 
  0.0000   0.0000   0.0000   0.0000   0.0000   0.0000   0.0000   0.0000   0.0000   0.0000 
  0.0000   0.0000   0.0000   0.0000   0.0000   0.0000   0.0000   0.0000   0.0000   0.0000 
  0.0000   0.0000   0.0000   0.0000   0.0000   0.0000   0.0000   0.0000   0.0000   0.0000 
  0.0000   0.0000   0.0000   0.0000   0.0000   0.0000   0.0000   0.0000   0.0000   0.0000 
  0.0000   0.0000   0.0000   0.0000   0.0000   0.0000   0.0000   0.0000   0.0000   0.0000 
  0.0000   0.0000   0.0000   0.0000   0.0000   0.0000   0.0000   0.0000   0.0000   0.0000 
  0.0000   0.0000   0.0000   0.0000   0.0000   0.0000   0.0000   0.0000   0.0000   0.0000 
  0.0000   0.0000   0.0000   0.0000   0.0000   0.0000   0.0000   0.0000   0.0000   0.0000 
  0.0000   0.0000   0.0000   0.0000   0.0000   0.0000   0.0000   0.0000   0.0000   0.0000 
  0.0000   0.0000   0.0000   0.0000   0.0000   0.0000   0.0000   0.0000   0.0000   0.0000 
  0.0000   0.0000   0.0000   0.0000   0.0000   0.0000   0.0000   0.0000   0.0000   0.0000 
  0.0000   0.0000   0.0000   0.0000   0.0000   0.0000   0.0000   0.0000   0.0000   0.0000 
  0.0000   0.0000   0.0000   0.0000   0.0000   0.0000   0.0000   0.0000   0.0000   0.0000 
  0.0000   0.0000   0.0000   0.0000   0.0000   0.0000   0.0000   0.0000   0.0000   0.0000 
  0.0000   0.0000   0.0000   0.0000   0.0000   0.0000   0.0000   0.0000   0.0000   0.0000 
  0.0000   0.0000   0.0000   0.0000   0.0000   0.0000   0.0000   0.0000   0.0000   0.0000 
  0.0000   0.0000   0.0000   0.0000   0.0000   0.0000   0.0000   0.0000   0.0000   0.0000 
  0.0000   0.0000   0.0000   0.0000   0.0000   0.0000   0.0000   0.0000   0.0000   0.0000 
  0.0000   0.0000   0.0000   0.0000   0.0000   0.0000   0.0000   0.0000   0.0000   0.0000 
  0.0000   0.0000   0.0000   0.0000   0.0000   0.0000   0.0000   0.0000   0.0000   0.0000 
  0.0000   0.0000   0.0000   0.0000   0.0000   0.0000   0.0000   0.0000   0.0000   0.0000 
  0.0000   0.0000   0.0000   0.0000   0.0000   0.0000   0.0000   0.0000   0.0000   0.0000 
  0.0000   0.0000   0.0000   0.0000   0.0000   0.0000   0.0000   0.0000   0.0000   0.0000 
  0.0000   0.0000   0.0000   0.0000   0.0000   0.0000   0.0000   0.0000   0.0000   0.0000 
  0.0000   0.0000   0.0000   0.0000   0.0000   0.0000   0.0000   0.0000   0.0000   0.0000 
  0.0000   0.0000   0.0000   0.0000   0.0000   0.0000   0.0000   0.0000   0.0000   0.0000 
  0.0000   0.0000   0.0000   0.0000   0.0000   0.0000   0.0000   0.0000   0.0000   0.0000 
  0.0000   0.0000   0.0000   0.0000   0.0000   0.0000   0.0000   0.0000   0.0000   0.0000 
  0.0000   0.0000   0.0000   0.0000   0.0000   0.0000   0.0000   0.0000   0.0000   0.0000 
  0.0000   0.0000   0.0000   0.0000   0.0000   0.0000   0.0000   0.0000   0.0000   0.0000 
  0.0000   0.0000   0.0000   0.0000   0.0000   0.0000   0.0000   0.0000   0.0000   0.0000 
  0.0000   0.0000   0.0000   0.0000   0.0000   0.0000   0.0000   0.0000   0.0000   0.0000 
  0.0000   0.0000   0.0000   0.0000   0.0000   0.0000   0.0000   0.0000   0.0000   0.0000 
  0.0000   0.0000   0.0000   0.0000   0.0000   0.0000   0.0000   0.0000   0.0000   0.0000 
  0.0000   0.0000   0.0000   0.0000   0.0000   0.0000   0.0000   0.0000   0.0000   0.0000 
  0.0000   0.0000   0.0000   0.0000   0.0000   0.0000   0.0000   0.0000   0.0000   0.0000 
  0.0000   0.0000   0.0000   0.0000   0.0000   0.0000   0.0000   0.0000   0.0000   0.0000 
  0.0000   0.0000   0.0000   0.0000   0.0000   0.0000   0.0000   0.0000   0.0000   0.0000 
  0.0000   0.0000   0.0000   0.0000   0.0000   0.0000   0.0000   0.0000   0.0000   0.0000 
  0.0000   0.0000   0.0000   0.0000   0.0000   0.0000   0.0000   0.0000   0.0000   0.0000 
  0.0000   0.0000   0.0000   0.0000   0.0000   0.0000   0.0000   0.0000   0.0000   0.0000 
  0.0000   0.0000   0.0000   0.0000   0.0000   0.0000   0.0000   0.0000   0.0000   0.0000 
  0.0000   0.0000   0.0000   0.0000   0.0000   0.0000   0.0000   0.0000   0.0000   0.0000 
  0.0000   0.0000   0.0000   0.0000   0.0000   0.0000   0.0000   0.0000   0.0000   0.0000 
  0.0000   0.0000   0.0000   0.0000   0.0000   0.0000   0.0000   0.0000   0.0000   0.0000 
  0.0000   0.0000   0.0000   0.0000   0.0000   0.0000   0.0000   0.0000   0.0000   0.0000 
  0.0000   0.0000   0.0000   0.0000   0.0000   0.0000   0.0000   0.0000   0.0000   0.0000 
  0.0000   0.0000   0.0000   0.0000   0.0000   0.0000   0.0000   0.0000   0.0000   0.0000 
  0.0000   0.0000   0.0000   0.0000   0.0000   0.0000   0.0000   0.0000   0.0000   0.0000 
  0.0000   0.0000   0.0000   0.0000   0.0000   0.0000   0.0000   0.0000   0.0000   0.0000 
  0.0000   0.0000   0.0000   0.0000   0.0000   0.0000   0.0000   0.0000   0.0000   0.0000 
  0.0000   0.0000   0.0000   0.0000   0.0000   0.0000   0.0000   0.0000   0.0000   0.0000 
  0.0000   0.0000   0.0000   0.0000   0.0000   0.0000   0.0000   0.0000   0.0000   0.0000 
  0.0000   0.0000   0.0000   0.0000   0.0000   0.0000   0.0000   0.0000   0.0000   0.0000 
  0.0000   0.0000   0.0000   0.0000   0.0000   0.0000   0.0000   0.0000   0.0000   0.0000 
  0.0000   0.0000   0.0000   0.0000   0.0000   0.0000   0.0000   0.0000   0.0000   0.0000 
  0.0000   0.0000   0.0000   0.0000   0.0000   0.0000   0.0000   0.0000   0.0000   0.0000 
  0.0000   0.0000   0.0000   0.0000   0.0000   0.0000   0.0000   0.0000   0.0000   0.0000 
  0.0000   0.0000   0.0000   0.0000   0.0000   0.0000   0.0000   0.0000   0.0000   0.0000 
  0.0000   0.0000   0.0000   0.0000   0.0000   0.0000   0.0000   0.0000   0.0000   0.0000 
  0.0000   0.0000   0.0000   0.0000   0.0000   0.0000   0.0000   0.0000   0.0000   0.0000 
  0.0000   0.0000   0.0000   0.0000   0.0000   0.0000   0.0000   0.0000   0.0000   0.0000 
  0.0000   0.0000   0.0000   0.0000   0.0000   0.0000   0.0000   0.0000   0.0000   0.0000 
  0.0000   0.0000   0.0000   0.0000   0.0000   0.0000   0.0000   0.0000   0.0000   0.0000 
  0.0000   0.0000   0.0000   0.0000   0.0000   0.0000   0.0000   0.0000   0.0000   0.0000 
  0.0000   0.0000   0.0000   0.0000   0.0000   0.0000   0.0000   0.0000   0.0000   0.0000 
  0.0000   0.0000   0.0000   0.0000   0.0000   0.0000   0.0000   0.0000   0.0000   0.0000 
  0.0000   0.0000   0.0000   0.0000   0.0000   0.0000   0.0000   0.0000   0.0000   0.0000 
  0.0000   0.0000   0.0000   0.0000   0.0000   0.0000   0.0000   0.0000   0.0000   0.0000 
  0.0000   0.0000   0.0000   0.0000   0.0000   0.0000   0.0000   0.0000   0.0000   0.0000 
  0.0000   0.0000   0.0000   0.0000   0.0000   0.0000   0.0000   0.0000   0.0000   0.0000 
  0.0000   0.0000   0.0000   0.0000   0.0000   0.0000   0.0000   0.0000   0.0000   0.0000 
  0.0000   0.0000   0.0000   0.0000   0.0000   0.0000   0.0000   0.0000   0.0000   0.0000 
  0.0000   0.0000   0.0000   0.0000   0.0000   0.0000   0.0000   0.0000   0.0000   0.0000 
  0.0000   0.0000   0.0000   0.0000   0.0000   0.0000   0.0000   0.0000   0.0000   0.0000 
  0.0000   0.0000   0.0000   0.0000   0.0000   0.0000   0.0000   0.0000   0.0000   0.0000 
  0.0000   0.0000   0.0000   0.0000   0.0000   0.0000   0.0000   0.0000   0.0000   0.0000 
  0.0000   0.0000   0.0000   0.0000   0.0000   0.0000   0.0000   0.0000   0.0000   0.0000 
  0.0000   0.0000   0.0000   0.0000   0.0000   0.0000   0.0000   0.0000   0.0000   0.0000 
  0.0000   0.0000   0.0000   0.0000   0.0000   0.0000   0.0000   0.0000   0.0000   0.0000 
  0.0000   0.0000   0.0000   0.0000   0.0000   0.0000   0.0000   0.0000   0.0000   0.0000 
  0.0000   0.0000   0.0000   0.0000   0.0000   0.0000   0.0000   0.0000   0.0000   0.0000 
  0.0000   0.0000   0.0000   0.0000   0.0000   0.0000   0.0000   0.0000   0.0000   0.0000 
  0.0000   0.0000   0.0000   0.0000   0.0000   0.0000   0.0000   0.0000   0.0000   0.0000 
  0.0000   0.0000   0.0000   0.0000   0.0000   0.0000   0.0000   0.0000   0.0000   0.0000 
  0.0000   0.0000   0.0000   0.0000   0.0000   0.0000   0.0000   0.0000   0.0000   0.0000 
  0.0000   0.0000   0.0000   0.0000   0.0000   0.0000   0.0000   0.0000   0.0000   0.0000 
  0.0000   0.0000   0.0000   0.0000   0.0000   0.0000   0.0000   0.0000   0.0000   0.0000 
  0.0000   0.0000   0.0000   0.0000   0.0000   0.0000   0.0000   0.0000   0.0000   0.0000 
  0.0000   0.0000   0.0000   0.0000   0.0000   0.0000   0.0000   0.0000   0.0000   0.0000 
  0.0000   0.0000   0.0000   0.0000   0.0000   0.0000   0.0000   0.0000   0.0000   0.0000 
  0.0000   0.0000   0.0000   0.0000   0.0000   0.0000   0.0000   0.0000   0.0000   0.0000 
  0.0000   0.0000   0.0000   0.0000   0.0000   0.0000   0.0000   0.0000   0.0000   0.0000 
  0.0000   0.0000   0.0000   0.0000   0.0000   0.0000   0.0000   0.0000   0.0000   0.0000 
  0.0000   0.0000   0.0000   0.0000   0.0000   0.0000   0.0000   0.0000   0.0000   0.0000 
  0.0000   0.0000   0.0000   0.0000   0.0000   0.0000   0.0000   0.0000   0.0000   0.0000 
  0.0000   0.0000   0.0000   0.0000   0.0000   0.0000   0.0000   0.0000   0.0000   0.0000 
  0.0000   0.0000   0.0000   0.0000   0.0000   0.0000   0.0000   0.0000   0.0000   0.0000 
  0.0000   0.0000   0.0000   0.0000   0.0000   0.0000   0.0000   0.0000   0.0000   0.0000 
  0.0000   0.0000   0.0000   0.0000   0.0000   0.0000   0.0000   0.0000   0.0000   0.0000 
  0.0000   0.0000   0.0000   0.0000   0.0000   0.0000   0.0000   0.0000   0.0000   0.0000 
  0.0000   0.0000   0.0000   0.0000   0.0000   0.0000   0.0000   0.0000   0.0000   0.0000 
  0.0000   0.0000   0.0000   0.0000   0.0000   0.0000   0.0000   0.0000   0.0000   0.0000 
  0.0000   0.0000   0.0000   0.0000   0.0000   0.0000   0.0000   0.0000   0.0000   0.0000 
  0.0000   0.0000   0.0000   0.0000   0.0000   0.0000   0.0000   0.0000   0.0000   0.0000 
  0.0000   0.0000   0.0000   0.0000   0.0000   0.0000   0.0000   0.0000   0.0000   0.0000 
  0.0000   0.0000   0.0000   0.0000   0.0000   0.0000   0.0000   0.0000   0.0000   0.0000 
  0.0000   0.0000   0.0000   0.0000   0.0000   0.0000   0.0000   0.0000   0.0000   0.0000 
  0.0000   0.0000   0.0000   0.0000   0.0000   0.0000   0.0000   0.0000   0.0000   0.0000 
  0.0000   0.0000   0.0000   0.0000   0.0000   0.0000   0.0000   0.0000   0.0000   0.0000 
  0.0000   0.0000   0.0000   0.0000   0.0000   0.0000   0.0000   0.0000   0.0000   0.0000 
  0.0000   0.0000   0.0000   0.0000   0.0000   0.0000   0.0000   0.0000   0.0000   0.0000 
  0.0000   0.0000   0.0000   0.0000   0.0000   0.0000   0.0000   0.0000   0.0000   0.0000 
  0.0000   0.0000   0.0000   0.0000   0.0000   0.0000   0.0000   0.0000   0.0000   0.0000 
  0.0000   0.0000   0.0000   0.0000   0.0000   0.0000   0.0000   0.0000   0.0000   0.0000 
  0.0000   0.0000   0.0000   0.0000   0.0000   0.0000   0.0000   0.0000   0.0000   0.0000 
  0.0000   0.0000   0.0000   0.0000   0.0000   0.0000   0.0000   0.0000   0.0000   0.0000 
  0.0000   0.0000   0.0000   0.0000   0.0000   0.0000   0.0000   0.0000   0.0000   0.0000 
  0.0000   0.0000   0.0000   0.0000   0.0000   0.0000   0.0000   0.0000   0.0000   0.0000 
  0.0000   0.0000   0.0000   0.0000   0.0000   0.0000   0.0000   0.0000   0.0000   0.0000 
  0.0000   0.0000   0.0000   0.0000   0.0000   0.0000   0.0000   0.0000   0.0000   0.0000 
  0.0000   0.0000   0.0000   0.0000   0.0000   0.0000   0.0000   0.0000   0.0000   0.0000 
  0.0000   0.0000   0.0000   0.0000   0.0000   0.0000   0.0000   0.0000   0.0000   0.0000 
  0.0000   0.0000   0.0000   0.0000   0.0000   0.0000   0.0000   0.0000   0.0000   0.0000 
  0.0000   0.0000   0.0000   0.0000   0.0000   0.0000   0.0000   0.0000   0.0000   0.0000 
  0.0000   0.0000   0.0000   0.0000   0.0000   0.0000   0.0000   0.0000   0.0000   0.0000 
  0.0000   0.0000   0.0000   0.0000   0.0000   0.0000   0.0000   0.0000   0.0000   0.0000 
  0.0000   0.0000   0.0000   0.0000   0.0000   0.0000   0.0000   0.0000   0.0000   0.0000 
  0.0000   0.0000   0.0000   0.0000   0.0000   0.0000   0.0000   0.0000   0.0000   0.0000 
  0.0000   0.0000   0.0000   0.0000   0.0000   0.0000   0.0000   0.0000   0.0000   0.0000 
  0.0000   0.0000   0.0000   0.0000   0.0000   0.0000   0.0000   0.0000   0.0000   0.0000 
  0.0000   0.0000   0.0000   0.0000   0.0000   0.0000   0.0000   0.0000   0.0000   0.0000 
  0.0000   0.0000   0.0000   0.0000   0.0000   0.0000   0.0000   0.0000   0.0000   0.0000 
  0.0000   0.0000   0.0000   0.0000   0.0000   0.0000   0.0000   0.0000   0.0000   0.0000 
  0.0000   0.0000   0.0000   0.0000   0.0000   0.0000   0.0000   0.0000   0.0000   0.0000 
  0.0000   0.0000   0.0000   0.0000   0.0000   0.0000   0.0000   0.0000   0.0000   0.0000 
  0.0000   0.0000   0.0000   0.0000   0.0000   0.0000   0.0000   0.0000   0.0000   0.0000 
  0.0000   0.0000   0.0000   0.0000   0.0000   0.0000   0.0000   0.0000   0.0000   0.0000 
  0.0000   0.0000   0.0000   0.0000   0.0000   0.0000   0.0000   0.0000   0.0000   0.0000 
  0.0000   0.0000   0.0000   0.0000   0.0000   0.0000   0.0000   0.0000   0.0000   0.0000 
  0.0000   0.0000   0.0000   0.0000   0.0000   0.0000   0.0000   0.0000   0.0000   0.0000 
  0.0000   0.0000   0.0000   0.0000   0.0000   0.0000   0.0000   0.0000   0.0000   0.0000 
  0.0000   0.0000   0.0000   0.0000   0.0000   0.0000   0.0000   0.0000   0.0000   0.0000 
  0.0000   0.0000   0.0000   0.0000   0.0000   0.0000   0.0000   0.0000   0.0000   0.0000 
  0.0000   0.0000   0.0000   0.0000   0.0000   0.0000   0.0000   0.0000   0.0000   0.0000 
  0.0000   0.0000   0.0000   0.0000   0.0000   0.0000   0.0000   0.0000   0.0000   0.0000 
  0.0000   0.0000   0.0000   0.0000   0.0000   0.0000   0.0000   0.0000   0.0000   0.0000 
  0.0000   0.0000   0.0000   0.0000   0.0000   0.0000   0.0000   0.0000   0.0000   0.0000 
  0.0000   0.0000   0.0000   0.0000   0.0000   0.0000   0.0000   0.0000   0.0000   0.0000 
  0.0000   0.0000   0.0000   0.0000   0.0000   0.0000   0.0000   0.0000   0.0000   0.0000 
  0.0000   0.0000   0.0000   0.0000   0.0000   0.0000   0.0000   0.0000   0.0000   0.0000 
  0.0000   0.0000   0.0000   0.0000   0.0000   0.0000   0.0000   0.0000   0.0000   0.0000 
  0.0000   0.0000   0.0000   0.0000   0.0000   0.0000   0.0000   0.0000   0.0000   0.0000 
  0.0000   0.0000   0.0000   0.0000   0.0000   0.0000   0.0000   0.0000   0.0000   0.0000 
  0.0000   0.0000   0.0000   0.0000   0.0000   0.0000   0.0000   0.0000   0.0000   0.0000 
  0.0000   0.0000   0.0000   0.0000   0.0000   0.0000   0.0000   0.0000   0.0000   0.0000 
  0.0000   0.0000   0.0000   0.0000   0.0000   0.0000   0.0000   0.0000   0.0000   0.0000 
  0.0000   0.0000   0.0000   0.0000   0.0000   0.0000   0.0000   0.0000   0.0000   0.0000 
  0.0000   0.0000   0.0000   0.0000   0.0000   0.0000   0.0000   0.0000   0.0000   0.0000 
  0.0000   0.0000   0.0000   0.0000   0.0000   0.0000   0.0000   0.0000   0.0000   0.0000 
  0.0000   0.0000   0.0000   0.0000   0.0000   0.0000   0.0000   0.0000   0.0000   0.0000 
  0.0000   0.0000   0.0000   0.0000   0.0000   0.0000   0.0000   0.0000   0.0000   0.0000 
  0.0000   0.0000   0.0000   0.0000   0.0000   0.0000   0.0000   0.0000   0.0000   0.0000 
  0.0000   0.0000   0.0000   0.0000   0.0000   0.0000   0.0000   0.0000   0.0000   0.0000 
  0.0000   0.0000   0.0000   0.0000   0.0000   0.0000   0.0000   0.0000   0.0000   0.0000 
  0.0000   0.0000   0.0000   0.0000   0.0000   0.0000   0.0000   0.0000   0.0000   0.0000 
  0.0000   0.0000   0.0000   0.0000   0.0000   0.0000   0.0000   0.0000   0.0000   0.0000 
  0.0000   0.0000   0.0000   0.0000   0.0000   0.0000   0.0000   0.0000   0.0000   0.0000 
  0.0000   0.0000   0.0000   0.0000   0.0000   0.0000   0.0000   0.0000   0.0000   0.0000 
  0.0000   0.0000   0.0000   0.0000   0.0000   0.0000   0.0000   0.0000   0.0000   0.0000 
  0.0000   0.0000   0.0000   0.0000   0.0000   0.0000   0.0000   0.0000   0.0000   0.0000 
  0.0000   0.0000   0.0000   0.0000   0.0000   0.0000   0.0000   0.0000   0.0000   0.0000 
  0.0000   0.0000   0.0000   0.0000   0.0000   0.0000   0.0000   0.0000   0.0000   0.0000 
  0.0000   0.0000   0.0000   0.0000   0.0000   0.0000   0.0000   0.0000   0.0000   0.0000 
  0.0000   0.0000   0.0000   0.0000   0.0000   0.0000   0.0000   0.0000   0.0000   0.0000 
  0.0000   0.0000   0.0000   0.0000   0.0000   0.0000   0.0000   0.0000   0.0000   0.0000 
  0.0000   0.0000   0.0000   0.0000   0.0000   0.0000   0.0000   0.0000   0.0000   0.0000 
  0.0000   0.0000   0.0000   0.0000   0.0000   0.0000   0.0000   0.0000   0.0000   0.0000 
  0.0000   0.0000   0.0000   0.0000   0.0000   0.0000   0.0000   0.0000   0.0000   0.0000 
  0.0000   0.0000   0.0000   0.0000   0.0000   0.0000   0.0000   0.0000   0.0000   0.0000 
  0.0000   0.0000   0.0000   0.0000   0.0000   0.0000   0.0000   0.0000   0.0000   0.0000 
  0.0000   0.0000   0.0000   0.0000   0.0000   0.0000   0.0000   0.0000   0.0000   0.0000 
  0.0000   0.0000   0.0000   0.0000   0.0000   0.0000   0.0000   0.0000   0.0000   0.0000 
  0.0000   0.0000   0.0000   0.0000   0.0000   0.0000   0.0000   0.0000   0.0000   0.0000 
  0.0000   0.0000   0.0000   0.0000   0.0000   0.0000   0.0000   0.0000   0.0000   0.0000 
  0.0000   0.0000   0.0000   0.0000   0.0000   0.0000   0.0000   0.0000   0.0000   0.0000 
  0.0000   0.0000   0.0000   0.0000   0.0000   0.0000   0.0000   0.0000   0.0000   0.0000 
  0.0000   0.0000   0.0000   0.0000   0.0000   0.0000   0.0000   0.0000   0.0000   0.0000 
  0.0000   0.0000   0.0000   0.0000   0.0000   0.0000   0.0000   0.0000   0.0000   0.0000 
  0.0000   0.0000   0.0000   0.0000   0.0000   0.0000   0.0000   0.0000   0.0000   0.0000 
  0.0000   0.0000   0.0000   0.0000   0.0000   0.0000   0.0000   0.0000   0.0000   0.0000 
  0.0000   0.0000   0.0000   0.0000   0.0000   0.0000   0.0000   0.0000   0.0000   0.0000 
  0.0000   0.0000   0.0000   0.0000   0.0000   0.0000   0.0000   0.0000   0.0000   0.0000 
  0.0000   0.0000   0.0000   0.0000   0.0000   0.0000   0.0000   0.0000   0.0000   0.0000 
  0.0000   0.0000   0.0000   0.0000   0.0000   0.0000   0.0000   0.0000   0.0000   0.0000 
  0.0000   0.0000   0.0000   0.0000   0.0000   0.0000   0.0000   0.0000   0.0000   0.0000 
  0.0000   0.0000   0.0000   0.0000   0.0000   0.0000   0.0000   0.0000   0.0000   0.0000 
  0.0000   0.0000   0.0000   0.0000   0.0000   0.0000   0.0000   0.0000   0.0000   0.0000 
  0.0000   0.0000   0.0000   0.0000   0.0000   0.0000   0.0000   0.0000   0.0000   0.0000 
  0.0000   0.0000   0.0000   0.0000   0.0000   0.0000   0.0000   0.0000   0.0000   0.0000 
  0.0000   0.0000   0.0000   0.0000   0.0000   0.0000   0.0000   0.0000   0.0000   0.0000 
  0.0000   0.0000   0.0000   0.0000   0.0000   0.0000   0.0000   0.0000   0.0000   0.0000 
  0.0000   0.0000   0.0000   0.0000   0.0000   0.0000   0.0000   0.0000   0.0000   0.0000 
  0.0000   0.0000   0.0000   0.0000   0.0000   0.0000   0.0000   0.0000   0.0000   0.0000 
  0.0000   0.0000   0.0000   0.0000   0.0000   0.0000   0.0000   0.0000   0.0000   0.0000 
  0.0000   0.0000   0.0000   0.0000   0.0000   0.0000   0.0000   0.0000   0.0000   0.0000 
  0.0000   0.0000   0.0000   0.0000   0.0000   0.0000   0.0000   0.0000   0.0000   0.0000 
  0.0000   0.0000   0.0000   0.0000   0.0000   0.0000   0.0000   0.0000   0.0000   0.0000 
  0.0000   0.0000   0.0000   0.0000   0.0000   0.0000   0.0000   0.0000   0.0000   0.0000 
  0.0000   0.0000   0.0000   0.0000   0.0000   0.0000   0.0000   0.0000   0.0000   0.0000 
  0.0000   0.0000   0.0000   0.0000   0.0000   0.0000   0.0000   0.0000   0.0000   0.0000 
  0.0000   0.0000   0.0000   0.0000   0.0000   0.0000   0.0000   0.0000   0.0000   0.0000 
  0.0000   0.0000   0.0000   0.0000   0.0000   0.0000   0.0000   0.0000   0.0000   0.0000 
  0.0000   0.0000   0.0000   0.0000   0.0000   0.0000   0.0000   0.0000   0.0000   0.0000 
  0.0000   0.0000   0.0000   0.0000   0.0000   0.0000   0.0000   0.0000   0.0000   0.0000 
  0.0000   0.0000   0.0000   0.0000   0.0000   0.0000   0.0000   0.0000   0.0000   0.0000 
  0.0000   0.0000   0.0000   0.0000   0.0000   0.0000   0.0000   0.0000   0.0000   0.0000 
  0.0000   0.0000   0.0000   0.0000   0.0000   0.0000   0.0000   0.0000   0.0000   0.0000 
  0.0000   0.0000   0.0000   0.0000   0.0000   0.0000   0.0000   0.0000   0.0000   0.0000 
  0.0000   0.0000   0.0000   0.0000   0.0000   0.0000   0.0000   0.0000   0.0000   0.0000 
  0.0000   0.0000   0.0000   0.0000   0.0000   0.0000   0.0000   0.0000   0.0000   0.0000 
  0.0000   0.0000   0.0000   0.0000   0.0000   0.0000   0.0000   0.0000   0.0000   0.0000 
  0.0000   0.0000   0.0000   0.0000   0.0000   0.0000   0.0000   0.0000   0.0000   0.0000 
  0.0000   0.0000   0.0000   0.0000   0.0000   0.0000   0.0000   0.0000   0.0000   0.0000 
  0.0000   0.0000   0.0000   0.0000   0.0000   0.0000   0.0000   0.0000   0.0000   0.0000 
  0.0000   0.0000   0.0000   0.0000   0.0000   0.0000   0.0000   0.0000   0.0000   0.0000 
  0.0000   0.0000   0.0000   0.0000   0.0000   0.0000   0.0000   0.0000   0.0000   0.0000 
  0.0000   0.0000   0.0000   0.0000   0.0000   0.0000   0.0000   0.0000   0.0000   0.0000 
  0.0000   0.0000   0.0000   0.0000   0.0000   0.0000   0.0000   0.0000   0.0000   0.0000 
  0.0000   0.0000   0.0000   0.0000   0.0000   0.0000   0.0000   0.0000   0.0000   0.0000 
  0.0000   0.0000   0.0000   0.0000   0.0000   0.0000   0.0000   0.0000   0.0000   0.0000 
  0.0000   0.0000   0.0000   0.0000   0.0000   0.0000   0.0000   0.0000   0.0000   0.0000 
  0.0000   0.0000   0.0000   0.0000   0.0000   0.0000   0.0000   0.0000   0.0000   0.0000 
  0.0000   0.0000   0.0000   0.0000   0.0000   0.0000   0.0000   0.0000   0.0000   0.0000 
  0.0000   0.0000   0.0000   0.0000   0.0000   0.0000   0.0000   0.0000   0.0000   0.0000 
  0.0000   0.0000   0.0000   0.0000   0.0000   0.0000   0.0000   0.0000   0.0000   0.0000 
  0.0000   0.0000   0.0000   0.0000   0.0000   0.0000   0.0000   0.0000   0.0000   0.0000 
  0.0000   0.0000   0.0000   0.0000   0.0000   0.0000   0.0000   0.0000   0.0000   0.0000 
  0.0000   0.0000   0.0000   0.0000   0.0000   0.0000   0.0000   0.0000   0.0000   0.0000 
  0.0000   0.0000   0.0000   0.0000   0.0000   0.0000   0.0000   0.0000   0.0000   0.0000 
  0.0000   0.0000   0.0000   0.0000   0.0000   0.0000   0.0000   0.0000   0.0000   0.0000 
  0.0000   0.0000   0.0000   0.0000   0.0000   0.0000   0.0000   0.0000   0.0000   0.0000 
  0.0000   0.0000   0.0000   0.0000   0.0000   0.0000   0.0000   0.0000   0.0000   0.0000 
  0.0000   0.0000   0.0000   0.0000   0.0000   0.0000   0.0000   0.0000   0.0000   0.0000 
  0.0000   0.0000   0.0000   0.0000   0.0000   0.0000   0.0000   0.0000   0.0000   0.0000 
  0.0000   0.0000   0.0000   0.0000   0.0000   0.0000   0.0000   0.0000   0.0000   0.0000 
  0.0000   0.0000   0.0000   0.0000   0.0000   0.0000   0.0000   0.0000   0.0000   0.0000 
  0.0000   0.0000   0.0000   0.0000   0.0000   0.0000   0.0000   0.0000   0.0000   0.0000 
  0.0000   0.0000   0.0000   0.0000   0.0000   0.0000   0.0000   0.0000   0.0000   0.0000 
  0.0000   0.0000   0.0000   0.0000   0.0000   0.0000   0.0000   0.0000   0.0000   0.0000 
  0.0000   0.0000   0.0000   0.0000   0.0000   0.0000   0.0000   0.0000   0.0000   0.0000 
  0.0000   0.0000   0.0000   0.0000   0.0000   0.0000   0.0000   0.0000   0.0000   0.0000 
  0.0000   0.0000   0.0000   0.0000   0.0000   0.0000   0.0000   0.0000   0.0000   0.0000 
  0.0000   0.0000   0.0000   0.0000   0.0000   0.0000   0.0000   0.0000   0.0000   0.0000 
  0.0000   0.0000   0.0000   0.0000   0.0000   0.0000   0.0000   0.0000   0.0000   0.0000 
