x-axis acceleration data

  0.7803  -0.6465   0.3838   0.7407  -1.0986   0.7593   0.2949   0.0903   0.3623   0.6133 
  0.3799  -0.3364   0.8462   0.0586  -1.4067   6.3779   0.3086   0.2881  -0.2871   0.1055 
  0.0908   0.3262   0.9810  -0.0820  -1.9600   1.4116   0.2271   0.4038   1.7305   0.7139 
  0.2607   1.0703   0.8242  -0.0811  -2.7852   1.7568   0.3462   0.2441   1.8579   0.3291 
  0.4438   1.9766   0.8564  -0.5347  -3.4707   0.5264   0.3330   0.2803   1.4463  -0.0962 
  0.5781   0.6670   0.6694  -0.7861  -1.7993  -0.3931   0.2554   0.4058   0.4473   0.1089 
  0.3086   1.0576   0.7129  -0.8120  -2.7925  -1.4746   0.1553   0.4082   0.0293   0.2739 
  0.3467   2.0674   0.7534  -1.0815   1.1646  -2.6475   0.3379   0.4111   0.3311   0.2378 
  0.5034   2.4287   0.6235  -1.4546   6.2441  -2.1611   0.2900   0.4688   0.0928   0.0332 
  0.4419   1.8384   0.6279  -1.8750   2.4434  -0.9478   0.4141   0.4468   0.2842  -0.1343 
  0.3555   1.5049   0.7813  -2.5942   1.4297  -0.8037   0.3960   0.3809   0.5327   0.1147 
  0.4448   1.2944   0.7383  -3.1655   0.3701  -0.8267   0.2080   0.8379   0.2974   0.6650 
  0.4609   1.0571   0.7432  -2.1084  -0.6992  -0.5781   0.2554   0.8228   0.3794  -0.2769 
  0.3936   0.9927   0.8862  -2.2563  -1.6880  -0.6958   0.3027   0.3428   0.3276  -0.0991 
  0.3271   1.0732   1.1348   4.3398  -2.5732  -0.7095   0.3965   0.4702   0.2813  -0.2729 
  0.3530   1.2422   1.1758   2.9756  -1.6240  -0.7500   0.3789   0.5034   0.3765  -0.3828 
  0.4746   1.5327   1.2334   1.8101  -1.0649  -0.8081   0.3594   0.5396   0.5205  -0.7266 
  0.2695   1.3647   1.5435  -0.3516  -0.6899  -0.5635   0.3364   0.7212   0.5918  -0.9922 
 -0.0713   0.9175   1.7129   0.0811  -0.4268  -0.4316   0.2646   0.4434   0.5376  -1.1729 
 -0.2983   1.1758   1.8252  -2.3491  -0.5713  -0.0220   0.2554   0.3955   0.3989  -1.2168 
 -0.4897   1.2886   1.6001  -2.4043  -1.0059   0.2324   0.2207   0.5605   0.3750  -1.7134 
 -0.7212   0.8481   1.3325  -0.3804  -0.8447   0.2104   0.1147   0.5039   0.4404  -2.4937 
 -1.0444   0.5444   1.4468  -0.4370  -1.1079   0.0322   0.0327   0.4727   0.4219  -3.0596 
 -1.3364   1.1060   1.6602  -0.3784  -1.1084   0.0200  -0.1665   0.5059   0.3491  -1.9482 
 -1.5518   0.3721   1.3853  -0.8623  -0.9624  -0.0088  -0.4922   0.4624   0.5713  -2.4238 
 -2.1064  -0.5942   1.0679  -0.7817  -0.9536  -0.1396  -0.6733   0.4580   0.8467   0.5112 
 -3.0933  -0.7363   0.8916  -0.7324  -0.8477  -0.3105  -0.9058   0.3667   1.0381   7.8706 
 -2.9033   0.5073   0.9629  -0.6206  -0.7461  -0.3447  -1.2124   0.3560   0.3989   1.1421 
 -1.8730   0.9355   0.1855  -0.5659  -0.6660  -0.4956  -1.4863   0.3154   0.1729   1.2446 
  0.0034   0.8589  -0.3008  -0.6260  -0.5977  -0.7563  -1.9741   0.2720   0.5332   0.5918 
  7.7002   1.0522   0.1221  -0.7744  -0.5825  -0.7988  -2.9019   0.2983   0.5059  -0.6758 
  1.6987   1.1685   0.0142  -0.7769  -0.6196  -0.6602  -3.0283   0.1909   0.6772  -1.8706 
  2.4502   1.3350  -0.2017  -0.9707  -0.5000  -0.8076  -1.9209   0.1035   0.5034  -1.9771 
  1.3979   1.2695  -0.1680  -0.7515  -0.4160  -0.8584  -1.3477   0.0957   0.4482  -0.5317 
  0.4775   0.9531   0.4233  -0.7085  -0.0981  -0.6196   7.1968   0.0293   0.4771  -0.1138 
 -0.5654   0.5928   0.6743  -0.5054   0.0811   0.2046   0.9614   0.0088   0.4404  -0.6089 
 -1.6733   0.2339   0.8862  -0.4023   0.1216   0.3584   1.3696  -0.2925   0.3755  -0.7349 
 -1.9321  -0.0566   1.0435  -0.1191   0.0068   0.2539  -0.2539  -0.4302   0.4126  -0.7456 
 -0.3862  -0.0889   0.6943   0.0830  -0.1641   0.3257  -0.0625  -0.4844   0.3672  -0.6084 
  0.4277  -0.1514   0.3110   0.0005  -0.1260   0.9712  -1.3633  -0.8589   0.4009  -0.3730 
  0.1401  -0.0762   0.2261   0.1489   0.0024   1.9434  -1.9014  -0.9756   0.5317  -0.7671 
 -0.3438  -0.0684   0.3213   0.2095  -0.1548   2.1401  -0.7969  -1.1177   0.6152  -0.3384 
 -0.4082  -0.0859   0.2637   0.2207  -0.2759   1.8877  -0.6729  -1.4956   0.6597   0.0532 
  0.0430  -0.1836   0.0820   0.2031  -0.3638   1.8462  -0.6401  -2.1587   0.5386   0.4292 
  0.5762  -0.1821   0.0718   0.1685  -0.5747   1.3423  -0.8667  -2.7183   0.4263   0.5327 
 -0.7266  -0.0239   0.2109   0.0728  -0.8735   0.9785  -1.0405  -2.5161   0.2988   0.1826 
 -0.0610   0.0420   0.3955   0.0083  -0.8789   0.9941  -0.5767  -2.1768   0.4302  -0.1719 
 -0.7427   0.0430   0.4053  -0.1655  -1.0015   1.0322  -0.9932  -0.1699   0.5332  -0.2622 
 -0.1641   0.1240   0.2510  -0.5283  -0.9263   0.8140  -0.5063   4.5718   0.4810  -0.0654 
 -0.8091   0.2988   0.3364  -0.8569  -0.7861   0.6211  -0.3545   1.6318   0.3730  -0.4463 
  0.4653   0.4678   0.2930  -0.9473  -0.8311   0.4834  -1.2993   2.1001   0.3867  -1.1860 
 -0.7036   0.5225   0.3682  -1.1484  -0.4272   0.2603  -0.7036   0.6172   0.6465  -0.9951 
  0.0796   0.3887   0.5156  -1.1055  -0.1069   0.2593  -0.2495  -0.0083   0.6714  -0.7095 
  0.1768   0.0562   0.5757  -1.1099  -0.1367   0.4634  -0.8701  -2.6328   0.5015  -0.6943 
  0.9341  -0.0854   0.4297  -1.2881  -0.1113   0.5796  -0.6978  -1.3247   0.6509  -0.9644 
  0.9307   0.2495   0.3472  -0.2373   0.3545   0.6382  -0.8584  -1.6133   0.4751  -0.4751 
  3.3501   0.9023   0.4058   0.1206   1.1533   0.5957  -0.7031  -0.6621   0.5752   0.2007 
  1.8745   1.3027   0.5117  -0.3052   2.1050   0.6025  -0.6484  -0.6807   0.6885   0.1523 
  2.7578   0.8262   0.5596   0.6143   2.3823   0.7080  -0.6221  -0.6943   0.5654  -0.3247 
  1.3374   0.6934   0.2354   1.9834   2.0381   0.8594  -0.6348  -0.6650   0.6240   0.1436 
  2.2080   0.5630   0.2124   1.9575   1.6802   1.0068  -0.6465  -0.6094   0.6167   1.5898 
  1.0776   0.4072   0.1914   2.2930   1.5791   1.0581  -0.5811  -0.4268   0.6182   1.6973 
  1.9487   0.3306   0.2163   1.9395   1.4692   1.0176  -0.5625  -1.2856   0.6299   1.5933 
  0.7422   0.2808  -0.0352   1.6689   1.3999   1.0093  -0.2329  -0.2417   0.5479   1.7437 
  1.2930   0.3042  -0.4321   1.5972   1.3252   1.0420   0.0313  -1.1299   0.5083   1.3760 
  0.3218   0.4468  -0.6006   1.3149   0.9160   1.0483   0.2139   0.0205   0.4502   1.6416 
  0.6357   0.5732  -0.7681   1.1987   0.7490   1.0430   0.1973  -0.7837   0.4521   1.6528 
  0.5254   0.5625  -1.1245   0.9360   0.5190   1.0015   0.1973   0.4102   0.4985   1.2612 
  0.3799   0.6475  -1.3384   0.6089   0.2998   0.9746   0.1357  -0.6689   0.4058   1.2920 
  0.3799   0.8140  -1.7266   0.4326   0.2866   0.9707  -0.0059   0.7310   0.4639   1.1606 
  0.4844   0.9771  -2.3540   0.4067   0.3315   0.9834  -0.1528  -0.1831   0.6509   1.0483 
  0.5898   1.1162  -2.9229   0.4375   0.4155   0.9766  -0.2329   0.7246   0.5737   0.9346 
  0.6875   1.6328  -2.3521   0.4976   0.4966   0.9385  -0.2295  -0.5264   0.5825   0.9800 
  0.7822   1.9551  -2.2837   0.5942   0.6343   0.8823  -0.3394   0.2974   0.4912   1.0205 
  0.5903   1.7661   0.2681   0.6968   0.7979   0.8525  -0.4839  -0.4229   0.4756   1.0103 
  0.7686   1.8643   8.7861   0.7910   0.9272   0.8057  -0.5854   0.1841   0.5679   0.9390 
  0.4209   1.8516   1.2847   0.9019   1.0640   0.8013  -0.4380  -0.5225   0.4097   0.8770 
  1.3198   1.5562   2.5063   0.9346   1.1211   0.7485  -0.4136  -0.8057   0.4844   0.8345 
  1.1680   1.1836   1.0356   1.0039   1.1191   0.7515  -0.3721  -0.3569   0.4575   0.8706 
  0.5332   1.1187  -0.1191   1.0830   1.0913   0.7202   0.2793  -1.0190   0.4541   0.9185 
  1.7319   1.1587  -1.3213   1.1689   1.0806   0.6831   0.3755  -0.0127   0.4575   0.9360 
  1.5728   0.9521  -3.7861   1.2549   1.0625   0.6401  -0.1914  -0.8979   0.4282   0.9907 
  0.9375   1.1489  -1.8872   1.2310   1.0420   0.6279   0.6753   0.1685   0.4365   1.0664 
  1.9736   0.2515  -0.4995   1.1870   1.0044   0.6416   1.1523  -0.2871   0.5186   1.1724 
  1.5166  -0.6396  -0.0674   1.1475   0.9805   0.6509   1.6509  -0.1143   0.5972   1.2598 
  0.8296  -0.0957  -0.2607   1.0933   0.9697   0.6118   2.0181   0.3457   0.5073   1.3379 
  1.8457   0.3687  -0.3940   1.0542   0.9561   0.5840   1.9883   0.8071   0.1909   1.4238 
  1.1709   0.3823  -0.6509   1.0127   0.9590   0.5952   1.2661   0.8896   0.6240   1.5044 
  0.7876   0.4058  -0.5234   0.9727   0.9448   0.6377   0.9995   1.4658   0.6411   1.5200 
  1.2041   0.2612  -1.0396   0.9458   0.9424   0.6948   0.8125   2.0737   0.0171   1.5005 
  1.0190   0.3125  -0.8701   0.9561   0.9634   0.7578   0.8057   1.9038  -0.2451   1.4517 
  0.9536   0.2710  -0.5029   0.9985   0.9194   0.7090   0.6396   2.0142  -0.1367   1.3770 
  0.8857   0.6401  -0.8828   0.9907   0.8369   0.6729   0.2764   1.2432  -0.2876   1.2925 
  0.8047   0.7954  -1.1455   0.9146   0.7900   0.6812   0.0708   1.3037  -0.4370   1.2007 
  0.7061   0.1938  -1.5151   0.8418   0.7363   0.6699   0.1543   2.0498  -0.3540   1.0957 
  0.6260   0.2451  -2.0054   0.7749   0.7192   0.6064   0.2314   0.5557  -0.3584   1.0195 
  0.4751   0.3418  -2.2021   0.7378   0.7896   0.5688   0.2847   0.6484  -0.4502   0.9409 
  0.5083   0.5273  -1.5938   0.6846   0.7935   0.5493   0.3384   1.0513  -0.8892   0.8745 
  0.3950   0.7090  -0.9424   0.6387   0.7808   0.5190   0.4355  -0.0957  -1.0825   0.8296 
  0.2485   0.4541  -0.9160   0.6055   0.7578   0.4941   0.4849   0.6104  -1.2378   0.7949 
  0.5605   0.3604  -0.9375   0.5815   0.7524   0.4561   0.5278   0.9341  -1.9116   0.7544 
  0.5415   0.6514  -0.7222   0.5791   0.7168   0.4136   0.6479  -0.0479  -2.6958   0.6919 
  0.3301   0.4243  -0.6431   0.5542   0.7188   0.3862   0.7705   0.9580  -2.6763   0.6509 
  0.7075   0.4287  -0.6523   0.5420   0.6729   0.3545   0.8628   0.8760  -1.6763   0.6260 
  0.5166   0.5254  -0.6299   0.5522   0.6143   0.2739   0.9453   0.1621  -1.3218   0.5996 
  0.6162   0.1763  -0.6528   0.6245   0.6436   0.2588   0.9976   1.3105   3.3926   0.5518 
  0.5996   0.5908  -0.5840   0.6987   0.6602   0.2529   1.0283   0.8901   0.6987   0.5425 
  0.7017   0.1206  -0.5454   0.7358   0.4829   0.2485   1.0464   1.1040   1.0381   0.5479 
  0.8271   0.6470  -0.6973   0.7412   0.6792   0.2983   1.0171   1.0405   0.9824   0.5552 
  0.9268   0.8789  -0.7715   0.9106   0.5415   0.3076   0.9316   1.0610  -2.1641   0.5479 
  0.9663   0.6475  -0.5854   1.0464   0.4512   0.2656   0.8960   1.1289  -0.0771   0.5391 
  1.0542   0.5278  -0.5518   1.0259   0.5288   0.3037   0.9004   1.1943  -0.3877   0.5552 
  1.1226   0.5942  -0.8130   1.0479   0.5132   0.3789   0.9277   1.2451   0.5991   0.5815 
  1.1978   0.4238  -0.9238   1.2461   0.4531   0.4551   0.8960   1.2632  -1.1147   0.6465 
  1.1265   0.0732  -0.7871   1.3350   0.4307   0.5049   0.8550   1.1714  -0.5508   0.7314 
  1.0659   0.0361  -0.7627   1.2490   0.4458   0.5391   0.8579   1.2544  -0.7788   0.8403 
  1.0806  -0.4038  -0.7769   1.1914   0.4473   0.5669   0.8550   1.1328  -0.4517   0.9375 
  1.0317  -0.6196  -0.8843   1.2461   0.4590   0.6450   0.8081   0.8965  -0.6099   1.0620 
  0.9380  -0.7583  -0.8867   1.1475   0.3955   0.6440   0.7344   1.0664  -0.7280   1.1699 
  0.8931  -1.0332  -0.7773   1.1753   0.2559   0.6011   0.6875   1.2080  -0.7661   1.2769 
  0.8657  -1.2515  -0.6802   1.0356   0.2622   0.6040   0.6675   0.8218  -0.7925   1.4053 
  0.8057  -1.5269  -0.7808   0.8413   0.3530   0.6235   0.6563   1.0220  -0.6880   1.4912 
  0.7622  -1.8555  -0.8945   0.7134   0.3916   0.5991   0.6416   1.0239  -0.5869   1.4854 
  0.6792  -2.6323  -0.8286   0.7036   0.3491   0.5317   0.5913   0.8105  -0.4985   1.4761 
  0.5747  -3.0898  -0.8516   0.6685   0.3184   0.5093   0.5811   0.8003  -0.5879   1.4326 
  0.5327  -1.7910  -0.7681   0.6187   0.3696   0.5044   0.5742   0.7759  -0.6206   1.3418 
  0.4819  -0.9302  -0.8950   0.5703   0.4995   0.4912   0.5747   0.7319  -0.5498   1.2495 
  0.4575   8.9438  -0.8423   0.5068   0.6323   0.4731   0.5630   0.6860  -0.4297   1.1626 
  0.4727   0.5132  -0.8223   0.4692   0.6113   0.4565   0.5596   0.6592  -0.4521   1.0923 
  0.4673  -0.6904  -0.7964   0.4829   0.5376   0.4111   0.6245   0.6128  -0.5366   1.0132 
  0.5166   0.6855  -0.8418   0.5107   0.6504   0.0000   0.6685   0.6035  -0.3828   0.0000 
  0.6021  -0.9863  -0.8774   0.5381   0.8018   0.0000   0.6758   0.6191  -0.3535   0.0000 
  0.7324  -1.3350  -0.7808   0.5986   0.7065   0.0000   0.6304   0.6191  -0.1040   0.0000 
  0.7969  -0.3408  -0.7100   0.6763   0.5557   0.0000   0.6592   0.5981   0.0854   0.0000 
  0.8979   0.2568  -0.7817   0.7241   0.5122   0.0000   0.6982   0.5801   0.1807   0.0000 
  0.0000  -0.0845  -0.7153   0.7632   0.6797   0.0000   0.7158   0.5962   0.0996   0.0000 
  0.0000  -0.0791  -0.6641   0.8228   0.7051   0.0000   0.7266   0.6636   0.2119   0.0000 
  0.0000  -0.3960  -0.6172   0.8970   0.5625   0.0000   0.7183   0.7236   0.2930   0.0000 
  0.0000  -0.6143  -0.6875   0.9614   0.4800   0.0000   0.7095   0.7100   0.3276   0.0000 
  0.0000  -0.9697  -0.6509   1.0205   0.5234   0.0000   0.6675   0.7188   0.3145   0.0000 
  0.0000  -0.9673  -0.6138   1.0601   0.7339   0.0000   0.7163   0.7681   0.0947   0.0000 
  0.0000  -0.8013  -0.5747   1.1074   0.6797   0.0000   0.0000   0.7988  -0.0400   0.0000 
  0.0000  -0.7529  -0.5547   1.1235   0.4775   0.0000   0.0000   0.0000   0.0820   0.0000 
  0.0000  -0.8057  -0.3447   1.1274   0.4746   0.0000   0.0000   0.0000   0.0127   0.0000 
  0.0000  -0.8091   0.0410   1.1226   0.7661   0.0000   0.0000   0.0000  -0.1597   0.0000 
  0.0000  -0.7393  -0.2207   1.0986   0.7959   0.0000   0.0000   0.0000  -0.3081   0.0000 
  0.0000  -0.5234  -0.1001   1.0654   0.5864   0.0000   0.0000   0.0000  -0.1548   0.0000 
  0.0000  -0.4224  -0.1333   1.0283   0.5542   0.0000   0.0000   0.0000   0.1387   0.0000 
  0.0000  -0.5479  -0.5542   0.9810   0.8706   0.0000   0.0000   0.0000   0.2686   0.0000 
  0.0000  -0.6450  -0.8237   0.9136   1.0571   0.0000   0.0000   0.0000   0.7813   0.0000 
  0.0000  -0.6885  -0.8208   0.8643   0.9673   0.0000   0.0000   0.0000   1.8604   0.0000 
  0.0000  -0.6504  -0.7114   0.8149   1.0391   0.0000   0.0000   0.0000   2.0298   0.0000 
  0.0000  -0.5908  -0.8745   0.7832   1.0693   0.0000   0.0000   0.0000   1.9204   0.0000 
  0.0000  -0.6001  -1.3105   0.7358   1.1577   0.0000   0.0000   0.0000   2.1743   0.0000 
  0.0000  -0.6309  -1.2925   0.7124   1.4849   0.0000   0.0000   0.0000   1.9663   0.0000 
  0.0000  -0.7261  -0.8613   0.7139   2.2896   0.0000   0.0000   0.0000   1.7681   0.0000 
  0.0000  -0.6372  -0.6489   0.6904   2.6841   0.0000   0.0000   0.0000   1.5391   0.0000 
  0.0000  -0.5610  -1.1621   0.6655   1.6074   0.0000   0.0000   0.0000   1.1533   0.0000 
  0.0000  -0.5503  -1.5684   0.6372  -1.4805   0.0000   0.0000   0.0000   0.7700   0.0000 
  0.0000  -0.5640  -1.2261   0.6147  -0.9365   0.0000   0.0000   0.0000   0.3804   0.0000 
  0.0000  -0.6162  -1.0933   0.0000   0.2715   0.0000   0.0000   0.0000   0.1738   0.0000 
  0.0000  -0.5791  -1.1563   0.0000   0.2466   0.0000   0.0000   0.0000   0.0747   0.0000 
  0.0000  -0.5479  -1.5332   0.0000   0.3208   0.0000   0.0000   0.0000   0.0737   0.0000 
  0.0000  -0.5420  -1.7588   0.0000   0.3286   0.0000   0.0000   0.0000   0.3623   0.0000 
  0.0000  -0.5327  -1.6885   0.0000   0.4307   0.0000   0.0000   0.0000   0.4355   0.0000 
  0.0000  -0.4775  -1.7397   0.0000   0.6777   0.0000   0.0000   0.0000   0.3540   0.0000 
  0.0000  -0.5264  -1.7383   0.0000   0.7866   0.0000   0.0000   0.0000   0.4033   0.0000 
  0.0000  -0.5400  -1.6787   0.0000   0.6895   0.0000   0.0000   0.0000   0.4565   0.0000 
  0.0000  -0.5190  -1.5977   0.0000   0.8726   0.0000   0.0000   0.0000   0.5337   0.0000 
  0.0000  -0.4707  -1.7520   0.0000   1.1206   0.0000   0.0000   0.0000   0.6948   0.0000 
  0.0000  -0.5811  -1.6138   0.0000   0.8428   0.0000   0.0000   0.0000   0.8765   0.0000 
  0.0000  -0.5176  -0.2168   0.0000   0.6855   0.0000   0.0000   0.0000   1.1084   0.0000 
  0.0000  -0.5425   0.3301   0.0000   0.9414   0.0000   0.0000   0.0000   1.2300   0.0000 
  0.0000  -0.5220   0.4844   0.0000   0.6890   0.0000   0.0000   0.0000   1.2358   0.0000 
  0.0000  -0.4307   0.9741   0.0000   0.5015   0.0000   0.0000   0.0000   1.2231   0.0000 
  0.0000  -0.3564   1.2837   0.0000   0.4766   0.0000   0.0000   0.0000   1.2217   0.0000 
  0.0000  -0.3125   0.7534   0.0000   0.4097   0.0000   0.0000   0.0000   1.2012   0.0000 
  0.0000  -0.2407   0.2261   0.0000   0.3789   0.0000   0.0000   0.0000   1.1626   0.0000 
  0.0000  -0.2490   0.5010   0.0000   0.3164   0.0000   0.0000   0.0000   1.0962   0.0000 
  0.0000  -0.2900   0.5898   0.0000   0.4727   0.0000   0.0000   0.0000   1.0337   0.0000 
  0.0000  -0.0977   0.5576   0.0000   0.4863   0.0000   0.0000   0.0000   0.9614   0.0000 
  0.0000   0.0405   0.6064   0.0000   0.3086   0.0000   0.0000   0.0000   0.8838   0.0000 
  0.0000   0.0859   0.7280   0.0000   0.5498   0.0000   0.0000   0.0000   0.8057   0.0000 
  0.0000   0.1255   0.4185   0.0000   0.4346   0.0000   0.0000   0.0000   0.7339   0.0000 
  0.0000   0.1367   0.1416   0.0000   0.4585   0.0000   0.0000   0.0000   0.6914   0.0000 
  0.0000   0.1479   0.3359   0.0000   0.3682   0.0000   0.0000   0.0000   0.6411   0.0000 
  0.0000   0.2012   0.4922   0.0000   0.2148   0.0000   0.0000   0.0000   0.5854   0.0000 
  0.0000   0.3091   0.4692   0.0000   0.3193   0.0000   0.0000   0.0000   0.5405   0.0000 
  0.0000   0.2866  -0.2031   0.0000   0.4644   0.0000   0.0000   0.0000   0.5112   0.0000 
  0.0000   0.2544  -0.5142   0.0000   0.4229   0.0000   0.0000   0.0000   0.4688   0.0000 
  0.0000   0.3813  -0.2148   0.0000   0.3940   0.0000   0.0000   0.0000   0.4458   0.0000 
  0.0000   0.3164  -0.2207   0.0000   0.7314   0.0000   0.0000   0.0000   0.4316   0.0000 
  0.0000   0.5625  -0.2446   0.0000   0.5176   0.0000   0.0000   0.0000   0.4380   0.0000 
  0.0000   0.8901  -0.4341   0.0000   0.4297   0.0000   0.0000   0.0000   0.4678   0.0000 
  0.0000   1.2588  -0.5610   0.0000   0.5112   0.0000   0.0000   0.0000   0.4805   0.0000 
  0.0000   2.0952  -0.3125   0.0000   0.7217   0.0000   0.0000   0.0000   0.4907   0.0000 
  0.0000   2.7876  -0.1704   0.0000   0.6221   0.0000   0.0000   0.0000   0.5356   0.0000 
  0.0000   2.5669  -0.2627   0.0000   0.8545   0.0000   0.0000   0.0000   0.5806   0.0000 
  0.0000   2.5962  -0.3813   0.0000   0.6211   0.0000   0.0000   0.0000   0.6436   0.0000 
  0.0000   2.3242  -0.4775   0.0000   0.4873   0.0000   0.0000   0.0000   0.7241   0.0000 
  0.0000   1.5640  -0.4248   0.0000   0.5322   0.0000   0.0000   0.0000   0.7881   0.0000 
  0.0000   1.1885  -0.4644   0.0000   0.6816   0.0000   0.0000   0.0000   0.9443   0.0000 
  0.0000   0.7383  -0.4087   0.0000   0.6860   0.0000   0.0000   0.0000   1.0234   0.0000 
  0.0000   0.3716   0.0000   0.0000   0.4990   0.0000   0.0000   0.0000   1.1572   0.0000 
  0.0000   0.2109   0.0000   0.0000   0.4888   0.0000   0.0000   0.0000   1.3789   0.0000 
  0.0000   0.1108   0.0000   0.0000   0.3564   0.0000   0.0000   0.0000   1.4087   0.0000 
  0.0000   0.0825   0.0000   0.0000   0.4658   0.0000   0.0000   0.0000   1.2979   0.0000 
  0.0000   0.1309   0.0000   0.0000   0.6279   0.0000   0.0000   0.0000   1.3003   0.0000 
  0.0000   0.2422   0.0000   0.0000   0.4790   0.0000   0.0000   0.0000   1.3838   0.0000 
  0.0000   0.3276   0.0000   0.0000   0.3169   0.0000   0.0000   0.0000   1.3179   0.0000 
  0.0000   0.3652   0.0000   0.0000   0.4585   0.0000   0.0000   0.0000   1.0693   0.0000 
  0.0000   0.4502   0.0000   0.0000   0.5518   0.0000   0.0000   0.0000   1.1055   0.0000 
  0.0000   0.6348   0.0000   0.0000   0.4028   0.0000   0.0000   0.0000   1.0830   0.0000 
  0.0000   0.8301   0.0000   0.0000   0.3203   0.0000   0.0000   0.0000   0.8794   0.0000 
  0.0000   0.9600   0.0000   0.0000   0.5112   0.0000   0.0000   0.0000   0.0000   0.0000 
  0.0000   1.1343   0.0000   0.0000   0.6035   0.0000   0.0000   0.0000   0.0000   0.0000 
  0.0000   1.3647   0.0000   0.0000   0.3521   0.0000   0.0000   0.0000   0.0000   0.0000 
  0.0000   1.5679   0.0000   0.0000   0.3452   0.0000   0.0000   0.0000   0.0000   0.0000 
  0.0000   1.3198   0.0000   0.0000   0.5229   0.0000   0.0000   0.0000   0.0000   0.0000 
  0.0000   0.9736   0.0000   0.0000   0.6284   0.0000   0.0000   0.0000   0.0000   0.0000 
  0.0000   0.7612   0.0000   0.0000   0.6001   0.0000   0.0000   0.0000   0.0000   0.0000 
  0.0000   0.8320   0.0000   0.0000   0.4683   0.0000   0.0000   0.0000   0.0000   0.0000 
  0.0000   0.8516   0.0000   0.0000   0.0000   0.0000   0.0000   0.0000   0.0000   0.0000 
  0.0000   0.5405   0.0000   0.0000   0.0000   0.0000   0.0000   0.0000   0.0000   0.0000 
  0.0000   0.3521   0.0000   0.0000   0.0000   0.0000   0.0000   0.0000   0.0000   0.0000 
  0.0000   0.3071   0.0000   0.0000   0.0000   0.0000   0.0000   0.0000   0.0000   0.0000 
  0.0000   0.2046   0.0000   0.0000   0.0000   0.0000   0.0000   0.0000   0.0000   0.0000 
  0.0000  -0.0259   0.0000   0.0000   0.0000   0.0000   0.0000   0.0000   0.0000   0.0000 
  0.0000  -0.2476   0.0000   0.0000   0.0000   0.0000   0.0000   0.0000   0.0000   0.0000 
  0.0000   0.0522   0.0000   0.0000   0.0000   0.0000   0.0000   0.0000   0.0000   0.0000 
  0.0000  -0.1973   0.0000   0.0000   0.0000   0.0000   0.0000   0.0000   0.0000   0.0000 
  0.0000  -0.2632   0.0000   0.0000   0.0000   0.0000   0.0000   0.0000   0.0000   0.0000 
  0.0000   0.0000   0.0000   0.0000   0.0000   0.0000   0.0000   0.0000   0.0000   0.0000 
  0.0000   0.0000   0.0000   0.0000   0.0000   0.0000   0.0000   0.0000   0.0000   0.0000 
  0.0000   0.0000   0.0000   0.0000   0.0000   0.0000   0.0000   0.0000   0.0000   0.0000 
  0.0000   0.0000   0.0000   0.0000   0.0000   0.0000   0.0000   0.0000   0.0000   0.0000 
  0.0000   0.0000   0.0000   0.0000   0.0000   0.0000   0.0000   0.0000   0.0000   0.0000 
  0.0000   0.0000   0.0000   0.0000   0.0000   0.0000   0.0000   0.0000   0.0000   0.0000 
  0.0000   0.0000   0.0000   0.0000   0.0000   0.0000   0.0000   0.0000   0.0000   0.0000 
  0.0000   0.0000   0.0000   0.0000   0.0000   0.0000   0.0000   0.0000   0.0000   0.0000 
  0.0000   0.0000   0.0000   0.0000   0.0000   0.0000   0.0000   0.0000   0.0000   0.0000 
  0.0000   0.0000   0.0000   0.0000   0.0000   0.0000   0.0000   0.0000   0.0000   0.0000 
  0.0000   0.0000   0.0000   0.0000   0.0000   0.0000   0.0000   0.0000   0.0000   0.0000 
  0.0000   0.0000   0.0000   0.0000   0.0000   0.0000   0.0000   0.0000   0.0000   0.0000 
  0.0000   0.0000   0.0000   0.0000   0.0000   0.0000   0.0000   0.0000   0.0000   0.0000 
  0.0000   0.0000   0.0000   0.0000   0.0000   0.0000   0.0000   0.0000   0.0000   0.0000 
  0.0000   0.0000   0.0000   0.0000   0.0000   0.0000   0.0000   0.0000   0.0000   0.0000 
  0.0000   0.0000   0.0000   0.0000   0.0000   0.0000   0.0000   0.0000   0.0000   0.0000 
  0.0000   0.0000   0.0000   0.0000   0.0000   0.0000   0.0000   0.0000   0.0000   0.0000 
  0.0000   0.0000   0.0000   0.0000   0.0000   0.0000   0.0000   0.0000   0.0000   0.0000 
  0.0000   0.0000   0.0000   0.0000   0.0000   0.0000   0.0000   0.0000   0.0000   0.0000 
  0.0000   0.0000   0.0000   0.0000   0.0000   0.0000   0.0000   0.0000   0.0000   0.0000 
  0.0000   0.0000   0.0000   0.0000   0.0000   0.0000   0.0000   0.0000   0.0000   0.0000 
  0.0000   0.0000   0.0000   0.0000   0.0000   0.0000   0.0000   0.0000   0.0000   0.0000 
  0.0000   0.0000   0.0000   0.0000   0.0000   0.0000   0.0000   0.0000   0.0000   0.0000 
  0.0000   0.0000   0.0000   0.0000   0.0000   0.0000   0.0000   0.0000   0.0000   0.0000 
  0.0000   0.0000   0.0000   0.0000   0.0000   0.0000   0.0000   0.0000   0.0000   0.0000 
  0.0000   0.0000   0.0000   0.0000   0.0000   0.0000   0.0000   0.0000   0.0000   0.0000 
  0.0000   0.0000   0.0000   0.0000   0.0000   0.0000   0.0000   0.0000   0.0000   0.0000 
  0.0000   0.0000   0.0000   0.0000   0.0000   0.0000   0.0000   0.0000   0.0000   0.0000 
  0.0000   0.0000   0.0000   0.0000   0.0000   0.0000   0.0000   0.0000   0.0000   0.0000 
  0.0000   0.0000   0.0000   0.0000   0.0000   0.0000   0.0000   0.0000   0.0000   0.0000 
  0.0000   0.0000   0.0000   0.0000   0.0000   0.0000   0.0000   0.0000   0.0000   0.0000 
  0.0000   0.0000   0.0000   0.0000   0.0000   0.0000   0.0000   0.0000   0.0000   0.0000 
  0.0000   0.0000   0.0000   0.0000   0.0000   0.0000   0.0000   0.0000   0.0000   0.0000 
  0.0000   0.0000   0.0000   0.0000   0.0000   0.0000   0.0000   0.0000   0.0000   0.0000 
  0.0000   0.0000   0.0000   0.0000   0.0000   0.0000   0.0000   0.0000   0.0000   0.0000 
  0.0000   0.0000   0.0000   0.0000   0.0000   0.0000   0.0000   0.0000   0.0000   0.0000 
  0.0000   0.0000   0.0000   0.0000   0.0000   0.0000   0.0000   0.0000   0.0000   0.0000 
  0.0000   0.0000   0.0000   0.0000   0.0000   0.0000   0.0000   0.0000   0.0000   0.0000 
  0.0000   0.0000   0.0000   0.0000   0.0000   0.0000   0.0000   0.0000   0.0000   0.0000 
  0.0000   0.0000   0.0000   0.0000   0.0000   0.0000   0.0000   0.0000   0.0000   0.0000 
  0.0000   0.0000   0.0000   0.0000   0.0000   0.0000   0.0000   0.0000   0.0000   0.0000 
  0.0000   0.0000   0.0000   0.0000   0.0000   0.0000   0.0000   0.0000   0.0000   0.0000 
  0.0000   0.0000   0.0000   0.0000   0.0000   0.0000   0.0000   0.0000   0.0000   0.0000 
  0.0000   0.0000   0.0000   0.0000   0.0000   0.0000   0.0000   0.0000   0.0000   0.0000 
  0.0000   0.0000   0.0000   0.0000   0.0000   0.0000   0.0000   0.0000   0.0000   0.0000 
  0.0000   0.0000   0.0000   0.0000   0.0000   0.0000   0.0000   0.0000   0.0000   0.0000 
  0.0000   0.0000   0.0000   0.0000   0.0000   0.0000   0.0000   0.0000   0.0000   0.0000 
  0.0000   0.0000   0.0000   0.0000   0.0000   0.0000   0.0000   0.0000   0.0000   0.0000 
  0.0000   0.0000   0.0000   0.0000   0.0000   0.0000   0.0000   0.0000   0.0000   0.0000 
  0.0000   0.0000   0.0000   0.0000   0.0000   0.0000   0.0000   0.0000   0.0000   0.0000 
  0.0000   0.0000   0.0000   0.0000   0.0000   0.0000   0.0000   0.0000   0.0000   0.0000 
  0.0000   0.0000   0.0000   0.0000   0.0000   0.0000   0.0000   0.0000   0.0000   0.0000 
  0.0000   0.0000   0.0000   0.0000   0.0000   0.0000   0.0000   0.0000   0.0000   0.0000 
  0.0000   0.0000   0.0000   0.0000   0.0000   0.0000   0.0000   0.0000   0.0000   0.0000 
  0.0000   0.0000   0.0000   0.0000   0.0000   0.0000   0.0000   0.0000   0.0000   0.0000 
  0.0000   0.0000   0.0000   0.0000   0.0000   0.0000   0.0000   0.0000   0.0000   0.0000 
  0.0000   0.0000   0.0000   0.0000   0.0000   0.0000   0.0000   0.0000   0.0000   0.0000 
  0.0000   0.0000   0.0000   0.0000   0.0000   0.0000   0.0000   0.0000   0.0000   0.0000 
  0.0000   0.0000   0.0000   0.0000   0.0000   0.0000   0.0000   0.0000   0.0000   0.0000 
  0.0000   0.0000   0.0000   0.0000   0.0000   0.0000   0.0000   0.0000   0.0000   0.0000 
  0.0000   0.0000   0.0000   0.0000   0.0000   0.0000   0.0000   0.0000   0.0000   0.0000 
  0.0000   0.0000   0.0000   0.0000   0.0000   0.0000   0.0000   0.0000   0.0000   0.0000 
  0.0000   0.0000   0.0000   0.0000   0.0000   0.0000   0.0000   0.0000   0.0000   0.0000 
  0.0000   0.0000   0.0000   0.0000   0.0000   0.0000   0.0000   0.0000   0.0000   0.0000 
  0.0000   0.0000   0.0000   0.0000   0.0000   0.0000   0.0000   0.0000   0.0000   0.0000 
  0.0000   0.0000   0.0000   0.0000   0.0000   0.0000   0.0000   0.0000   0.0000   0.0000 
  0.0000   0.0000   0.0000   0.0000   0.0000   0.0000   0.0000   0.0000   0.0000   0.0000 
  0.0000   0.0000   0.0000   0.0000   0.0000   0.0000   0.0000   0.0000   0.0000   0.0000 
  0.0000   0.0000   0.0000   0.0000   0.0000   0.0000   0.0000   0.0000   0.0000   0.0000 
  0.0000   0.0000   0.0000   0.0000   0.0000   0.0000   0.0000   0.0000   0.0000   0.0000 
  0.0000   0.0000   0.0000   0.0000   0.0000   0.0000   0.0000   0.0000   0.0000   0.0000 
  0.0000   0.0000   0.0000   0.0000   0.0000   0.0000   0.0000   0.0000   0.0000   0.0000 
  0.0000   0.0000   0.0000   0.0000   0.0000   0.0000   0.0000   0.0000   0.0000   0.0000 
  0.0000   0.0000   0.0000   0.0000   0.0000   0.0000   0.0000   0.0000   0.0000   0.0000 
  0.0000   0.0000   0.0000   0.0000   0.0000   0.0000   0.0000   0.0000   0.0000   0.0000 
  0.0000   0.0000   0.0000   0.0000   0.0000   0.0000   0.0000   0.0000   0.0000   0.0000 
  0.0000   0.0000   0.0000   0.0000   0.0000   0.0000   0.0000   0.0000   0.0000   0.0000 
  0.0000   0.0000   0.0000   0.0000   0.0000   0.0000   0.0000   0.0000   0.0000   0.0000 
  0.0000   0.0000   0.0000   0.0000   0.0000   0.0000   0.0000   0.0000   0.0000   0.0000 
  0.0000   0.0000   0.0000   0.0000   0.0000   0.0000   0.0000   0.0000   0.0000   0.0000 
  0.0000   0.0000   0.0000   0.0000   0.0000   0.0000   0.0000   0.0000   0.0000   0.0000 
  0.0000   0.0000   0.0000   0.0000   0.0000   0.0000   0.0000   0.0000   0.0000   0.0000 
  0.0000   0.0000   0.0000   0.0000   0.0000   0.0000   0.0000   0.0000   0.0000   0.0000 
  0.0000   0.0000   0.0000   0.0000   0.0000   0.0000   0.0000   0.0000   0.0000   0.0000 
  0.0000   0.0000   0.0000   0.0000   0.0000   0.0000   0.0000   0.0000   0.0000   0.0000 
  0.0000   0.0000   0.0000   0.0000   0.0000   0.0000   0.0000   0.0000   0.0000   0.0000 
  0.0000   0.0000   0.0000   0.0000   0.0000   0.0000   0.0000   0.0000   0.0000   0.0000 
  0.0000   0.0000   0.0000   0.0000   0.0000   0.0000   0.0000   0.0000   0.0000   0.0000 
  0.0000   0.0000   0.0000   0.0000   0.0000   0.0000   0.0000   0.0000   0.0000   0.0000 
  0.0000   0.0000   0.0000   0.0000   0.0000   0.0000   0.0000   0.0000   0.0000   0.0000 
  0.0000   0.0000   0.0000   0.0000   0.0000   0.0000   0.0000   0.0000   0.0000   0.0000 
  0.0000   0.0000   0.0000   0.0000   0.0000   0.0000   0.0000   0.0000   0.0000   0.0000 
  0.0000   0.0000   0.0000   0.0000   0.0000   0.0000   0.0000   0.0000   0.0000   0.0000 
  0.0000   0.0000   0.0000   0.0000   0.0000   0.0000   0.0000   0.0000   0.0000   0.0000 
  0.0000   0.0000   0.0000   0.0000   0.0000   0.0000   0.0000   0.0000   0.0000   0.0000 
  0.0000   0.0000   0.0000   0.0000   0.0000   0.0000   0.0000   0.0000   0.0000   0.0000 
  0.0000   0.0000   0.0000   0.0000   0.0000   0.0000   0.0000   0.0000   0.0000   0.0000 
  0.0000   0.0000   0.0000   0.0000   0.0000   0.0000   0.0000   0.0000   0.0000   0.0000 
  0.0000   0.0000   0.0000   0.0000   0.0000   0.0000   0.0000   0.0000   0.0000   0.0000 
  0.0000   0.0000   0.0000   0.0000   0.0000   0.0000   0.0000   0.0000   0.0000   0.0000 
  0.0000   0.0000   0.0000   0.0000   0.0000   0.0000   0.0000   0.0000   0.0000   0.0000 
  0.0000   0.0000   0.0000   0.0000   0.0000   0.0000   0.0000   0.0000   0.0000   0.0000 
  0.0000   0.0000   0.0000   0.0000   0.0000   0.0000   0.0000   0.0000   0.0000   0.0000 
  0.0000   0.0000   0.0000   0.0000   0.0000   0.0000   0.0000   0.0000   0.0000   0.0000 
  0.0000   0.0000   0.0000   0.0000   0.0000   0.0000   0.0000   0.0000   0.0000   0.0000 
  0.0000   0.0000   0.0000   0.0000   0.0000   0.0000   0.0000   0.0000   0.0000   0.0000 
  0.0000   0.0000   0.0000   0.0000   0.0000   0.0000   0.0000   0.0000   0.0000   0.0000 
  0.0000   0.0000   0.0000   0.0000   0.0000   0.0000   0.0000   0.0000   0.0000   0.0000 
  0.0000   0.0000   0.0000   0.0000   0.0000   0.0000   0.0000   0.0000   0.0000   0.0000 
  0.0000   0.0000   0.0000   0.0000   0.0000   0.0000   0.0000   0.0000   0.0000   0.0000 
  0.0000   0.0000   0.0000   0.0000   0.0000   0.0000   0.0000   0.0000   0.0000   0.0000 
  0.0000   0.0000   0.0000   0.0000   0.0000   0.0000   0.0000   0.0000   0.0000   0.0000 
  0.0000   0.0000   0.0000   0.0000   0.0000   0.0000   0.0000   0.0000   0.0000   0.0000 
  0.0000   0.0000   0.0000   0.0000   0.0000   0.0000   0.0000   0.0000   0.0000   0.0000 
  0.0000   0.0000   0.0000   0.0000   0.0000   0.0000   0.0000   0.0000   0.0000   0.0000 
  0.0000   0.0000   0.0000   0.0000   0.0000   0.0000   0.0000   0.0000   0.0000   0.0000 
  0.0000   0.0000   0.0000   0.0000   0.0000   0.0000   0.0000   0.0000   0.0000   0.0000 
  0.0000   0.0000   0.0000   0.0000   0.0000   0.0000   0.0000   0.0000   0.0000   0.0000 
  0.0000   0.0000   0.0000   0.0000   0.0000   0.0000   0.0000   0.0000   0.0000   0.0000 
  0.0000   0.0000   0.0000   0.0000   0.0000   0.0000   0.0000   0.0000   0.0000   0.0000 
  0.0000   0.0000   0.0000   0.0000   0.0000   0.0000   0.0000   0.0000   0.0000   0.0000 
  0.0000   0.0000   0.0000   0.0000   0.0000   0.0000   0.0000   0.0000   0.0000   0.0000 
  0.0000   0.0000   0.0000   0.0000   0.0000   0.0000   0.0000   0.0000   0.0000   0.0000 
  0.0000   0.0000   0.0000   0.0000   0.0000   0.0000   0.0000   0.0000   0.0000   0.0000 
  0.0000   0.0000   0.0000   0.0000   0.0000   0.0000   0.0000   0.0000   0.0000   0.0000 
  0.0000   0.0000   0.0000   0.0000   0.0000   0.0000   0.0000   0.0000   0.0000   0.0000 
  0.0000   0.0000   0.0000   0.0000   0.0000   0.0000   0.0000   0.0000   0.0000   0.0000 
  0.0000   0.0000   0.0000   0.0000   0.0000   0.0000   0.0000   0.0000   0.0000   0.0000 
  0.0000   0.0000   0.0000   0.0000   0.0000   0.0000   0.0000   0.0000   0.0000   0.0000 
  0.0000   0.0000   0.0000   0.0000   0.0000   0.0000   0.0000   0.0000   0.0000   0.0000 
  0.0000   0.0000   0.0000   0.0000   0.0000   0.0000   0.0000   0.0000   0.0000   0.0000 
  0.0000   0.0000   0.0000   0.0000   0.0000   0.0000   0.0000   0.0000   0.0000   0.0000 
  0.0000   0.0000   0.0000   0.0000   0.0000   0.0000   0.0000   0.0000   0.0000   0.0000 
  0.0000   0.0000   0.0000   0.0000   0.0000   0.0000   0.0000   0.0000   0.0000   0.0000 
  0.0000   0.0000   0.0000   0.0000   0.0000   0.0000   0.0000   0.0000   0.0000   0.0000 
  0.0000   0.0000   0.0000   0.0000   0.0000   0.0000   0.0000   0.0000   0.0000   0.0000 
  0.0000   0.0000   0.0000   0.0000   0.0000   0.0000   0.0000   0.0000   0.0000   0.0000 
  0.0000   0.0000   0.0000   0.0000   0.0000   0.0000   0.0000   0.0000   0.0000   0.0000 
  0.0000   0.0000   0.0000   0.0000   0.0000   0.0000   0.0000   0.0000   0.0000   0.0000 
  0.0000   0.0000   0.0000   0.0000   0.0000   0.0000   0.0000   0.0000   0.0000   0.0000 
  0.0000   0.0000   0.0000   0.0000   0.0000   0.0000   0.0000   0.0000   0.0000   0.0000 
  0.0000   0.0000   0.0000   0.0000   0.0000   0.0000   0.0000   0.0000   0.0000   0.0000 
  0.0000   0.0000   0.0000   0.0000   0.0000   0.0000   0.0000   0.0000   0.0000   0.0000 
  0.0000   0.0000   0.0000   0.0000   0.0000   0.0000   0.0000   0.0000   0.0000   0.0000 
  0.0000   0.0000   0.0000   0.0000   0.0000   0.0000   0.0000   0.0000   0.0000   0.0000 
  0.0000   0.0000   0.0000   0.0000   0.0000   0.0000   0.0000   0.0000   0.0000   0.0000 
  0.0000   0.0000   0.0000   0.0000   0.0000   0.0000   0.0000   0.0000   0.0000   0.0000 
  0.0000   0.0000   0.0000   0.0000   0.0000   0.0000   0.0000   0.0000   0.0000   0.0000 
  0.0000   0.0000   0.0000   0.0000   0.0000   0.0000   0.0000   0.0000   0.0000   0.0000 
  0.0000   0.0000   0.0000   0.0000   0.0000   0.0000   0.0000   0.0000   0.0000   0.0000 
  0.0000   0.0000   0.0000   0.0000   0.0000   0.0000   0.0000   0.0000   0.0000   0.0000 
  0.0000   0.0000   0.0000   0.0000   0.0000   0.0000   0.0000   0.0000   0.0000   0.0000 
  0.0000   0.0000   0.0000   0.0000   0.0000   0.0000   0.0000   0.0000   0.0000   0.0000 
  0.0000   0.0000   0.0000   0.0000   0.0000   0.0000   0.0000   0.0000   0.0000   0.0000 
  0.0000   0.0000   0.0000   0.0000   0.0000   0.0000   0.0000   0.0000   0.0000   0.0000 
  0.0000   0.0000   0.0000   0.0000   0.0000   0.0000   0.0000   0.0000   0.0000   0.0000 
  0.0000   0.0000   0.0000   0.0000   0.0000   0.0000   0.0000   0.0000   0.0000   0.0000 
  0.0000   0.0000   0.0000   0.0000   0.0000   0.0000   0.0000   0.0000   0.0000   0.0000 
  0.0000   0.0000   0.0000   0.0000   0.0000   0.0000   0.0000   0.0000   0.0000   0.0000 
  0.0000   0.0000   0.0000   0.0000   0.0000   0.0000   0.0000   0.0000   0.0000   0.0000 
  0.0000   0.0000   0.0000   0.0000   0.0000   0.0000   0.0000   0.0000   0.0000   0.0000 
  0.0000   0.0000   0.0000   0.0000   0.0000   0.0000   0.0000   0.0000   0.0000   0.0000 
  0.0000   0.0000   0.0000   0.0000   0.0000   0.0000   0.0000   0.0000   0.0000   0.0000 
  0.0000   0.0000   0.0000   0.0000   0.0000   0.0000   0.0000   0.0000   0.0000   0.0000 
  0.0000   0.0000   0.0000   0.0000   0.0000   0.0000   0.0000   0.0000   0.0000   0.0000 
  0.0000   0.0000   0.0000   0.0000   0.0000   0.0000   0.0000   0.0000   0.0000   0.0000 
  0.0000   0.0000   0.0000   0.0000   0.0000   0.0000   0.0000   0.0000   0.0000   0.0000 
  0.0000   0.0000   0.0000   0.0000   0.0000   0.0000   0.0000   0.0000   0.0000   0.0000 
  0.0000   0.0000   0.0000   0.0000   0.0000   0.0000   0.0000   0.0000   0.0000   0.0000 
  0.0000   0.0000   0.0000   0.0000   0.0000   0.0000   0.0000   0.0000   0.0000   0.0000 
  0.0000   0.0000   0.0000   0.0000   0.0000   0.0000   0.0000   0.0000   0.0000   0.0000 
  0.0000   0.0000   0.0000   0.0000   0.0000   0.0000   0.0000   0.0000   0.0000   0.0000 
  0.0000   0.0000   0.0000   0.0000   0.0000   0.0000   0.0000   0.0000   0.0000   0.0000 
  0.0000   0.0000   0.0000   0.0000   0.0000   0.0000   0.0000   0.0000   0.0000   0.0000 
  0.0000   0.0000   0.0000   0.0000   0.0000   0.0000   0.0000   0.0000   0.0000   0.0000 
  0.0000   0.0000   0.0000   0.0000   0.0000   0.0000   0.0000   0.0000   0.0000   0.0000 
  0.0000   0.0000   0.0000   0.0000   0.0000   0.0000   0.0000   0.0000   0.0000   0.0000 
  0.0000   0.0000   0.0000   0.0000   0.0000   0.0000   0.0000   0.0000   0.0000   0.0000 
  0.0000   0.0000   0.0000   0.0000   0.0000   0.0000   0.0000   0.0000   0.0000   0.0000 
  0.0000   0.0000   0.0000   0.0000   0.0000   0.0000   0.0000   0.0000   0.0000   0.0000 
  0.0000   0.0000   0.0000   0.0000   0.0000   0.0000   0.0000   0.0000   0.0000   0.0000 
  0.0000   0.0000   0.0000   0.0000   0.0000   0.0000   0.0000   0.0000   0.0000   0.0000 
  0.0000   0.0000   0.0000   0.0000   0.0000   0.0000   0.0000   0.0000   0.0000   0.0000 
  0.0000   0.0000   0.0000   0.0000   0.0000   0.0000   0.0000   0.0000   0.0000   0.0000 
  0.0000   0.0000   0.0000   0.0000   0.0000   0.0000   0.0000   0.0000   0.0000   0.0000 
  0.0000   0.0000   0.0000   0.0000   0.0000   0.0000   0.0000   0.0000   0.0000   0.0000 
  0.0000   0.0000   0.0000   0.0000   0.0000   0.0000   0.0000   0.0000   0.0000   0.0000 
  0.0000   0.0000   0.0000   0.0000   0.0000   0.0000   0.0000   0.0000   0.0000   0.0000 
  0.0000   0.0000   0.0000   0.0000   0.0000   0.0000   0.0000   0.0000   0.0000   0.0000 
  0.0000   0.0000   0.0000   0.0000   0.0000   0.0000   0.0000   0.0000   0.0000   0.0000 
  0.0000   0.0000   0.0000   0.0000   0.0000   0.0000   0.0000   0.0000   0.0000   0.0000 
  0.0000   0.0000   0.0000   0.0000   0.0000   0.0000   0.0000   0.0000   0.0000   0.0000 
  0.0000   0.0000   0.0000   0.0000   0.0000   0.0000   0.0000   0.0000   0.0000   0.0000 
  0.0000   0.0000   0.0000   0.0000   0.0000   0.0000   0.0000   0.0000   0.0000   0.0000 
  0.0000   0.0000   0.0000   0.0000   0.0000   0.0000   0.0000   0.0000   0.0000   0.0000 
  0.0000   0.0000   0.0000   0.0000   0.0000   0.0000   0.0000   0.0000   0.0000   0.0000 
  0.0000   0.0000   0.0000   0.0000   0.0000   0.0000   0.0000   0.0000   0.0000   0.0000 
  0.0000   0.0000   0.0000   0.0000   0.0000   0.0000   0.0000   0.0000   0.0000   0.0000 
  0.0000   0.0000   0.0000   0.0000   0.0000   0.0000   0.0000   0.0000   0.0000   0.0000 
  0.0000   0.0000   0.0000   0.0000   0.0000   0.0000   0.0000   0.0000   0.0000   0.0000 
  0.0000   0.0000   0.0000   0.0000   0.0000   0.0000   0.0000   0.0000   0.0000   0.0000 
  0.0000   0.0000   0.0000   0.0000   0.0000   0.0000   0.0000   0.0000   0.0000   0.0000 
  0.0000   0.0000   0.0000   0.0000   0.0000   0.0000   0.0000   0.0000   0.0000   0.0000 
  0.0000   0.0000   0.0000   0.0000   0.0000   0.0000   0.0000   0.0000   0.0000   0.0000 
  0.0000   0.0000   0.0000   0.0000   0.0000   0.0000   0.0000   0.0000   0.0000   0.0000 
  0.0000   0.0000   0.0000   0.0000   0.0000   0.0000   0.0000   0.0000   0.0000   0.0000 
  0.0000   0.0000   0.0000   0.0000   0.0000   0.0000   0.0000   0.0000   0.0000   0.0000 
  0.0000   0.0000   0.0000   0.0000   0.0000   0.0000   0.0000   0.0000   0.0000   0.0000 
  0.0000   0.0000   0.0000   0.0000   0.0000   0.0000   0.0000   0.0000   0.0000   0.0000 
  0.0000   0.0000   0.0000   0.0000   0.0000   0.0000   0.0000   0.0000   0.0000   0.0000 
  0.0000   0.0000   0.0000   0.0000   0.0000   0.0000   0.0000   0.0000   0.0000   0.0000 
  0.0000   0.0000   0.0000   0.0000   0.0000   0.0000   0.0000   0.0000   0.0000   0.0000 
  0.0000   0.0000   0.0000   0.0000   0.0000   0.0000   0.0000   0.0000   0.0000   0.0000 
  0.0000   0.0000   0.0000   0.0000   0.0000   0.0000   0.0000   0.0000   0.0000   0.0000 
  0.0000   0.0000   0.0000   0.0000   0.0000   0.0000   0.0000   0.0000   0.0000   0.0000 
  0.0000   0.0000   0.0000   0.0000   0.0000   0.0000   0.0000   0.0000   0.0000   0.0000 
  0.0000   0.0000   0.0000   0.0000   0.0000   0.0000   0.0000   0.0000   0.0000   0.0000 
  0.0000   0.0000   0.0000   0.0000   0.0000   0.0000   0.0000   0.0000   0.0000   0.0000 
  0.0000   0.0000   0.0000   0.0000   0.0000   0.0000   0.0000   0.0000   0.0000   0.0000 
  0.0000   0.0000   0.0000   0.0000   0.0000   0.0000   0.0000   0.0000   0.0000   0.0000 
  0.0000   0.0000   0.0000   0.0000   0.0000   0.0000   0.0000   0.0000   0.0000   0.0000 
  0.0000   0.0000   0.0000   0.0000   0.0000   0.0000   0.0000   0.0000   0.0000   0.0000 
  0.0000   0.0000   0.0000   0.0000   0.0000   0.0000   0.0000   0.0000   0.0000   0.0000 
  0.0000   0.0000   0.0000   0.0000   0.0000   0.0000   0.0000   0.0000   0.0000   0.0000 
  0.0000   0.0000   0.0000   0.0000   0.0000   0.0000   0.0000   0.0000   0.0000   0.0000 
  0.0000   0.0000   0.0000   0.0000   0.0000   0.0000   0.0000   0.0000   0.0000   0.0000 
  0.0000   0.0000   0.0000   0.0000   0.0000   0.0000   0.0000   0.0000   0.0000   0.0000 
  0.0000   0.0000   0.0000   0.0000   0.0000   0.0000   0.0000   0.0000   0.0000   0.0000 
  0.0000   0.0000   0.0000   0.0000   0.0000   0.0000   0.0000   0.0000   0.0000   0.0000 
  0.0000   0.0000   0.0000   0.0000   0.0000   0.0000   0.0000   0.0000   0.0000   0.0000 
  0.0000   0.0000   0.0000   0.0000   0.0000   0.0000   0.0000   0.0000   0.0000   0.0000 
  0.0000   0.0000   0.0000   0.0000   0.0000   0.0000   0.0000   0.0000   0.0000   0.0000 
  0.0000   0.0000   0.0000   0.0000   0.0000   0.0000   0.0000   0.0000   0.0000   0.0000 
  0.0000   0.0000   0.0000   0.0000   0.0000   0.0000   0.0000   0.0000   0.0000   0.0000 
  0.0000   0.0000   0.0000   0.0000   0.0000   0.0000   0.0000   0.0000   0.0000   0.0000 
  0.0000   0.0000   0.0000   0.0000   0.0000   0.0000   0.0000   0.0000   0.0000   0.0000 
  0.0000   0.0000   0.0000   0.0000   0.0000   0.0000   0.0000   0.0000   0.0000   0.0000 
  0.0000   0.0000   0.0000   0.0000   0.0000   0.0000   0.0000   0.0000   0.0000   0.0000 
  0.0000   0.0000   0.0000   0.0000   0.0000   0.0000   0.0000   0.0000   0.0000   0.0000 
  0.0000   0.0000   0.0000   0.0000   0.0000   0.0000   0.0000   0.0000   0.0000   0.0000 
  0.0000   0.0000   0.0000   0.0000   0.0000   0.0000   0.0000   0.0000   0.0000   0.0000 
  0.0000   0.0000   0.0000   0.0000   0.0000   0.0000   0.0000   0.0000   0.0000   0.0000 
  0.0000   0.0000   0.0000   0.0000   0.0000   0.0000   0.0000   0.0000   0.0000   0.0000 
  0.0000   0.0000   0.0000   0.0000   0.0000   0.0000   0.0000   0.0000   0.0000   0.0000 
  0.0000   0.0000   0.0000   0.0000   0.0000   0.0000   0.0000   0.0000   0.0000   0.0000 
  0.0000   0.0000   0.0000   0.0000   0.0000   0.0000   0.0000   0.0000   0.0000   0.0000 
  0.0000   0.0000   0.0000   0.0000   0.0000   0.0000   0.0000   0.0000   0.0000   0.0000 
  0.0000   0.0000   0.0000   0.0000   0.0000   0.0000   0.0000   0.0000   0.0000   0.0000 
  0.0000   0.0000   0.0000   0.0000   0.0000   0.0000   0.0000   0.0000   0.0000   0.0000 
  0.0000   0.0000   0.0000   0.0000   0.0000   0.0000   0.0000   0.0000   0.0000   0.0000 
  0.0000   0.0000   0.0000   0.0000   0.0000   0.0000   0.0000   0.0000   0.0000   0.0000 
  0.0000   0.0000   0.0000   0.0000   0.0000   0.0000   0.0000   0.0000   0.0000   0.0000 
  0.0000   0.0000   0.0000   0.0000   0.0000   0.0000   0.0000   0.0000   0.0000   0.0000 
  0.0000   0.0000   0.0000   0.0000   0.0000   0.0000   0.0000   0.0000   0.0000   0.0000 
  0.0000   0.0000   0.0000   0.0000   0.0000   0.0000   0.0000   0.0000   0.0000   0.0000 
  0.0000   0.0000   0.0000   0.0000   0.0000   0.0000   0.0000   0.0000   0.0000   0.0000 
  0.0000   0.0000   0.0000   0.0000   0.0000   0.0000   0.0000   0.0000   0.0000   0.0000 
  0.0000   0.0000   0.0000   0.0000   0.0000   0.0000   0.0000   0.0000   0.0000   0.0000 
  0.0000   0.0000   0.0000   0.0000   0.0000   0.0000   0.0000   0.0000   0.0000   0.0000 
  0.0000   0.0000   0.0000   0.0000   0.0000   0.0000   0.0000   0.0000   0.0000   0.0000 
  0.0000   0.0000   0.0000   0.0000   0.0000   0.0000   0.0000   0.0000   0.0000   0.0000 
  0.0000   0.0000   0.0000   0.0000   0.0000   0.0000   0.0000   0.0000   0.0000   0.0000 
  0.0000   0.0000   0.0000   0.0000   0.0000   0.0000   0.0000   0.0000   0.0000   0.0000 
  0.0000   0.0000   0.0000   0.0000   0.0000   0.0000   0.0000   0.0000   0.0000   0.0000 
  0.0000   0.0000   0.0000   0.0000   0.0000   0.0000   0.0000   0.0000   0.0000   0.0000 
  0.0000   0.0000   0.0000   0.0000   0.0000   0.0000   0.0000   0.0000   0.0000   0.0000 
  0.0000   0.0000   0.0000   0.0000   0.0000   0.0000   0.0000   0.0000   0.0000   0.0000 
  0.0000   0.0000   0.0000   0.0000   0.0000   0.0000   0.0000   0.0000   0.0000   0.0000 
  0.0000   0.0000   0.0000   0.0000   0.0000   0.0000   0.0000   0.0000   0.0000   0.0000 
  0.0000   0.0000   0.0000   0.0000   0.0000   0.0000   0.0000   0.0000   0.0000   0.0000 
  0.0000   0.0000   0.0000   0.0000   0.0000   0.0000   0.0000   0.0000   0.0000   0.0000 
  0.0000   0.0000   0.0000   0.0000   0.0000   0.0000   0.0000   0.0000   0.0000   0.0000 
  0.0000   0.0000   0.0000   0.0000   0.0000   0.0000   0.0000   0.0000   0.0000   0.0000 
  0.0000   0.0000   0.0000   0.0000   0.0000   0.0000   0.0000   0.0000   0.0000   0.0000 
  0.0000   0.0000   0.0000   0.0000   0.0000   0.0000   0.0000   0.0000   0.0000   0.0000 
  0.0000   0.0000   0.0000   0.0000   0.0000   0.0000   0.0000   0.0000   0.0000   0.0000 
  0.0000   0.0000   0.0000   0.0000   0.0000   0.0000   0.0000   0.0000   0.0000   0.0000 
  0.0000   0.0000   0.0000   0.0000   0.0000   0.0000   0.0000   0.0000   0.0000   0.0000 
  0.0000   0.0000   0.0000   0.0000   0.0000   0.0000   0.0000   0.0000   0.0000   0.0000 
  0.0000   0.0000   0.0000   0.0000   0.0000   0.0000   0.0000   0.0000   0.0000   0.0000 
  0.0000   0.0000   0.0000   0.0000   0.0000   0.0000   0.0000   0.0000   0.0000   0.0000 
  0.0000   0.0000   0.0000   0.0000   0.0000   0.0000   0.0000   0.0000   0.0000   0.0000 
  0.0000   0.0000   0.0000   0.0000   0.0000   0.0000   0.0000   0.0000   0.0000   0.0000 
  0.0000   0.0000   0.0000   0.0000   0.0000   0.0000   0.0000   0.0000   0.0000   0.0000 
  0.0000   0.0000   0.0000   0.0000   0.0000   0.0000   0.0000   0.0000   0.0000   0.0000 
  0.0000   0.0000   0.0000   0.0000   0.0000   0.0000   0.0000   0.0000   0.0000   0.0000 
  0.0000   0.0000   0.0000   0.0000   0.0000   0.0000   0.0000   0.0000   0.0000   0.0000 
  0.0000   0.0000   0.0000   0.0000   0.0000   0.0000   0.0000   0.0000   0.0000   0.0000 
  0.0000   0.0000   0.0000   0.0000   0.0000   0.0000   0.0000   0.0000   0.0000   0.0000 
  0.0000   0.0000   0.0000   0.0000   0.0000   0.0000   0.0000   0.0000   0.0000   0.0000 
  0.0000   0.0000   0.0000   0.0000   0.0000   0.0000   0.0000   0.0000   0.0000   0.0000 
  0.0000   0.0000   0.0000   0.0000   0.0000   0.0000   0.0000   0.0000   0.0000   0.0000 
  0.0000   0.0000   0.0000   0.0000   0.0000   0.0000   0.0000   0.0000   0.0000   0.0000 
  0.0000   0.0000   0.0000   0.0000   0.0000   0.0000   0.0000   0.0000   0.0000   0.0000 
  0.0000   0.0000   0.0000   0.0000   0.0000   0.0000   0.0000   0.0000   0.0000   0.0000 
  0.0000   0.0000   0.0000   0.0000   0.0000   0.0000   0.0000   0.0000   0.0000   0.0000 
  0.0000   0.0000   0.0000   0.0000   0.0000   0.0000   0.0000   0.0000   0.0000   0.0000 
  0.0000   0.0000   0.0000   0.0000   0.0000   0.0000   0.0000   0.0000   0.0000   0.0000 
  0.0000   0.0000   0.0000   0.0000   0.0000   0.0000   0.0000   0.0000   0.0000   0.0000 
  0.0000   0.0000   0.0000   0.0000   0.0000   0.0000   0.0000   0.0000   0.0000   0.0000 
  0.0000   0.0000   0.0000   0.0000   0.0000   0.0000   0.0000   0.0000   0.0000   0.0000 
  0.0000   0.0000   0.0000   0.0000   0.0000   0.0000   0.0000   0.0000   0.0000   0.0000 
  0.0000   0.0000   0.0000   0.0000   0.0000   0.0000   0.0000   0.0000   0.0000   0.0000 
  0.0000   0.0000   0.0000   0.0000   0.0000   0.0000   0.0000   0.0000   0.0000   0.0000 
  0.0000   0.0000   0.0000   0.0000   0.0000   0.0000   0.0000   0.0000   0.0000   0.0000 
  0.0000   0.0000   0.0000   0.0000   0.0000   0.0000   0.0000   0.0000   0.0000   0.0000 
  0.0000   0.0000   0.0000   0.0000   0.0000   0.0000   0.0000   0.0000   0.0000   0.0000 
  0.0000   0.0000   0.0000   0.0000   0.0000   0.0000   0.0000   0.0000   0.0000   0.0000 
  0.0000   0.0000   0.0000   0.0000   0.0000   0.0000   0.0000   0.0000   0.0000   0.0000 
  0.0000   0.0000   0.0000   0.0000   0.0000   0.0000   0.0000   0.0000   0.0000   0.0000 
  0.0000   0.0000   0.0000   0.0000   0.0000   0.0000   0.0000   0.0000   0.0000   0.0000 
  0.0000   0.0000   0.0000   0.0000   0.0000   0.0000   0.0000   0.0000   0.0000   0.0000 
  0.0000   0.0000   0.0000   0.0000   0.0000   0.0000   0.0000   0.0000   0.0000   0.0000 
  0.0000   0.0000   0.0000   0.0000   0.0000   0.0000   0.0000   0.0000   0.0000   0.0000 
  0.0000   0.0000   0.0000   0.0000   0.0000   0.0000   0.0000   0.0000   0.0000   0.0000 
  0.0000   0.0000   0.0000   0.0000   0.0000   0.0000   0.0000   0.0000   0.0000   0.0000 
  0.0000   0.0000   0.0000   0.0000   0.0000   0.0000   0.0000   0.0000   0.0000   0.0000 
  0.0000   0.0000   0.0000   0.0000   0.0000   0.0000   0.0000   0.0000   0.0000   0.0000 
  0.0000   0.0000   0.0000   0.0000   0.0000   0.0000   0.0000   0.0000   0.0000   0.0000 
  0.0000   0.0000   0.0000   0.0000   0.0000   0.0000   0.0000   0.0000   0.0000   0.0000 
  0.0000   0.0000   0.0000   0.0000   0.0000   0.0000   0.0000   0.0000   0.0000   0.0000 
  0.0000   0.0000   0.0000   0.0000   0.0000   0.0000   0.0000   0.0000   0.0000   0.0000 
  0.0000   0.0000   0.0000   0.0000   0.0000   0.0000   0.0000   0.0000   0.0000   0.0000 
  0.0000   0.0000   0.0000   0.0000   0.0000   0.0000   0.0000   0.0000   0.0000   0.0000 
  0.0000   0.0000   0.0000   0.0000   0.0000   0.0000   0.0000   0.0000   0.0000   0.0000 
  0.0000   0.0000   0.0000   0.0000   0.0000   0.0000   0.0000   0.0000   0.0000   0.0000 
  0.0000   0.0000   0.0000   0.0000   0.0000   0.0000   0.0000   0.0000   0.0000   0.0000 
  0.0000   0.0000   0.0000   0.0000   0.0000   0.0000   0.0000   0.0000   0.0000   0.0000 
  0.0000   0.0000   0.0000   0.0000   0.0000   0.0000   0.0000   0.0000   0.0000   0.0000 
  0.0000   0.0000   0.0000   0.0000   0.0000   0.0000   0.0000   0.0000   0.0000   0.0000 
  0.0000   0.0000   0.0000   0.0000   0.0000   0.0000   0.0000   0.0000   0.0000   0.0000 
  0.0000   0.0000   0.0000   0.0000   0.0000   0.0000   0.0000   0.0000   0.0000   0.0000 
  0.0000   0.0000   0.0000   0.0000   0.0000   0.0000   0.0000   0.0000   0.0000   0.0000 
  0.0000   0.0000   0.0000   0.0000   0.0000   0.0000   0.0000   0.0000   0.0000   0.0000 
  0.0000   0.0000   0.0000   0.0000   0.0000   0.0000   0.0000   0.0000   0.0000   0.0000 
  0.0000   0.0000   0.0000   0.0000   0.0000   0.0000   0.0000   0.0000   0.0000   0.0000 
  0.0000   0.0000   0.0000   0.0000   0.0000   0.0000   0.0000   0.0000   0.0000   0.0000 
  0.0000   0.0000   0.0000   0.0000   0.0000   0.0000   0.0000   0.0000   0.0000   0.0000 
  0.0000   0.0000   0.0000   0.0000   0.0000   0.0000   0.0000   0.0000   0.0000   0.0000 
  0.0000   0.0000   0.0000   0.0000   0.0000   0.0000   0.0000   0.0000   0.0000   0.0000 
  0.0000   0.0000   0.0000   0.0000   0.0000   0.0000   0.0000   0.0000   0.0000   0.0000 
  0.0000   0.0000   0.0000   0.0000   0.0000   0.0000   0.0000   0.0000   0.0000   0.0000 
  0.0000   0.0000   0.0000   0.0000   0.0000   0.0000   0.0000   0.0000   0.0000   0.0000 
  0.0000   0.0000   0.0000   0.0000   0.0000   0.0000   0.0000   0.0000   0.0000   0.0000 
  0.0000   0.0000   0.0000   0.0000   0.0000   0.0000   0.0000   0.0000   0.0000   0.0000 
  0.0000   0.0000   0.0000   0.0000   0.0000   0.0000   0.0000   0.0000   0.0000   0.0000 
  0.0000   0.0000   0.0000   0.0000   0.0000   0.0000   0.0000   0.0000   0.0000   0.0000 
  0.0000   0.0000   0.0000   0.0000   0.0000   0.0000   0.0000   0.0000   0.0000   0.0000 
  0.0000   0.0000   0.0000   0.0000   0.0000   0.0000   0.0000   0.0000   0.0000   0.0000 
  0.0000   0.0000   0.0000   0.0000   0.0000   0.0000   0.0000   0.0000   0.0000   0.0000 
  0.0000   0.0000   0.0000   0.0000   0.0000   0.0000   0.0000   0.0000   0.0000   0.0000 
  0.0000   0.0000   0.0000   0.0000   0.0000   0.0000   0.0000   0.0000   0.0000   0.0000 
  0.0000   0.0000   0.0000   0.0000   0.0000   0.0000   0.0000   0.0000   0.0000   0.0000 
  0.0000   0.0000   0.0000   0.0000   0.0000   0.0000   0.0000   0.0000   0.0000   0.0000 
  0.0000   0.0000   0.0000   0.0000   0.0000   0.0000   0.0000   0.0000   0.0000   0.0000 
  0.0000   0.0000   0.0000   0.0000   0.0000   0.0000   0.0000   0.0000   0.0000   0.0000 
  0.0000   0.0000   0.0000   0.0000   0.0000   0.0000   0.0000   0.0000   0.0000   0.0000 
  0.0000   0.0000   0.0000   0.0000   0.0000   0.0000   0.0000   0.0000   0.0000   0.0000 
  0.0000   0.0000   0.0000   0.0000   0.0000   0.0000   0.0000   0.0000   0.0000   0.0000 
  0.0000   0.0000   0.0000   0.0000   0.0000   0.0000   0.0000   0.0000   0.0000   0.0000 
  0.0000   0.0000   0.0000   0.0000   0.0000   0.0000   0.0000   0.0000   0.0000   0.0000 
  0.0000   0.0000   0.0000   0.0000   0.0000   0.0000   0.0000   0.0000   0.0000   0.0000 
  0.0000   0.0000   0.0000   0.0000   0.0000   0.0000   0.0000   0.0000   0.0000   0.0000 
  0.0000   0.0000   0.0000   0.0000   0.0000   0.0000   0.0000   0.0000   0.0000   0.0000 
  0.0000   0.0000   0.0000   0.0000   0.0000   0.0000   0.0000   0.0000   0.0000   0.0000 
  0.0000   0.0000   0.0000   0.0000   0.0000   0.0000   0.0000   0.0000   0.0000   0.0000 
  0.0000   0.0000   0.0000   0.0000   0.0000   0.0000   0.0000   0.0000   0.0000   0.0000 
  0.0000   0.0000   0.0000   0.0000   0.0000   0.0000   0.0000   0.0000   0.0000   0.0000 
  0.0000   0.0000   0.0000   0.0000   0.0000   0.0000   0.0000   0.0000   0.0000   0.0000 
  0.0000   0.0000   0.0000   0.0000   0.0000   0.0000   0.0000   0.0000   0.0000   0.0000 
  0.0000   0.0000   0.0000   0.0000   0.0000   0.0000   0.0000   0.0000   0.0000   0.0000 
  0.0000   0.0000   0.0000   0.0000   0.0000   0.0000   0.0000   0.0000   0.0000   0.0000 
  0.0000   0.0000   0.0000   0.0000   0.0000   0.0000   0.0000   0.0000   0.0000   0.0000 
  0.0000   0.0000   0.0000   0.0000   0.0000   0.0000   0.0000   0.0000   0.0000   0.0000 
  0.0000   0.0000   0.0000   0.0000   0.0000   0.0000   0.0000   0.0000   0.0000   0.0000 
  0.0000   0.0000   0.0000   0.0000   0.0000   0.0000   0.0000   0.0000   0.0000   0.0000 
  0.0000   0.0000   0.0000   0.0000   0.0000   0.0000   0.0000   0.0000   0.0000   0.0000 
  0.0000   0.0000   0.0000   0.0000   0.0000   0.0000   0.0000   0.0000   0.0000   0.0000 
  0.0000   0.0000   0.0000   0.0000   0.0000   0.0000   0.0000   0.0000   0.0000   0.0000 
  0.0000   0.0000   0.0000   0.0000   0.0000   0.0000   0.0000   0.0000   0.0000   0.0000 
  0.0000   0.0000   0.0000   0.0000   0.0000   0.0000   0.0000   0.0000   0.0000   0.0000 
  0.0000   0.0000   0.0000   0.0000   0.0000   0.0000   0.0000   0.0000   0.0000   0.0000 
  0.0000   0.0000   0.0000   0.0000   0.0000   0.0000   0.0000   0.0000   0.0000   0.0000 
  0.0000   0.0000   0.0000   0.0000   0.0000   0.0000   0.0000   0.0000   0.0000   0.0000 
  0.0000   0.0000   0.0000   0.0000   0.0000   0.0000   0.0000   0.0000   0.0000   0.0000 
  0.0000   0.0000   0.0000   0.0000   0.0000   0.0000   0.0000   0.0000   0.0000   0.0000 
  0.0000   0.0000   0.0000   0.0000   0.0000   0.0000   0.0000   0.0000   0.0000   0.0000 
  0.0000   0.0000   0.0000   0.0000   0.0000   0.0000   0.0000   0.0000   0.0000   0.0000 
  0.0000   0.0000   0.0000   0.0000   0.0000   0.0000   0.0000   0.0000   0.0000   0.0000 
  0.0000   0.0000   0.0000   0.0000   0.0000   0.0000   0.0000   0.0000   0.0000   0.0000 
  0.0000   0.0000   0.0000   0.0000   0.0000   0.0000   0.0000   0.0000   0.0000   0.0000 
  0.0000   0.0000   0.0000   0.0000   0.0000   0.0000   0.0000   0.0000   0.0000   0.0000 
  0.0000   0.0000   0.0000   0.0000   0.0000   0.0000   0.0000   0.0000   0.0000   0.0000 
  0.0000   0.0000   0.0000   0.0000   0.0000   0.0000   0.0000   0.0000   0.0000   0.0000 
  0.0000   0.0000   0.0000   0.0000   0.0000   0.0000   0.0000   0.0000   0.0000   0.0000 
  0.0000   0.0000   0.0000   0.0000   0.0000   0.0000   0.0000   0.0000   0.0000   0.0000 
  0.0000   0.0000   0.0000   0.0000   0.0000   0.0000   0.0000   0.0000   0.0000   0.0000 
  0.0000   0.0000   0.0000   0.0000   0.0000   0.0000   0.0000   0.0000   0.0000   0.0000 
  0.0000   0.0000   0.0000   0.0000   0.0000   0.0000   0.0000   0.0000   0.0000   0.0000 
  0.0000   0.0000   0.0000   0.0000   0.0000   0.0000   0.0000   0.0000   0.0000   0.0000 
  0.0000   0.0000   0.0000   0.0000   0.0000   0.0000   0.0000   0.0000   0.0000   0.0000 
  0.0000   0.0000   0.0000   0.0000   0.0000   0.0000   0.0000   0.0000   0.0000   0.0000 
  0.0000   0.0000   0.0000   0.0000   0.0000   0.0000   0.0000   0.0000   0.0000   0.0000 
  0.0000   0.0000   0.0000   0.0000   0.0000   0.0000   0.0000   0.0000   0.0000   0.0000 
  0.0000   0.0000   0.0000   0.0000   0.0000   0.0000   0.0000   0.0000   0.0000   0.0000 
  0.0000   0.0000   0.0000   0.0000   0.0000   0.0000   0.0000   0.0000   0.0000   0.0000 
  0.0000   0.0000   0.0000   0.0000   0.0000   0.0000   0.0000   0.0000   0.0000   0.0000 
  0.0000   0.0000   0.0000   0.0000   0.0000   0.0000   0.0000   0.0000   0.0000   0.0000 
  0.0000   0.0000   0.0000   0.0000   0.0000   0.0000   0.0000   0.0000   0.0000   0.0000 
  0.0000   0.0000   0.0000   0.0000   0.0000   0.0000   0.0000   0.0000   0.0000   0.0000 
  0.0000   0.0000   0.0000   0.0000   0.0000   0.0000   0.0000   0.0000   0.0000   0.0000 
  0.0000   0.0000   0.0000   0.0000   0.0000   0.0000   0.0000   0.0000   0.0000   0.0000 
  0.0000   0.0000   0.0000   0.0000   0.0000   0.0000   0.0000   0.0000   0.0000   0.0000 
  0.0000   0.0000   0.0000   0.0000   0.0000   0.0000   0.0000   0.0000   0.0000   0.0000 
  0.0000   0.0000   0.0000   0.0000   0.0000   0.0000   0.0000   0.0000   0.0000   0.0000 
  0.0000   0.0000   0.0000   0.0000   0.0000   0.0000   0.0000   0.0000   0.0000   0.0000 
  0.0000   0.0000   0.0000   0.0000   0.0000   0.0000   0.0000   0.0000   0.0000   0.0000 
  0.0000   0.0000   0.0000   0.0000   0.0000   0.0000   0.0000   0.0000   0.0000   0.0000 
  0.0000   0.0000   0.0000   0.0000   0.0000   0.0000   0.0000   0.0000   0.0000   0.0000 
  0.0000   0.0000   0.0000   0.0000   0.0000   0.0000   0.0000   0.0000   0.0000   0.0000 
  0.0000   0.0000   0.0000   0.0000   0.0000   0.0000   0.0000   0.0000   0.0000   0.0000 
  0.0000   0.0000   0.0000   0.0000   0.0000   0.0000   0.0000   0.0000   0.0000   0.0000 
  0.0000   0.0000   0.0000   0.0000   0.0000   0.0000   0.0000   0.0000   0.0000   0.0000 
  0.0000   0.0000   0.0000   0.0000   0.0000   0.0000   0.0000   0.0000   0.0000   0.0000 
  0.0000   0.0000   0.0000   0.0000   0.0000   0.0000   0.0000   0.0000   0.0000   0.0000 
  0.0000   0.0000   0.0000   0.0000   0.0000   0.0000   0.0000   0.0000   0.0000   0.0000 
  0.0000   0.0000   0.0000   0.0000   0.0000   0.0000   0.0000   0.0000   0.0000   0.0000 
  0.0000   0.0000   0.0000   0.0000   0.0000   0.0000   0.0000   0.0000   0.0000   0.0000 
  0.0000   0.0000   0.0000   0.0000   0.0000   0.0000   0.0000   0.0000   0.0000   0.0000 
  0.0000   0.0000   0.0000   0.0000   0.0000   0.0000   0.0000   0.0000   0.0000   0.0000 
  0.0000   0.0000   0.0000   0.0000   0.0000   0.0000   0.0000   0.0000   0.0000   0.0000 
  0.0000   0.0000   0.0000   0.0000   0.0000   0.0000   0.0000   0.0000   0.0000   0.0000 
  0.0000   0.0000   0.0000   0.0000   0.0000   0.0000   0.0000   0.0000   0.0000   0.0000 
  0.0000   0.0000   0.0000   0.0000   0.0000   0.0000   0.0000   0.0000   0.0000   0.0000 
  0.0000   0.0000   0.0000   0.0000   0.0000   0.0000   0.0000   0.0000   0.0000   0.0000 
  0.0000   0.0000   0.0000   0.0000   0.0000   0.0000   0.0000   0.0000   0.0000   0.0000 
  0.0000   0.0000   0.0000   0.0000   0.0000   0.0000   0.0000   0.0000   0.0000   0.0000 
  0.0000   0.0000   0.0000   0.0000   0.0000   0.0000   0.0000   0.0000   0.0000   0.0000 
  0.0000   0.0000   0.0000   0.0000   0.0000   0.0000   0.0000   0.0000   0.0000   0.0000 
  0.0000   0.0000   0.0000   0.0000   0.0000   0.0000   0.0000   0.0000   0.0000   0.0000 
  0.0000   0.0000   0.0000   0.0000   0.0000   0.0000   0.0000   0.0000   0.0000   0.0000 
  0.0000   0.0000   0.0000   0.0000   0.0000   0.0000   0.0000   0.0000   0.0000   0.0000 
  0.0000   0.0000   0.0000   0.0000   0.0000   0.0000   0.0000   0.0000   0.0000   0.0000 
  0.0000   0.0000   0.0000   0.0000   0.0000   0.0000   0.0000   0.0000   0.0000   0.0000 
  0.0000   0.0000   0.0000   0.0000   0.0000   0.0000   0.0000   0.0000   0.0000   0.0000 
  0.0000   0.0000   0.0000   0.0000   0.0000   0.0000   0.0000   0.0000   0.0000   0.0000 
  0.0000   0.0000   0.0000   0.0000   0.0000   0.0000   0.0000   0.0000   0.0000   0.0000 
  0.0000   0.0000   0.0000   0.0000   0.0000   0.0000   0.0000   0.0000   0.0000   0.0000 
  0.0000   0.0000   0.0000   0.0000   0.0000   0.0000   0.0000   0.0000   0.0000   0.0000 
  0.0000   0.0000   0.0000   0.0000   0.0000   0.0000   0.0000   0.0000   0.0000   0.0000 
  0.0000   0.0000   0.0000   0.0000   0.0000   0.0000   0.0000   0.0000   0.0000   0.0000 
  0.0000   0.0000   0.0000   0.0000   0.0000   0.0000   0.0000   0.0000   0.0000   0.0000 
  0.0000   0.0000   0.0000   0.0000   0.0000   0.0000   0.0000   0.0000   0.0000   0.0000 
  0.0000   0.0000   0.0000   0.0000   0.0000   0.0000   0.0000   0.0000   0.0000   0.0000 
  0.0000   0.0000   0.0000   0.0000   0.0000   0.0000   0.0000   0.0000   0.0000   0.0000 
  0.0000   0.0000   0.0000   0.0000   0.0000   0.0000   0.0000   0.0000   0.0000   0.0000 
  0.0000   0.0000   0.0000   0.0000   0.0000   0.0000   0.0000   0.0000   0.0000   0.0000 
  0.0000   0.0000   0.0000   0.0000   0.0000   0.0000   0.0000   0.0000   0.0000   0.0000 
  0.0000   0.0000   0.0000   0.0000   0.0000   0.0000   0.0000   0.0000   0.0000   0.0000 
  0.0000   0.0000   0.0000   0.0000   0.0000   0.0000   0.0000   0.0000   0.0000   0.0000 
  0.0000   0.0000   0.0000   0.0000   0.0000   0.0000   0.0000   0.0000   0.0000   0.0000 
  0.0000   0.0000   0.0000   0.0000   0.0000   0.0000   0.0000   0.0000   0.0000   0.0000 
  0.0000   0.0000   0.0000   0.0000   0.0000   0.0000   0.0000   0.0000   0.0000   0.0000 
  0.0000   0.0000   0.0000   0.0000   0.0000   0.0000   0.0000   0.0000   0.0000   0.0000 
  0.0000   0.0000   0.0000   0.0000   0.0000   0.0000   0.0000   0.0000   0.0000   0.0000 
  0.0000   0.0000   0.0000   0.0000   0.0000   0.0000   0.0000   0.0000   0.0000   0.0000 
  0.0000   0.0000   0.0000   0.0000   0.0000   0.0000   0.0000   0.0000   0.0000   0.0000 
  0.0000   0.0000   0.0000   0.0000   0.0000   0.0000   0.0000   0.0000   0.0000   0.0000 
  0.0000   0.0000   0.0000   0.0000   0.0000   0.0000   0.0000   0.0000   0.0000   0.0000 
  0.0000   0.0000   0.0000   0.0000   0.0000   0.0000   0.0000   0.0000   0.0000   0.0000 
  0.0000   0.0000   0.0000   0.0000   0.0000   0.0000   0.0000   0.0000   0.0000   0.0000 
  0.0000   0.0000   0.0000   0.0000   0.0000   0.0000   0.0000   0.0000   0.0000   0.0000 
  0.0000   0.0000   0.0000   0.0000   0.0000   0.0000   0.0000   0.0000   0.0000   0.0000 
  0.0000   0.0000   0.0000   0.0000   0.0000   0.0000   0.0000   0.0000   0.0000   0.0000 
  0.0000   0.0000   0.0000   0.0000   0.0000   0.0000   0.0000   0.0000   0.0000   0.0000 
  0.0000   0.0000   0.0000   0.0000   0.0000   0.0000   0.0000   0.0000   0.0000   0.0000 
  0.0000   0.0000   0.0000   0.0000   0.0000   0.0000   0.0000   0.0000   0.0000   0.0000 
  0.0000   0.0000   0.0000   0.0000   0.0000   0.0000   0.0000   0.0000   0.0000   0.0000 
  0.0000   0.0000   0.0000   0.0000   0.0000   0.0000   0.0000   0.0000   0.0000   0.0000 
  0.0000   0.0000   0.0000   0.0000   0.0000   0.0000   0.0000   0.0000   0.0000   0.0000 
  0.0000   0.0000   0.0000   0.0000   0.0000   0.0000   0.0000   0.0000   0.0000   0.0000 
  0.0000   0.0000   0.0000   0.0000   0.0000   0.0000   0.0000   0.0000   0.0000   0.0000 
  0.0000   0.0000   0.0000   0.0000   0.0000   0.0000   0.0000   0.0000   0.0000   0.0000 
  0.0000   0.0000   0.0000   0.0000   0.0000   0.0000   0.0000   0.0000   0.0000   0.0000 
  0.0000   0.0000   0.0000   0.0000   0.0000   0.0000   0.0000   0.0000   0.0000   0.0000 
  0.0000   0.0000   0.0000   0.0000   0.0000   0.0000   0.0000   0.0000   0.0000   0.0000 
  0.0000   0.0000   0.0000   0.0000   0.0000   0.0000   0.0000   0.0000   0.0000   0.0000 
  0.0000   0.0000   0.0000   0.0000   0.0000   0.0000   0.0000   0.0000   0.0000   0.0000 
  0.0000   0.0000   0.0000   0.0000   0.0000   0.0000   0.0000   0.0000   0.0000   0.0000 
  0.0000   0.0000   0.0000   0.0000   0.0000   0.0000   0.0000   0.0000   0.0000   0.0000 
  0.0000   0.0000   0.0000   0.0000   0.0000   0.0000   0.0000   0.0000   0.0000   0.0000 
  0.0000   0.0000   0.0000   0.0000   0.0000   0.0000   0.0000   0.0000   0.0000   0.0000 
  0.0000   0.0000   0.0000   0.0000   0.0000   0.0000   0.0000   0.0000   0.0000   0.0000 
  0.0000   0.0000   0.0000   0.0000   0.0000   0.0000   0.0000   0.0000   0.0000   0.0000 
  0.0000   0.0000   0.0000   0.0000   0.0000   0.0000   0.0000   0.0000   0.0000   0.0000 
  0.0000   0.0000   0.0000   0.0000   0.0000   0.0000   0.0000   0.0000   0.0000   0.0000 
  0.0000   0.0000   0.0000   0.0000   0.0000   0.0000   0.0000   0.0000   0.0000   0.0000 
  0.0000   0.0000   0.0000   0.0000   0.0000   0.0000   0.0000   0.0000   0.0000   0.0000 
  0.0000   0.0000   0.0000   0.0000   0.0000   0.0000   0.0000   0.0000   0.0000   0.0000 
  0.0000   0.0000   0.0000   0.0000   0.0000   0.0000   0.0000   0.0000   0.0000   0.0000 
  0.0000   0.0000   0.0000   0.0000   0.0000   0.0000   0.0000   0.0000   0.0000   0.0000 
  0.0000   0.0000   0.0000   0.0000   0.0000   0.0000   0.0000   0.0000   0.0000   0.0000 
  0.0000   0.0000   0.0000   0.0000   0.0000   0.0000   0.0000   0.0000   0.0000   0.0000 
  0.0000   0.0000   0.0000   0.0000   0.0000   0.0000   0.0000   0.0000   0.0000   0.0000 
  0.0000   0.0000   0.0000   0.0000   0.0000   0.0000   0.0000   0.0000   0.0000   0.0000 
  0.0000   0.0000   0.0000   0.0000   0.0000   0.0000   0.0000   0.0000   0.0000   0.0000 
  0.0000   0.0000   0.0000   0.0000   0.0000   0.0000   0.0000   0.0000   0.0000   0.0000 
  0.0000   0.0000   0.0000   0.0000   0.0000   0.0000   0.0000   0.0000   0.0000   0.0000 
  0.0000   0.0000   0.0000   0.0000   0.0000   0.0000   0.0000   0.0000   0.0000   0.0000 
  0.0000   0.0000   0.0000   0.0000   0.0000   0.0000   0.0000   0.0000   0.0000   0.0000 
  0.0000   0.0000   0.0000   0.0000   0.0000   0.0000   0.0000   0.0000   0.0000   0.0000 
  0.0000   0.0000   0.0000   0.0000   0.0000   0.0000   0.0000   0.0000   0.0000   0.0000 
  0.0000   0.0000   0.0000   0.0000   0.0000   0.0000   0.0000   0.0000   0.0000   0.0000 
  0.0000   0.0000   0.0000   0.0000   0.0000   0.0000   0.0000   0.0000   0.0000   0.0000 
  0.0000   0.0000   0.0000   0.0000   0.0000   0.0000   0.0000   0.0000   0.0000   0.0000 
  0.0000   0.0000   0.0000   0.0000   0.0000   0.0000   0.0000   0.0000   0.0000   0.0000 
  0.0000   0.0000   0.0000   0.0000   0.0000   0.0000   0.0000   0.0000   0.0000   0.0000 
  0.0000   0.0000   0.0000   0.0000   0.0000   0.0000   0.0000   0.0000   0.0000   0.0000 
