z-axis gyroscope data

143.7500 -105.4375 240.5625 246.3125  37.9375 -152.4375  43.6250 -35.3750 -127.4375 187.6250 
151.1250 -75.7500 265.2500 193.8125   5.5625 -88.9375  57.3125  11.0000 -92.0000 230.1250 
150.6875 -41.1250 267.5625 158.6250 -21.1250 -440.1875  64.2500  87.0625  19.7500 215.0625 
145.6875  30.0625 170.8125 129.6875 -93.6250 -778.4375  75.0625 130.6250  53.4375 230.3750 
197.9375  45.1250 -14.0000  92.3125  10.1250 -52.0000  70.8750 133.5000 156.6875 250.8125 
234.8750  65.8750 -118.1875  36.3125  16.0000 323.0625 100.1875  86.2500  -4.8750 251.5625 
243.6250 -38.7500 -75.1875  34.1250 -69.3125 458.0000 130.8750  86.6875 -68.4375 247.4375 
256.5000 -170.3750  24.9375  34.9375 -147.0625 414.4375 140.2500 134.8750  13.8750 242.7500 
293.1875 -161.1875  88.1875  -2.3750 -57.0000  35.7500 161.3125 121.3750  76.3750 257.7500 
314.2500 -111.5000  64.5000 -46.8125 -356.5625 -151.7500 210.3125  63.4375  62.6875 256.6875 
302.6250 -102.8125  35.1250 -60.4375 -532.6250 -75.9375 216.0000 101.0000  32.1250 233.1875 
305.5625 -86.0000  27.8750  31.7500 174.0000  25.1250 208.3125 147.5625  -8.9375 211.2500 
316.9375 -37.7500  27.0625  -1.6250 335.8125  73.8750 235.1875  71.1250  60.9375 179.8125 
300.3125  25.4375  35.5000 -86.6875 332.6875  49.7500 255.3750  81.5625  81.8125 152.1250 
289.3125 107.6250  90.5000 -196.3750 229.1250  16.3125 260.2500 146.1250  80.0000 126.0000 
262.1875 142.1250  85.3750 -438.6250   6.3125  47.8750 262.0000  82.8125  78.9375 115.5000 
239.5000 148.5000   4.1875 -512.1875 -108.2500  52.3125 280.6875  89.3750  84.4375  75.0625 
211.3125  46.3125 -21.7500 -433.1250 -64.8125  47.0625 268.6250 156.0625  73.7500  60.0625 
175.1875 -133.0000  -0.8125 578.5000  33.1250   9.3750 252.3750 169.1250  21.9375  58.3125 
130.6875 -214.7500  34.3125 515.5625  97.6250   7.6250 238.6250 147.1250  39.2500  33.5625 
111.6875 -102.6875   3.5625  71.5000  26.7500  36.6875 217.8125 161.1875  72.6250 -23.6875 
 79.0000  51.5625 -30.7500  84.3125  10.6250  61.2500 182.3750 217.9375  90.3125 -100.5625 
 49.5625  89.9375 -17.4375  60.7500  54.0625  59.3750 156.0625 223.3125  78.1875  13.6875 
 32.3125 -51.3750  10.7500 124.9375  53.5000  41.0000 137.7500 192.8125  -1.1875 -10.8125 
-13.2500 -56.9375  38.6250 166.7500   4.8125  15.1875 106.3750 223.5000  33.1250 -16.5625 
-64.2500  -6.3750  -0.3750  54.2500 -17.1875  -1.8750  87.4375 258.0625  74.5000 -188.3125 
 -1.1875 162.9375 -51.1875 -49.7500   3.4375 -10.6250  75.8750 240.9375  63.1250 -219.3125 
 40.3125 112.8125  75.3750  45.9375  35.1875 -23.3750  47.5000 247.6875 -22.1875 -414.3750 
-28.5000  80.0000  46.7500 145.9375  13.3125 -50.0000  10.3750 248.8125 -12.6250 -791.0000 
-155.9375  49.1875 -22.0000  89.9375 -10.9375 -88.0625 -61.6250 267.1250  -0.5625 177.6875 
-143.7500 -30.2500  -5.7500 -27.2500   4.5000 -128.8750 -88.1875 271.5000  -2.6875 463.5625 
-404.6875 -29.6875  41.8750 -13.9375  31.5625 -207.6250  92.0000 260.0000  23.6250 350.5000 
-684.7500  28.5000  35.8750  39.1250  15.3750 -316.0000 -68.2500 250.4375  74.7500 167.2500 
 28.2500  10.7500  53.1250  85.7500 -29.3125 -361.0625 -144.2500 218.7500  88.2500 -34.3750 
175.4375 -63.4375  53.8125  20.6250 -31.0000 -340.5000 -237.0625 200.0000  57.8125 -52.7500 
340.3125 -110.0000  10.6875  -2.1875  -9.3125 -384.3125 -441.9375 174.2500  44.0625  -0.1875 
372.7500 -122.1250  44.8125  54.9375  11.9375 -294.0625 -550.5625 144.1250  57.9375  62.0625 
 35.5000 -119.7500  54.1250  90.8750  12.0000 -280.6250 -237.0625 101.1875  92.8750 123.0625 
-92.3125 -81.6250  64.0000   3.2500   8.1250 -409.7500 636.2500  78.4375  96.0625  39.8750 
 -4.8125 -83.1250  84.6250 -116.0000  28.7500 -476.6250 580.6875  48.5000  75.1875 -19.9375 
 47.5000 -67.8750  79.9375 -103.1250  15.1875 -385.6250  50.8750  52.0000  70.3125  31.3750 
 63.3125 -57.4375  87.5000 -59.9375 -15.6250 -324.6875 -10.6250  26.3125  99.0000  90.4375 
 38.6875 -38.0625 117.0000 -25.3125 -24.1875 -232.1875  43.9375 -11.7500 108.6875  53.1875 
 25.6875 -17.9375 120.0000  13.5000 -14.8750 -122.2500  84.7500 -63.8125  53.8125  31.1875 
-11.2500  -9.2500  67.8125  54.8125 -11.3750 -34.0000  34.7500 -25.8750  48.1250  63.0000 
-16.6250 -10.1250  88.4375  57.6875 -41.5000   2.0625  55.8125  29.5625  44.1875  53.3750 
-31.0625 -12.2500 143.5000  57.1250 -120.5000   4.5000  46.3125 -88.4375  18.4375  10.3125 
-71.6250  -2.6875 139.5625  37.3750 -219.7500  13.8750  56.4375 -117.2500  -2.7500  -1.4375 
-118.9375   8.5625 129.1875  11.0625 -244.8750  48.0625  56.2500 -169.0000 -24.9375  -5.3125 
-204.1250   8.7500 164.7500 -23.2500 -232.7500  61.5000  23.8750 -376.7500  22.8750 -32.0625 
-252.1875   2.6250 195.6875 -84.3125 -295.6250  47.3125   2.3750 -768.5000  57.8125 -50.6875 
-263.6875   1.5625 205.4375 -137.2500 -384.8750  18.8750  23.7500 177.1875  25.8125 -114.5000 
-276.4375  31.8125 239.5000 -159.3125 -341.1875  -3.8125  23.8125 474.2500  28.8125 -241.6250 
-368.8125 102.8125 265.8750 -227.0000 -257.8750   2.9375   4.6250 317.9375  33.1875 -349.1875 
-400.3125 155.5000 264.0000 -373.4375 -303.6875  26.3125   6.4375 167.6250   7.6250 -380.4375 
-548.5000 187.8125 251.6875 -445.6875 -396.7500  29.8750  34.7500  84.8125 -32.5000 -446.7500 
-358.1875 191.4375 265.6875 -361.0625 -437.1875   0.2500  29.9375 -73.1875  -8.1875 -441.9375 
-317.1250 273.4375 293.8125 -330.3125 -275.4375 -16.8125  -6.3125 -64.0625  11.9375 -357.0625 
-309.9375 249.9375 285.2500 -364.5625 -211.6250 -12.2500 -33.5625 -51.5000  26.8125 -302.7500 
-249.3750  35.8125 252.2500 -171.7500 -161.7500 -10.8750   3.8750  77.0625  15.7500 -418.8125 
-103.1250 -87.3125 226.1250 -193.0000 -123.5000  -4.6875  34.6875  64.8750 -12.6875 -400.0000 
-18.5000 -71.1250 205.0625 -141.6875 -80.7500   4.8125  -1.1875  25.3750  -6.6875 -301.1875 
-56.0625   1.0625 177.6875 -48.3750 -38.9375   3.7500 -25.7500  89.0625  -5.3750 -409.3750 
-66.8125  74.6250 145.5000 -82.5625  -2.3750  13.1875  -9.5000  39.9375  -5.9375 -155.0625 
-15.6250  75.1875 107.8750 -87.0625   6.3125  23.5625 -18.9375 -51.3750   7.6250  36.5000 
 60.9375  54.3750  74.3750 -90.3750 -24.5625  38.2500 -41.8750 -48.0625  18.2500  96.1250 
 90.6875  26.9375  43.6250 -98.6875 -29.5625  62.8750 -58.2500  17.2500  21.8750  87.1250 
 85.5000  33.8750  23.8125 -104.6250 -33.3125  86.0000 -36.2500  41.9375  23.5625  42.8125 
 70.9375  51.2500  15.9375 -119.8750 -30.7500 109.2500   2.2500  73.6250  19.8125  69.4375 
 79.6875  85.6875 -11.6250 -110.5000 -20.0000 125.6875  14.7500  34.5000  10.8125 124.5000 
 86.5625 101.0625 -38.3750 -81.9375   6.6250 139.5000   7.1875   7.1875   2.1250 161.6250 
 94.7500  60.0625 -31.5625 -27.3125  33.0000 148.7500   2.3125   5.1875  25.8750  99.0000 
 98.0625  44.8125  18.8750  29.4375  41.8125 144.0000  -8.3750   8.5000  85.0000 -15.3125 
 84.6250  24.3125 -63.1250  58.4375  44.9375 123.8750 -27.1250   1.1875  26.0000 -69.3750 
 61.8750  -3.7500 -182.7500  74.1250  63.0000  99.0625 -66.2500  -2.6875  28.1875 -90.4375 
 28.3750 -17.8750 -128.9375  90.5625  94.8125  61.7500 -135.9375 -38.7500  91.4375 -97.2500 
 26.7500  14.2500 -394.3125 104.5625 117.0625  46.3125 -235.6250 -46.5625 145.6250 -118.3125 
 31.8125  38.3125 -720.1875 108.7500 130.9375  29.1250 -277.7500 -48.9375 147.8750 -121.0000 
 49.7500  12.9375 200.7500  88.4375 120.8125  16.2500 -325.5000 -113.8750 126.5625 -112.9375 
 54.5000  -7.9375 282.4375  68.0000 107.0000  -2.0000 -358.5625 -179.4375 188.5000 -85.6250 
 57.2500 -19.2500 370.4375  55.6875 101.0625  -6.0000 -253.8125 -170.8125 245.8125 -62.4375 
 62.1250 -30.0000 310.1875  62.1250  97.6875  -7.1250 -275.0000 -205.0625 220.3750 -41.1250 
 59.8750  99.2500 -59.8125  69.6875  87.8750 -13.4375 -442.0625 -271.1875 221.7500 -13.4375 
 58.3125  95.9375 -144.0000  68.0000  69.8750 -29.4375 -494.3125 -261.6250 270.1875  17.3750 
 66.1875 -34.6875 -32.6250  63.9375  40.9375 -50.7500 -373.3125 -201.5625 266.9375  42.3750 
 63.5000 -21.0000  45.1875  65.6250  10.0000 -39.8125 -244.7500 -254.6875 257.7500  60.5625 
 61.6875  16.0000  60.3125  68.0625 -10.0000 -38.2500 -134.6875 -410.3750 284.5625  84.8750 
 69.3125  74.5625  33.5000  68.6875 -13.8750 -37.4375 -69.0000 -382.3125 288.2500 109.0625 
 69.6875  79.5625  14.3750  67.3125  -9.6875 -39.5625   8.3750 -306.6875 283.3750 128.6250 
 69.1250  59.8125   6.2500  63.2500  -3.6875 -44.9375  82.8750 -287.0000 277.7500 140.6875 
 70.8750  68.7500 -15.3750  56.3750  -1.3125 -52.3125  83.8750 -287.1875 275.6250 148.6250 
 71.6875  79.7500  34.1250  53.6250  -3.6875 -67.1875  37.4375 -168.2500 247.6875 152.5000 
 68.0000  97.8125  35.8125  53.3125   4.2500 -65.5625  48.0000 -27.8750 209.2500 156.5000 
 57.5625 113.7500   9.6875  59.2500   5.6875 -58.8750  35.9375 -11.3750 186.2500 154.3750 
 44.5625 144.1250   7.4375  60.8750  10.6875 -61.1250  15.2500 -16.4375 151.8750 145.0000 
 35.8125 102.7500  30.0000  54.5000  20.6875 -73.0000  20.1875   7.2500 140.8750 125.3125 
 30.6250  92.9375  27.2500  45.3125  24.9375 -80.4375  42.7500  32.6250 100.1250  99.3750 
 23.6250 134.2500  16.8125  42.3125  32.0625 -71.0625  39.1875  23.6875  58.3125  73.1875 
 23.6875 175.4375  -2.9375  35.8125  34.1250 -56.0000  18.0000  41.5000  39.5625  48.2500 
 27.8125 140.3125  -4.8750  32.4375  35.2500 -51.4375  17.6875  80.2500  22.8750  25.1875 
 18.5000 151.6875 -16.0625  25.1250  16.2500 -57.1875  30.1250  87.5000 -45.8750   6.1875 
  7.6875 192.3125 -22.3125  15.6875   1.9375 -62.5625  46.1875  66.1875 -37.2500  -4.9375 
 10.6875 215.1250 -18.5625   6.8750 -18.0625 -62.2500  55.6250  34.9375  48.5000 -11.8125 
 11.3125 212.7500   0.0000  -3.1250 -33.7500 -47.6875  50.8750  17.4375 -33.5000 -16.1250 
  5.5625 224.7500  16.3750 -12.0625 -92.0000 -33.2500  45.1250   9.3125 -111.0625 -16.2500 
-10.1250 267.2500  30.8125 -20.1250 -105.8750 -21.8750  47.0625  14.8125 -112.1250 -12.6875 
-25.4375 266.4375  50.8125 -32.1875 -90.6250 -22.8750  59.5000  16.0000  48.1875 -13.8125 
-50.1875 261.0000  53.3125 -48.1250 -89.2500 -32.3125  76.1875  29.2500 156.2500 -19.5625 
-86.3750 279.4375  55.8750 -73.3125   3.7500 -35.1250  89.3750  45.4375 582.8125 -26.8750 
-93.8125 270.6250  62.8125 -95.0625  20.0625 -17.1875  95.5000  45.6875 827.4375 -34.7500 
-86.5625 255.0000  59.1875 -114.3125  -5.5000   5.3750  88.5625  47.1250 635.2500 -44.7500 
-97.3750 256.2500  30.2500 -90.9375 -35.7500  12.7500  86.5000  45.6875 -230.1875 -61.0000 
-106.8750 242.8750   6.9375 -106.1875 -46.5625  10.0625  96.8750  46.6875 -188.7500 -68.1875 
-112.5625 196.3750  27.2500 -138.0625 -46.9375   9.6875 113.4375  52.8750   6.2500 -91.0000 
-122.6875 162.5625  46.3125 -135.0625 -33.3750  15.7500 110.9375  61.0000 187.0000 -108.0000 
-122.8750 164.3125  34.1875 -137.7500 -26.8750  32.9375  97.0625  58.3750  14.8750 -126.3750 
-105.4375 124.0625  -1.5625 -159.2500 -25.8125  45.6875  86.5625  63.9375 -29.5000 -126.6875 
-96.9375  81.9375   0.8125 -165.1875 -32.7500  54.5625  76.0625  77.9375  42.8125 -126.6875 
-88.6250  66.1875  38.5625 -167.0000 -30.6875  53.8125  66.9375  85.1250 -14.6250 -170.3750 
-72.3750  46.0625  44.3125 -169.0000 -32.6250  47.0625  53.4375  87.5000 -33.1875 -199.8125 
-57.0625  15.3125   9.2500 -159.0625 -28.7500  41.3125  37.6250  97.0625  21.0625 -177.3750 
-44.1250  -3.1250 -17.6250 -128.1875 -31.1875  34.3750  19.4375  96.6250  81.2500 -189.6875 
-28.3125 -54.3750 -10.2500 -81.1250 -39.1875  35.1250   0.9375  89.0625  60.1875 -180.1875 
-11.9375 -36.6875   9.5625 -22.7500 -41.1875  38.1250 -17.3750  80.2500  -9.1250 -169.9375 
-19.5625  21.3125  26.6875   3.8750 -32.2500  40.2500 -30.8750  61.5000 -20.3125 -159.1875 
-28.2500 -53.3750  18.1875  -2.1250 -35.0625  40.1250 -34.5625  42.6875   1.7500 -141.7500 
-23.6875 -210.7500  10.7500 -25.0625 -33.5625  31.2500 -35.7500  27.9375  39.2500 -117.2500 
 -5.6250 -231.8750  12.3750 -42.8125 -33.8750  24.1250 -35.3125  23.7500  11.1250 -88.1875 
 41.1250 -304.6875  18.2500 -56.6875 -28.5625  26.3125 -44.5625  21.8125 -47.2500 -51.6250 
 79.0000 -106.8750  16.1875 -56.7500 -39.1875  23.7500 -61.1250  16.9375 -44.2500 -10.0000 
 85.6875 740.9375  20.6875 -42.4375 -66.8750   0.0000 -66.1875   9.4375 -47.7500   0.0000 
 85.8125 796.2500  38.9375 -24.8125 -49.6875   0.0000 -53.5000   1.1875 -48.4375   0.0000 
 96.7500 643.5000  41.1875 -14.5625 -13.0000   0.0000 -47.0000  -5.8125 -41.1250   0.0000 
125.5000 118.6875  27.8125  -2.8750  -5.8125   0.0000 -66.1250 -14.1250 -92.5000   0.0000 
151.5000 -128.6875  26.3750  21.4375 -25.8125   0.0000 -76.2500 -22.5625 -134.3125   0.0000 
  0.0000  94.9375  36.9375  39.2500 -39.3125   0.0000 -75.2500 -36.6250 -97.8750   0.0000 
  0.0000 256.0625  45.3750  48.3125 -41.1875   0.0000 -69.8750 -51.8125 -36.6875   0.0000 
  0.0000  35.7500  29.8750  57.2500 -25.2500   0.0000 -75.5000 -50.3750 -22.6250   0.0000 
  0.0000 -136.5625   4.9375  67.6875 -46.5625   0.0000 -78.6875 -44.7500 -17.9375   0.0000 
  0.0000 -43.0625 -36.1250  84.3125 -81.6875   0.0000 -73.3750 -43.0000 -60.6250   0.0000 
  0.0000  64.0000 -27.8750 102.5000 -98.8750   0.0000 -82.8750 -64.3750 -95.5625   0.0000 
  0.0000  33.7500  -2.3125 121.1250 -80.1875   0.0000   0.0000 -82.6875 -91.1875   0.0000 
  0.0000 -41.7500 -21.9375 142.1250 -69.0625   0.0000   0.0000   0.0000 -82.5625   0.0000 
  0.0000 -15.5625 -63.5000 156.5000 -102.7500   0.0000   0.0000   0.0000 -92.5000   0.0000 
  0.0000  49.8750 -100.6250 166.0625 -115.7500   0.0000   0.0000   0.0000 -122.8750   0.0000 
  0.0000  45.3125 -53.4375 170.3750 -72.0625   0.0000   0.0000   0.0000 -131.0625   0.0000 
  0.0000  38.4375 -113.4375 169.4375 -27.5000   0.0000   0.0000   0.0000 -179.9375   0.0000 
  0.0000   1.8750 -154.1250 160.1875 -77.8125   0.0000   0.0000   0.0000 -249.8125   0.0000 
  0.0000 -13.6875 -92.1875 146.9375 -134.0625   0.0000   0.0000   0.0000 -250.6875   0.0000 
  0.0000  18.0000 -24.3750 128.3125 -121.6875   0.0000   0.0000   0.0000 -215.4375   0.0000 
  0.0000  37.3125  -1.2500 109.9375 -83.3750   0.0000   0.0000   0.0000 -158.0000   0.0000 
  0.0000  32.6875 -24.5000  92.5625 -76.8125   0.0000   0.0000   0.0000 -130.3750   0.0000 
  0.0000   5.0625 -50.2500  72.1875 -75.6875   0.0000   0.0000   0.0000 -167.3750   0.0000 
  0.0000  -4.5000 -22.1250  52.3125 -117.1875   0.0000   0.0000   0.0000 -188.3125   0.0000 
  0.0000  10.5625  -1.5000  30.1875 -121.8125   0.0000   0.0000   0.0000 -181.5625   0.0000 
  0.0000  25.3125   0.1250  10.6875 -126.3750   0.0000   0.0000   0.0000 -194.4375   0.0000 
  0.0000  32.1875 -13.5625  -1.8125 -122.5000   0.0000   0.0000   0.0000 -186.9375   0.0000 
  0.0000  27.5625 -27.1875 -10.1250 105.1875   0.0000   0.0000   0.0000 -149.5000   0.0000 
  0.0000  10.3750  -5.5000 -17.0000 -90.6250   0.0000   0.0000   0.0000 -106.8125   0.0000 
  0.0000  -1.5000 -15.4375 -23.6250 -133.8750   0.0000   0.0000   0.0000 -50.3125   0.0000 
  0.0000  14.1875 -38.0000   0.0000 119.8125   0.0000   0.0000   0.0000 -24.9375   0.0000 
  0.0000  27.4375 -57.2500   0.0000 213.0000   0.0000   0.0000   0.0000 -39.7500   0.0000 
  0.0000  24.6250 -39.1250   0.0000 163.5000   0.0000   0.0000   0.0000 -35.1250   0.0000 
  0.0000   9.4375 -24.6250   0.0000  71.8125   0.0000   0.0000   0.0000  -6.0000   0.0000 
  0.0000   2.1875 -65.3750   0.0000  52.1250   0.0000   0.0000   0.0000  43.6875   0.0000 
  0.0000  -3.8125 -42.7500   0.0000  92.9375   0.0000   0.0000   0.0000  59.6250   0.0000 
  0.0000   5.5000  -4.5625   0.0000 139.0625   0.0000   0.0000   0.0000  49.3125   0.0000 
  0.0000   5.5625  -1.2500   0.0000 158.1250   0.0000   0.0000   0.0000  44.9375   0.0000 
  0.0000   2.7500 -13.9375   0.0000 132.6250   0.0000   0.0000   0.0000  45.6250   0.0000 
  0.0000   1.5000  -6.9375   0.0000  88.5625   0.0000   0.0000   0.0000  57.0625   0.0000 
  0.0000   5.8750 -21.4375   0.0000  93.3125   0.0000   0.0000   0.0000  76.0000   0.0000 
  0.0000  12.7500 -98.5625   0.0000  42.5000   0.0000   0.0000   0.0000 100.1250   0.0000 
  0.0000  19.5625 -99.7500   0.0000  38.6250   0.0000   0.0000   0.0000 112.7500   0.0000 
  0.0000   2.8125 -46.9375   0.0000  64.5000   0.0000   0.0000   0.0000  97.7500   0.0000 
  0.0000 -15.3125 -78.3125   0.0000 113.8750   0.0000   0.0000   0.0000  74.9375   0.0000 
  0.0000 -24.6250 -18.4375   0.0000  89.5625   0.0000   0.0000   0.0000  60.1250   0.0000 
  0.0000 -44.1250  28.7500   0.0000  65.3750   0.0000   0.0000   0.0000  53.8750   0.0000 
  0.0000 -66.1875  11.3125   0.0000  94.7500   0.0000   0.0000   0.0000  58.3125   0.0000 
  0.0000 -87.0625  55.2500   0.0000 133.7500   0.0000   0.0000   0.0000  65.3750   0.0000 
  0.0000 -84.7500 110.3125   0.0000  99.1250   0.0000   0.0000   0.0000  68.3125   0.0000 
  0.0000 -57.0625  31.4375   0.0000  81.6875   0.0000   0.0000   0.0000  70.0000   0.0000 
  0.0000 -32.7500 -103.3750   0.0000  32.9375   0.0000   0.0000   0.0000  69.3750   0.0000 
  0.0000 -29.9375 -140.3125   0.0000  83.0625   0.0000   0.0000   0.0000  66.6250   0.0000 
  0.0000 -51.4375 -43.8750   0.0000  55.0000   0.0000   0.0000   0.0000  62.7500   0.0000 
  0.0000 -76.9375  21.2500   0.0000  72.8125   0.0000   0.0000   0.0000  60.3750   0.0000 
  0.0000 -97.4375  31.1875   0.0000  53.6250   0.0000   0.0000   0.0000  53.4375   0.0000 
  0.0000 -111.1250  37.4375   0.0000  20.0625   0.0000   0.0000   0.0000  31.8125   0.0000 
  0.0000 -134.6875  -0.9375   0.0000  28.8125   0.0000   0.0000   0.0000  21.2500   0.0000 
  0.0000 -173.1875   6.6250   0.0000  48.6875   0.0000   0.0000   0.0000  10.6250   0.0000 
  0.0000 -216.9375   1.8125   0.0000  35.4375   0.0000   0.0000   0.0000   7.7500   0.0000 
  0.0000 -191.3750 -31.7500   0.0000  19.0625   0.0000   0.0000   0.0000   5.5000   0.0000 
  0.0000 -226.3125 -46.5625   0.0000  68.6875   0.0000   0.0000   0.0000   5.5000   0.0000 
  0.0000 -294.8125 -42.5625   0.0000  91.3125   0.0000   0.0000   0.0000   2.1250   0.0000 
  0.0000 -248.3125 -12.1875   0.0000  29.3750   0.0000   0.0000   0.0000   0.8125   0.0000 
  0.0000 -276.3125 -58.6250   0.0000 -16.0000   0.0000   0.0000   0.0000   1.8125   0.0000 
  0.0000 -294.3750 -84.8125   0.0000  49.5000   0.0000   0.0000   0.0000  -4.5625   0.0000 
  0.0000 -171.0000 -42.9375   0.0000  86.3750   0.0000   0.0000   0.0000 -20.1250   0.0000 
  0.0000 -172.6250  46.9375   0.0000  60.9375   0.0000   0.0000   0.0000 -26.8125   0.0000 
  0.0000 -180.6250  61.1875   0.0000 -12.3125   0.0000   0.0000   0.0000 -25.2500   0.0000 
  0.0000 -121.9375  24.7500   0.0000   3.5625   0.0000   0.0000   0.0000 -23.5625   0.0000 
  0.0000 -81.0625  38.0625   0.0000  24.9375   0.0000   0.0000   0.0000 -36.1875   0.0000 
  0.0000 -93.4375  55.0000   0.0000  47.2500   0.0000   0.0000   0.0000 -62.9375   0.0000 
  0.0000 -65.0625  65.3750   0.0000  34.9375   0.0000   0.0000   0.0000 -60.1875   0.0000 
  0.0000  -6.0000   0.0000   0.0000  23.5000   0.0000   0.0000   0.0000 -50.4375   0.0000 
  0.0000  49.8125   0.0000   0.0000  26.9375   0.0000   0.0000   0.0000 -63.6250   0.0000 
  0.0000 104.7500   0.0000   0.0000  30.1875   0.0000   0.0000   0.0000 -62.2500   0.0000 
  0.0000 168.9375   0.0000   0.0000  44.2500   0.0000   0.0000   0.0000 -93.0000   0.0000 
  0.0000 181.8125   0.0000   0.0000  46.8125   0.0000   0.0000   0.0000 -112.1250   0.0000 
  0.0000 187.3125   0.0000   0.0000  46.3125   0.0000   0.0000   0.0000 -116.1875   0.0000 
  0.0000 150.2500   0.0000   0.0000  58.8750   0.0000   0.0000   0.0000 -120.3125   0.0000 
  0.0000 143.4375   0.0000   0.0000  61.5000   0.0000   0.0000   0.0000 -131.6875   0.0000 
  0.0000 143.5000   0.0000   0.0000  61.1875   0.0000   0.0000   0.0000 -131.8125   0.0000 
  0.0000 141.8125   0.0000   0.0000  74.3750   0.0000   0.0000   0.0000 -145.5625   0.0000 
  0.0000 125.5625   0.0000   0.0000  94.1875   0.0000   0.0000   0.0000 -134.3125   0.0000 
  0.0000 100.0625   0.0000   0.0000 125.2500   0.0000   0.0000   0.0000   0.0000   0.0000 
  0.0000  71.5625   0.0000   0.0000 131.5000   0.0000   0.0000   0.0000   0.0000   0.0000 
  0.0000  85.8750   0.0000   0.0000 123.0625   0.0000   0.0000   0.0000   0.0000   0.0000 
  0.0000 135.3125   0.0000   0.0000 139.1250   0.0000   0.0000   0.0000   0.0000   0.0000 
  0.0000 125.2500   0.0000   0.0000 187.8750   0.0000   0.0000   0.0000   0.0000   0.0000 
  0.0000  66.9375   0.0000   0.0000 217.1875   0.0000   0.0000   0.0000   0.0000   0.0000 
  0.0000  38.6875   0.0000   0.0000 205.0000   0.0000   0.0000   0.0000   0.0000   0.0000 
  0.0000  73.8750   0.0000   0.0000 211.5625   0.0000   0.0000   0.0000   0.0000   0.0000 
  0.0000 105.0000   0.0000   0.0000   0.0000   0.0000   0.0000   0.0000   0.0000   0.0000 
  0.0000  98.7500   0.0000   0.0000   0.0000   0.0000   0.0000   0.0000   0.0000   0.0000 
  0.0000  71.6875   0.0000   0.0000   0.0000   0.0000   0.0000   0.0000   0.0000   0.0000 
  0.0000  62.6875   0.0000   0.0000   0.0000   0.0000   0.0000   0.0000   0.0000   0.0000 
  0.0000  74.7500   0.0000   0.0000   0.0000   0.0000   0.0000   0.0000   0.0000   0.0000 
  0.0000  77.5625   0.0000   0.0000   0.0000   0.0000   0.0000   0.0000   0.0000   0.0000 
  0.0000  56.1250   0.0000   0.0000   0.0000   0.0000   0.0000   0.0000   0.0000   0.0000 
  0.0000  42.6875   0.0000   0.0000   0.0000   0.0000   0.0000   0.0000   0.0000   0.0000 
  0.0000  30.6875   0.0000   0.0000   0.0000   0.0000   0.0000   0.0000   0.0000   0.0000 
  0.0000  13.5625   0.0000   0.0000   0.0000   0.0000   0.0000   0.0000   0.0000   0.0000 
  0.0000   0.0000   0.0000   0.0000   0.0000   0.0000   0.0000   0.0000   0.0000   0.0000 
  0.0000   0.0000   0.0000   0.0000   0.0000   0.0000   0.0000   0.0000   0.0000   0.0000 
  0.0000   0.0000   0.0000   0.0000   0.0000   0.0000   0.0000   0.0000   0.0000   0.0000 
  0.0000   0.0000   0.0000   0.0000   0.0000   0.0000   0.0000   0.0000   0.0000   0.0000 
  0.0000   0.0000   0.0000   0.0000   0.0000   0.0000   0.0000   0.0000   0.0000   0.0000 
  0.0000   0.0000   0.0000   0.0000   0.0000   0.0000   0.0000   0.0000   0.0000   0.0000 
  0.0000   0.0000   0.0000   0.0000   0.0000   0.0000   0.0000   0.0000   0.0000   0.0000 
  0.0000   0.0000   0.0000   0.0000   0.0000   0.0000   0.0000   0.0000   0.0000   0.0000 
  0.0000   0.0000   0.0000   0.0000   0.0000   0.0000   0.0000   0.0000   0.0000   0.0000 
  0.0000   0.0000   0.0000   0.0000   0.0000   0.0000   0.0000   0.0000   0.0000   0.0000 
  0.0000   0.0000   0.0000   0.0000   0.0000   0.0000   0.0000   0.0000   0.0000   0.0000 
  0.0000   0.0000   0.0000   0.0000   0.0000   0.0000   0.0000   0.0000   0.0000   0.0000 
  0.0000   0.0000   0.0000   0.0000   0.0000   0.0000   0.0000   0.0000   0.0000   0.0000 
  0.0000   0.0000   0.0000   0.0000   0.0000   0.0000   0.0000   0.0000   0.0000   0.0000 
  0.0000   0.0000   0.0000   0.0000   0.0000   0.0000   0.0000   0.0000   0.0000   0.0000 
  0.0000   0.0000   0.0000   0.0000   0.0000   0.0000   0.0000   0.0000   0.0000   0.0000 
  0.0000   0.0000   0.0000   0.0000   0.0000   0.0000   0.0000   0.0000   0.0000   0.0000 
  0.0000   0.0000   0.0000   0.0000   0.0000   0.0000   0.0000   0.0000   0.0000   0.0000 
  0.0000   0.0000   0.0000   0.0000   0.0000   0.0000   0.0000   0.0000   0.0000   0.0000 
  0.0000   0.0000   0.0000   0.0000   0.0000   0.0000   0.0000   0.0000   0.0000   0.0000 
  0.0000   0.0000   0.0000   0.0000   0.0000   0.0000   0.0000   0.0000   0.0000   0.0000 
  0.0000   0.0000   0.0000   0.0000   0.0000   0.0000   0.0000   0.0000   0.0000   0.0000 
  0.0000   0.0000   0.0000   0.0000   0.0000   0.0000   0.0000   0.0000   0.0000   0.0000 
  0.0000   0.0000   0.0000   0.0000   0.0000   0.0000   0.0000   0.0000   0.0000   0.0000 
  0.0000   0.0000   0.0000   0.0000   0.0000   0.0000   0.0000   0.0000   0.0000   0.0000 
  0.0000   0.0000   0.0000   0.0000   0.0000   0.0000   0.0000   0.0000   0.0000   0.0000 
  0.0000   0.0000   0.0000   0.0000   0.0000   0.0000   0.0000   0.0000   0.0000   0.0000 
  0.0000   0.0000   0.0000   0.0000   0.0000   0.0000   0.0000   0.0000   0.0000   0.0000 
  0.0000   0.0000   0.0000   0.0000   0.0000   0.0000   0.0000   0.0000   0.0000   0.0000 
  0.0000   0.0000   0.0000   0.0000   0.0000   0.0000   0.0000   0.0000   0.0000   0.0000 
  0.0000   0.0000   0.0000   0.0000   0.0000   0.0000   0.0000   0.0000   0.0000   0.0000 
  0.0000   0.0000   0.0000   0.0000   0.0000   0.0000   0.0000   0.0000   0.0000   0.0000 
  0.0000   0.0000   0.0000   0.0000   0.0000   0.0000   0.0000   0.0000   0.0000   0.0000 
  0.0000   0.0000   0.0000   0.0000   0.0000   0.0000   0.0000   0.0000   0.0000   0.0000 
  0.0000   0.0000   0.0000   0.0000   0.0000   0.0000   0.0000   0.0000   0.0000   0.0000 
  0.0000   0.0000   0.0000   0.0000   0.0000   0.0000   0.0000   0.0000   0.0000   0.0000 
  0.0000   0.0000   0.0000   0.0000   0.0000   0.0000   0.0000   0.0000   0.0000   0.0000 
  0.0000   0.0000   0.0000   0.0000   0.0000   0.0000   0.0000   0.0000   0.0000   0.0000 
  0.0000   0.0000   0.0000   0.0000   0.0000   0.0000   0.0000   0.0000   0.0000   0.0000 
  0.0000   0.0000   0.0000   0.0000   0.0000   0.0000   0.0000   0.0000   0.0000   0.0000 
  0.0000   0.0000   0.0000   0.0000   0.0000   0.0000   0.0000   0.0000   0.0000   0.0000 
  0.0000   0.0000   0.0000   0.0000   0.0000   0.0000   0.0000   0.0000   0.0000   0.0000 
  0.0000   0.0000   0.0000   0.0000   0.0000   0.0000   0.0000   0.0000   0.0000   0.0000 
  0.0000   0.0000   0.0000   0.0000   0.0000   0.0000   0.0000   0.0000   0.0000   0.0000 
  0.0000   0.0000   0.0000   0.0000   0.0000   0.0000   0.0000   0.0000   0.0000   0.0000 
  0.0000   0.0000   0.0000   0.0000   0.0000   0.0000   0.0000   0.0000   0.0000   0.0000 
  0.0000   0.0000   0.0000   0.0000   0.0000   0.0000   0.0000   0.0000   0.0000   0.0000 
  0.0000   0.0000   0.0000   0.0000   0.0000   0.0000   0.0000   0.0000   0.0000   0.0000 
  0.0000   0.0000   0.0000   0.0000   0.0000   0.0000   0.0000   0.0000   0.0000   0.0000 
  0.0000   0.0000   0.0000   0.0000   0.0000   0.0000   0.0000   0.0000   0.0000   0.0000 
  0.0000   0.0000   0.0000   0.0000   0.0000   0.0000   0.0000   0.0000   0.0000   0.0000 
  0.0000   0.0000   0.0000   0.0000   0.0000   0.0000   0.0000   0.0000   0.0000   0.0000 
  0.0000   0.0000   0.0000   0.0000   0.0000   0.0000   0.0000   0.0000   0.0000   0.0000 
  0.0000   0.0000   0.0000   0.0000   0.0000   0.0000   0.0000   0.0000   0.0000   0.0000 
  0.0000   0.0000   0.0000   0.0000   0.0000   0.0000   0.0000   0.0000   0.0000   0.0000 
  0.0000   0.0000   0.0000   0.0000   0.0000   0.0000   0.0000   0.0000   0.0000   0.0000 
  0.0000   0.0000   0.0000   0.0000   0.0000   0.0000   0.0000   0.0000   0.0000   0.0000 
  0.0000   0.0000   0.0000   0.0000   0.0000   0.0000   0.0000   0.0000   0.0000   0.0000 
  0.0000   0.0000   0.0000   0.0000   0.0000   0.0000   0.0000   0.0000   0.0000   0.0000 
  0.0000   0.0000   0.0000   0.0000   0.0000   0.0000   0.0000   0.0000   0.0000   0.0000 
  0.0000   0.0000   0.0000   0.0000   0.0000   0.0000   0.0000   0.0000   0.0000   0.0000 
  0.0000   0.0000   0.0000   0.0000   0.0000   0.0000   0.0000   0.0000   0.0000   0.0000 
  0.0000   0.0000   0.0000   0.0000   0.0000   0.0000   0.0000   0.0000   0.0000   0.0000 
  0.0000   0.0000   0.0000   0.0000   0.0000   0.0000   0.0000   0.0000   0.0000   0.0000 
  0.0000   0.0000   0.0000   0.0000   0.0000   0.0000   0.0000   0.0000   0.0000   0.0000 
  0.0000   0.0000   0.0000   0.0000   0.0000   0.0000   0.0000   0.0000   0.0000   0.0000 
  0.0000   0.0000   0.0000   0.0000   0.0000   0.0000   0.0000   0.0000   0.0000   0.0000 
  0.0000   0.0000   0.0000   0.0000   0.0000   0.0000   0.0000   0.0000   0.0000   0.0000 
  0.0000   0.0000   0.0000   0.0000   0.0000   0.0000   0.0000   0.0000   0.0000   0.0000 
  0.0000   0.0000   0.0000   0.0000   0.0000   0.0000   0.0000   0.0000   0.0000   0.0000 
  0.0000   0.0000   0.0000   0.0000   0.0000   0.0000   0.0000   0.0000   0.0000   0.0000 
  0.0000   0.0000   0.0000   0.0000   0.0000   0.0000   0.0000   0.0000   0.0000   0.0000 
  0.0000   0.0000   0.0000   0.0000   0.0000   0.0000   0.0000   0.0000   0.0000   0.0000 
  0.0000   0.0000   0.0000   0.0000   0.0000   0.0000   0.0000   0.0000   0.0000   0.0000 
  0.0000   0.0000   0.0000   0.0000   0.0000   0.0000   0.0000   0.0000   0.0000   0.0000 
  0.0000   0.0000   0.0000   0.0000   0.0000   0.0000   0.0000   0.0000   0.0000   0.0000 
  0.0000   0.0000   0.0000   0.0000   0.0000   0.0000   0.0000   0.0000   0.0000   0.0000 
  0.0000   0.0000   0.0000   0.0000   0.0000   0.0000   0.0000   0.0000   0.0000   0.0000 
  0.0000   0.0000   0.0000   0.0000   0.0000   0.0000   0.0000   0.0000   0.0000   0.0000 
  0.0000   0.0000   0.0000   0.0000   0.0000   0.0000   0.0000   0.0000   0.0000   0.0000 
  0.0000   0.0000   0.0000   0.0000   0.0000   0.0000   0.0000   0.0000   0.0000   0.0000 
  0.0000   0.0000   0.0000   0.0000   0.0000   0.0000   0.0000   0.0000   0.0000   0.0000 
  0.0000   0.0000   0.0000   0.0000   0.0000   0.0000   0.0000   0.0000   0.0000   0.0000 
  0.0000   0.0000   0.0000   0.0000   0.0000   0.0000   0.0000   0.0000   0.0000   0.0000 
  0.0000   0.0000   0.0000   0.0000   0.0000   0.0000   0.0000   0.0000   0.0000   0.0000 
  0.0000   0.0000   0.0000   0.0000   0.0000   0.0000   0.0000   0.0000   0.0000   0.0000 
  0.0000   0.0000   0.0000   0.0000   0.0000   0.0000   0.0000   0.0000   0.0000   0.0000 
  0.0000   0.0000   0.0000   0.0000   0.0000   0.0000   0.0000   0.0000   0.0000   0.0000 
  0.0000   0.0000   0.0000   0.0000   0.0000   0.0000   0.0000   0.0000   0.0000   0.0000 
  0.0000   0.0000   0.0000   0.0000   0.0000   0.0000   0.0000   0.0000   0.0000   0.0000 
  0.0000   0.0000   0.0000   0.0000   0.0000   0.0000   0.0000   0.0000   0.0000   0.0000 
  0.0000   0.0000   0.0000   0.0000   0.0000   0.0000   0.0000   0.0000   0.0000   0.0000 
  0.0000   0.0000   0.0000   0.0000   0.0000   0.0000   0.0000   0.0000   0.0000   0.0000 
  0.0000   0.0000   0.0000   0.0000   0.0000   0.0000   0.0000   0.0000   0.0000   0.0000 
  0.0000   0.0000   0.0000   0.0000   0.0000   0.0000   0.0000   0.0000   0.0000   0.0000 
  0.0000   0.0000   0.0000   0.0000   0.0000   0.0000   0.0000   0.0000   0.0000   0.0000 
  0.0000   0.0000   0.0000   0.0000   0.0000   0.0000   0.0000   0.0000   0.0000   0.0000 
  0.0000   0.0000   0.0000   0.0000   0.0000   0.0000   0.0000   0.0000   0.0000   0.0000 
  0.0000   0.0000   0.0000   0.0000   0.0000   0.0000   0.0000   0.0000   0.0000   0.0000 
  0.0000   0.0000   0.0000   0.0000   0.0000   0.0000   0.0000   0.0000   0.0000   0.0000 
  0.0000   0.0000   0.0000   0.0000   0.0000   0.0000   0.0000   0.0000   0.0000   0.0000 
  0.0000   0.0000   0.0000   0.0000   0.0000   0.0000   0.0000   0.0000   0.0000   0.0000 
  0.0000   0.0000   0.0000   0.0000   0.0000   0.0000   0.0000   0.0000   0.0000   0.0000 
  0.0000   0.0000   0.0000   0.0000   0.0000   0.0000   0.0000   0.0000   0.0000   0.0000 
  0.0000   0.0000   0.0000   0.0000   0.0000   0.0000   0.0000   0.0000   0.0000   0.0000 
  0.0000   0.0000   0.0000   0.0000   0.0000   0.0000   0.0000   0.0000   0.0000   0.0000 
  0.0000   0.0000   0.0000   0.0000   0.0000   0.0000   0.0000   0.0000   0.0000   0.0000 
  0.0000   0.0000   0.0000   0.0000   0.0000   0.0000   0.0000   0.0000   0.0000   0.0000 
  0.0000   0.0000   0.0000   0.0000   0.0000   0.0000   0.0000   0.0000   0.0000   0.0000 
  0.0000   0.0000   0.0000   0.0000   0.0000   0.0000   0.0000   0.0000   0.0000   0.0000 
  0.0000   0.0000   0.0000   0.0000   0.0000   0.0000   0.0000   0.0000   0.0000   0.0000 
  0.0000   0.0000   0.0000   0.0000   0.0000   0.0000   0.0000   0.0000   0.0000   0.0000 
  0.0000   0.0000   0.0000   0.0000   0.0000   0.0000   0.0000   0.0000   0.0000   0.0000 
  0.0000   0.0000   0.0000   0.0000   0.0000   0.0000   0.0000   0.0000   0.0000   0.0000 
  0.0000   0.0000   0.0000   0.0000   0.0000   0.0000   0.0000   0.0000   0.0000   0.0000 
  0.0000   0.0000   0.0000   0.0000   0.0000   0.0000   0.0000   0.0000   0.0000   0.0000 
  0.0000   0.0000   0.0000   0.0000   0.0000   0.0000   0.0000   0.0000   0.0000   0.0000 
  0.0000   0.0000   0.0000   0.0000   0.0000   0.0000   0.0000   0.0000   0.0000   0.0000 
  0.0000   0.0000   0.0000   0.0000   0.0000   0.0000   0.0000   0.0000   0.0000   0.0000 
  0.0000   0.0000   0.0000   0.0000   0.0000   0.0000   0.0000   0.0000   0.0000   0.0000 
  0.0000   0.0000   0.0000   0.0000   0.0000   0.0000   0.0000   0.0000   0.0000   0.0000 
  0.0000   0.0000   0.0000   0.0000   0.0000   0.0000   0.0000   0.0000   0.0000   0.0000 
  0.0000   0.0000   0.0000   0.0000   0.0000   0.0000   0.0000   0.0000   0.0000   0.0000 
  0.0000   0.0000   0.0000   0.0000   0.0000   0.0000   0.0000   0.0000   0.0000   0.0000 
  0.0000   0.0000   0.0000   0.0000   0.0000   0.0000   0.0000   0.0000   0.0000   0.0000 
  0.0000   0.0000   0.0000   0.0000   0.0000   0.0000   0.0000   0.0000   0.0000   0.0000 
  0.0000   0.0000   0.0000   0.0000   0.0000   0.0000   0.0000   0.0000   0.0000   0.0000 
  0.0000   0.0000   0.0000   0.0000   0.0000   0.0000   0.0000   0.0000   0.0000   0.0000 
  0.0000   0.0000   0.0000   0.0000   0.0000   0.0000   0.0000   0.0000   0.0000   0.0000 
  0.0000   0.0000   0.0000   0.0000   0.0000   0.0000   0.0000   0.0000   0.0000   0.0000 
  0.0000   0.0000   0.0000   0.0000   0.0000   0.0000   0.0000   0.0000   0.0000   0.0000 
  0.0000   0.0000   0.0000   0.0000   0.0000   0.0000   0.0000   0.0000   0.0000   0.0000 
  0.0000   0.0000   0.0000   0.0000   0.0000   0.0000   0.0000   0.0000   0.0000   0.0000 
  0.0000   0.0000   0.0000   0.0000   0.0000   0.0000   0.0000   0.0000   0.0000   0.0000 
  0.0000   0.0000   0.0000   0.0000   0.0000   0.0000   0.0000   0.0000   0.0000   0.0000 
  0.0000   0.0000   0.0000   0.0000   0.0000   0.0000   0.0000   0.0000   0.0000   0.0000 
  0.0000   0.0000   0.0000   0.0000   0.0000   0.0000   0.0000   0.0000   0.0000   0.0000 
  0.0000   0.0000   0.0000   0.0000   0.0000   0.0000   0.0000   0.0000   0.0000   0.0000 
  0.0000   0.0000   0.0000   0.0000   0.0000   0.0000   0.0000   0.0000   0.0000   0.0000 
  0.0000   0.0000   0.0000   0.0000   0.0000   0.0000   0.0000   0.0000   0.0000   0.0000 
  0.0000   0.0000   0.0000   0.0000   0.0000   0.0000   0.0000   0.0000   0.0000   0.0000 
  0.0000   0.0000   0.0000   0.0000   0.0000   0.0000   0.0000   0.0000   0.0000   0.0000 
  0.0000   0.0000   0.0000   0.0000   0.0000   0.0000   0.0000   0.0000   0.0000   0.0000 
  0.0000   0.0000   0.0000   0.0000   0.0000   0.0000   0.0000   0.0000   0.0000   0.0000 
  0.0000   0.0000   0.0000   0.0000   0.0000   0.0000   0.0000   0.0000   0.0000   0.0000 
  0.0000   0.0000   0.0000   0.0000   0.0000   0.0000   0.0000   0.0000   0.0000   0.0000 
  0.0000   0.0000   0.0000   0.0000   0.0000   0.0000   0.0000   0.0000   0.0000   0.0000 
  0.0000   0.0000   0.0000   0.0000   0.0000   0.0000   0.0000   0.0000   0.0000   0.0000 
  0.0000   0.0000   0.0000   0.0000   0.0000   0.0000   0.0000   0.0000   0.0000   0.0000 
  0.0000   0.0000   0.0000   0.0000   0.0000   0.0000   0.0000   0.0000   0.0000   0.0000 
  0.0000   0.0000   0.0000   0.0000   0.0000   0.0000   0.0000   0.0000   0.0000   0.0000 
  0.0000   0.0000   0.0000   0.0000   0.0000   0.0000   0.0000   0.0000   0.0000   0.0000 
  0.0000   0.0000   0.0000   0.0000   0.0000   0.0000   0.0000   0.0000   0.0000   0.0000 
  0.0000   0.0000   0.0000   0.0000   0.0000   0.0000   0.0000   0.0000   0.0000   0.0000 
  0.0000   0.0000   0.0000   0.0000   0.0000   0.0000   0.0000   0.0000   0.0000   0.0000 
  0.0000   0.0000   0.0000   0.0000   0.0000   0.0000   0.0000   0.0000   0.0000   0.0000 
  0.0000   0.0000   0.0000   0.0000   0.0000   0.0000   0.0000   0.0000   0.0000   0.0000 
  0.0000   0.0000   0.0000   0.0000   0.0000   0.0000   0.0000   0.0000   0.0000   0.0000 
  0.0000   0.0000   0.0000   0.0000   0.0000   0.0000   0.0000   0.0000   0.0000   0.0000 
  0.0000   0.0000   0.0000   0.0000   0.0000   0.0000   0.0000   0.0000   0.0000   0.0000 
  0.0000   0.0000   0.0000   0.0000   0.0000   0.0000   0.0000   0.0000   0.0000   0.0000 
  0.0000   0.0000   0.0000   0.0000   0.0000   0.0000   0.0000   0.0000   0.0000   0.0000 
  0.0000   0.0000   0.0000   0.0000   0.0000   0.0000   0.0000   0.0000   0.0000   0.0000 
  0.0000   0.0000   0.0000   0.0000   0.0000   0.0000   0.0000   0.0000   0.0000   0.0000 
  0.0000   0.0000   0.0000   0.0000   0.0000   0.0000   0.0000   0.0000   0.0000   0.0000 
  0.0000   0.0000   0.0000   0.0000   0.0000   0.0000   0.0000   0.0000   0.0000   0.0000 
  0.0000   0.0000   0.0000   0.0000   0.0000   0.0000   0.0000   0.0000   0.0000   0.0000 
  0.0000   0.0000   0.0000   0.0000   0.0000   0.0000   0.0000   0.0000   0.0000   0.0000 
  0.0000   0.0000   0.0000   0.0000   0.0000   0.0000   0.0000   0.0000   0.0000   0.0000 
  0.0000   0.0000   0.0000   0.0000   0.0000   0.0000   0.0000   0.0000   0.0000   0.0000 
  0.0000   0.0000   0.0000   0.0000   0.0000   0.0000   0.0000   0.0000   0.0000   0.0000 
  0.0000   0.0000   0.0000   0.0000   0.0000   0.0000   0.0000   0.0000   0.0000   0.0000 
  0.0000   0.0000   0.0000   0.0000   0.0000   0.0000   0.0000   0.0000   0.0000   0.0000 
  0.0000   0.0000   0.0000   0.0000   0.0000   0.0000   0.0000   0.0000   0.0000   0.0000 
  0.0000   0.0000   0.0000   0.0000   0.0000   0.0000   0.0000   0.0000   0.0000   0.0000 
  0.0000   0.0000   0.0000   0.0000   0.0000   0.0000   0.0000   0.0000   0.0000   0.0000 
  0.0000   0.0000   0.0000   0.0000   0.0000   0.0000   0.0000   0.0000   0.0000   0.0000 
  0.0000   0.0000   0.0000   0.0000   0.0000   0.0000   0.0000   0.0000   0.0000   0.0000 
  0.0000   0.0000   0.0000   0.0000   0.0000   0.0000   0.0000   0.0000   0.0000   0.0000 
  0.0000   0.0000   0.0000   0.0000   0.0000   0.0000   0.0000   0.0000   0.0000   0.0000 
  0.0000   0.0000   0.0000   0.0000   0.0000   0.0000   0.0000   0.0000   0.0000   0.0000 
  0.0000   0.0000   0.0000   0.0000   0.0000   0.0000   0.0000   0.0000   0.0000   0.0000 
  0.0000   0.0000   0.0000   0.0000   0.0000   0.0000   0.0000   0.0000   0.0000   0.0000 
  0.0000   0.0000   0.0000   0.0000   0.0000   0.0000   0.0000   0.0000   0.0000   0.0000 
  0.0000   0.0000   0.0000   0.0000   0.0000   0.0000   0.0000   0.0000   0.0000   0.0000 
  0.0000   0.0000   0.0000   0.0000   0.0000   0.0000   0.0000   0.0000   0.0000   0.0000 
  0.0000   0.0000   0.0000   0.0000   0.0000   0.0000   0.0000   0.0000   0.0000   0.0000 
  0.0000   0.0000   0.0000   0.0000   0.0000   0.0000   0.0000   0.0000   0.0000   0.0000 
  0.0000   0.0000   0.0000   0.0000   0.0000   0.0000   0.0000   0.0000   0.0000   0.0000 
  0.0000   0.0000   0.0000   0.0000   0.0000   0.0000   0.0000   0.0000   0.0000   0.0000 
  0.0000   0.0000   0.0000   0.0000   0.0000   0.0000   0.0000   0.0000   0.0000   0.0000 
  0.0000   0.0000   0.0000   0.0000   0.0000   0.0000   0.0000   0.0000   0.0000   0.0000 
  0.0000   0.0000   0.0000   0.0000   0.0000   0.0000   0.0000   0.0000   0.0000   0.0000 
  0.0000   0.0000   0.0000   0.0000   0.0000   0.0000   0.0000   0.0000   0.0000   0.0000 
  0.0000   0.0000   0.0000   0.0000   0.0000   0.0000   0.0000   0.0000   0.0000   0.0000 
  0.0000   0.0000   0.0000   0.0000   0.0000   0.0000   0.0000   0.0000   0.0000   0.0000 
  0.0000   0.0000   0.0000   0.0000   0.0000   0.0000   0.0000   0.0000   0.0000   0.0000 
  0.0000   0.0000   0.0000   0.0000   0.0000   0.0000   0.0000   0.0000   0.0000   0.0000 
  0.0000   0.0000   0.0000   0.0000   0.0000   0.0000   0.0000   0.0000   0.0000   0.0000 
  0.0000   0.0000   0.0000   0.0000   0.0000   0.0000   0.0000   0.0000   0.0000   0.0000 
  0.0000   0.0000   0.0000   0.0000   0.0000   0.0000   0.0000   0.0000   0.0000   0.0000 
  0.0000   0.0000   0.0000   0.0000   0.0000   0.0000   0.0000   0.0000   0.0000   0.0000 
  0.0000   0.0000   0.0000   0.0000   0.0000   0.0000   0.0000   0.0000   0.0000   0.0000 
  0.0000   0.0000   0.0000   0.0000   0.0000   0.0000   0.0000   0.0000   0.0000   0.0000 
  0.0000   0.0000   0.0000   0.0000   0.0000   0.0000   0.0000   0.0000   0.0000   0.0000 
  0.0000   0.0000   0.0000   0.0000   0.0000   0.0000   0.0000   0.0000   0.0000   0.0000 
  0.0000   0.0000   0.0000   0.0000   0.0000   0.0000   0.0000   0.0000   0.0000   0.0000 
  0.0000   0.0000   0.0000   0.0000   0.0000   0.0000   0.0000   0.0000   0.0000   0.0000 
  0.0000   0.0000   0.0000   0.0000   0.0000   0.0000   0.0000   0.0000   0.0000   0.0000 
  0.0000   0.0000   0.0000   0.0000   0.0000   0.0000   0.0000   0.0000   0.0000   0.0000 
  0.0000   0.0000   0.0000   0.0000   0.0000   0.0000   0.0000   0.0000   0.0000   0.0000 
  0.0000   0.0000   0.0000   0.0000   0.0000   0.0000   0.0000   0.0000   0.0000   0.0000 
  0.0000   0.0000   0.0000   0.0000   0.0000   0.0000   0.0000   0.0000   0.0000   0.0000 
  0.0000   0.0000   0.0000   0.0000   0.0000   0.0000   0.0000   0.0000   0.0000   0.0000 
  0.0000   0.0000   0.0000   0.0000   0.0000   0.0000   0.0000   0.0000   0.0000   0.0000 
  0.0000   0.0000   0.0000   0.0000   0.0000   0.0000   0.0000   0.0000   0.0000   0.0000 
  0.0000   0.0000   0.0000   0.0000   0.0000   0.0000   0.0000   0.0000   0.0000   0.0000 
  0.0000   0.0000   0.0000   0.0000   0.0000   0.0000   0.0000   0.0000   0.0000   0.0000 
  0.0000   0.0000   0.0000   0.0000   0.0000   0.0000   0.0000   0.0000   0.0000   0.0000 
  0.0000   0.0000   0.0000   0.0000   0.0000   0.0000   0.0000   0.0000   0.0000   0.0000 
  0.0000   0.0000   0.0000   0.0000   0.0000   0.0000   0.0000   0.0000   0.0000   0.0000 
  0.0000   0.0000   0.0000   0.0000   0.0000   0.0000   0.0000   0.0000   0.0000   0.0000 
  0.0000   0.0000   0.0000   0.0000   0.0000   0.0000   0.0000   0.0000   0.0000   0.0000 
  0.0000   0.0000   0.0000   0.0000   0.0000   0.0000   0.0000   0.0000   0.0000   0.0000 
  0.0000   0.0000   0.0000   0.0000   0.0000   0.0000   0.0000   0.0000   0.0000   0.0000 
  0.0000   0.0000   0.0000   0.0000   0.0000   0.0000   0.0000   0.0000   0.0000   0.0000 
  0.0000   0.0000   0.0000   0.0000   0.0000   0.0000   0.0000   0.0000   0.0000   0.0000 
  0.0000   0.0000   0.0000   0.0000   0.0000   0.0000   0.0000   0.0000   0.0000   0.0000 
  0.0000   0.0000   0.0000   0.0000   0.0000   0.0000   0.0000   0.0000   0.0000   0.0000 
  0.0000   0.0000   0.0000   0.0000   0.0000   0.0000   0.0000   0.0000   0.0000   0.0000 
  0.0000   0.0000   0.0000   0.0000   0.0000   0.0000   0.0000   0.0000   0.0000   0.0000 
  0.0000   0.0000   0.0000   0.0000   0.0000   0.0000   0.0000   0.0000   0.0000   0.0000 
  0.0000   0.0000   0.0000   0.0000   0.0000   0.0000   0.0000   0.0000   0.0000   0.0000 
  0.0000   0.0000   0.0000   0.0000   0.0000   0.0000   0.0000   0.0000   0.0000   0.0000 
  0.0000   0.0000   0.0000   0.0000   0.0000   0.0000   0.0000   0.0000   0.0000   0.0000 
  0.0000   0.0000   0.0000   0.0000   0.0000   0.0000   0.0000   0.0000   0.0000   0.0000 
  0.0000   0.0000   0.0000   0.0000   0.0000   0.0000   0.0000   0.0000   0.0000   0.0000 
  0.0000   0.0000   0.0000   0.0000   0.0000   0.0000   0.0000   0.0000   0.0000   0.0000 
  0.0000   0.0000   0.0000   0.0000   0.0000   0.0000   0.0000   0.0000   0.0000   0.0000 
  0.0000   0.0000   0.0000   0.0000   0.0000   0.0000   0.0000   0.0000   0.0000   0.0000 
  0.0000   0.0000   0.0000   0.0000   0.0000   0.0000   0.0000   0.0000   0.0000   0.0000 
  0.0000   0.0000   0.0000   0.0000   0.0000   0.0000   0.0000   0.0000   0.0000   0.0000 
  0.0000   0.0000   0.0000   0.0000   0.0000   0.0000   0.0000   0.0000   0.0000   0.0000 
  0.0000   0.0000   0.0000   0.0000   0.0000   0.0000   0.0000   0.0000   0.0000   0.0000 
  0.0000   0.0000   0.0000   0.0000   0.0000   0.0000   0.0000   0.0000   0.0000   0.0000 
  0.0000   0.0000   0.0000   0.0000   0.0000   0.0000   0.0000   0.0000   0.0000   0.0000 
  0.0000   0.0000   0.0000   0.0000   0.0000   0.0000   0.0000   0.0000   0.0000   0.0000 
  0.0000   0.0000   0.0000   0.0000   0.0000   0.0000   0.0000   0.0000   0.0000   0.0000 
  0.0000   0.0000   0.0000   0.0000   0.0000   0.0000   0.0000   0.0000   0.0000   0.0000 
  0.0000   0.0000   0.0000   0.0000   0.0000   0.0000   0.0000   0.0000   0.0000   0.0000 
  0.0000   0.0000   0.0000   0.0000   0.0000   0.0000   0.0000   0.0000   0.0000   0.0000 
  0.0000   0.0000   0.0000   0.0000   0.0000   0.0000   0.0000   0.0000   0.0000   0.0000 
  0.0000   0.0000   0.0000   0.0000   0.0000   0.0000   0.0000   0.0000   0.0000   0.0000 
  0.0000   0.0000   0.0000   0.0000   0.0000   0.0000   0.0000   0.0000   0.0000   0.0000 
  0.0000   0.0000   0.0000   0.0000   0.0000   0.0000   0.0000   0.0000   0.0000   0.0000 
  0.0000   0.0000   0.0000   0.0000   0.0000   0.0000   0.0000   0.0000   0.0000   0.0000 
  0.0000   0.0000   0.0000   0.0000   0.0000   0.0000   0.0000   0.0000   0.0000   0.0000 
  0.0000   0.0000   0.0000   0.0000   0.0000   0.0000   0.0000   0.0000   0.0000   0.0000 
  0.0000   0.0000   0.0000   0.0000   0.0000   0.0000   0.0000   0.0000   0.0000   0.0000 
  0.0000   0.0000   0.0000   0.0000   0.0000   0.0000   0.0000   0.0000   0.0000   0.0000 
  0.0000   0.0000   0.0000   0.0000   0.0000   0.0000   0.0000   0.0000   0.0000   0.0000 
  0.0000   0.0000   0.0000   0.0000   0.0000   0.0000   0.0000   0.0000   0.0000   0.0000 
  0.0000   0.0000   0.0000   0.0000   0.0000   0.0000   0.0000   0.0000   0.0000   0.0000 
  0.0000   0.0000   0.0000   0.0000   0.0000   0.0000   0.0000   0.0000   0.0000   0.0000 
  0.0000   0.0000   0.0000   0.0000   0.0000   0.0000   0.0000   0.0000   0.0000   0.0000 
  0.0000   0.0000   0.0000   0.0000   0.0000   0.0000   0.0000   0.0000   0.0000   0.0000 
  0.0000   0.0000   0.0000   0.0000   0.0000   0.0000   0.0000   0.0000   0.0000   0.0000 
  0.0000   0.0000   0.0000   0.0000   0.0000   0.0000   0.0000   0.0000   0.0000   0.0000 
  0.0000   0.0000   0.0000   0.0000   0.0000   0.0000   0.0000   0.0000   0.0000   0.0000 
  0.0000   0.0000   0.0000   0.0000   0.0000   0.0000   0.0000   0.0000   0.0000   0.0000 
  0.0000   0.0000   0.0000   0.0000   0.0000   0.0000   0.0000   0.0000   0.0000   0.0000 
  0.0000   0.0000   0.0000   0.0000   0.0000   0.0000   0.0000   0.0000   0.0000   0.0000 
  0.0000   0.0000   0.0000   0.0000   0.0000   0.0000   0.0000   0.0000   0.0000   0.0000 
  0.0000   0.0000   0.0000   0.0000   0.0000   0.0000   0.0000   0.0000   0.0000   0.0000 
  0.0000   0.0000   0.0000   0.0000   0.0000   0.0000   0.0000   0.0000   0.0000   0.0000 
  0.0000   0.0000   0.0000   0.0000   0.0000   0.0000   0.0000   0.0000   0.0000   0.0000 
  0.0000   0.0000   0.0000   0.0000   0.0000   0.0000   0.0000   0.0000   0.0000   0.0000 
  0.0000   0.0000   0.0000   0.0000   0.0000   0.0000   0.0000   0.0000   0.0000   0.0000 
  0.0000   0.0000   0.0000   0.0000   0.0000   0.0000   0.0000   0.0000   0.0000   0.0000 
  0.0000   0.0000   0.0000   0.0000   0.0000   0.0000   0.0000   0.0000   0.0000   0.0000 
  0.0000   0.0000   0.0000   0.0000   0.0000   0.0000   0.0000   0.0000   0.0000   0.0000 
  0.0000   0.0000   0.0000   0.0000   0.0000   0.0000   0.0000   0.0000   0.0000   0.0000 
  0.0000   0.0000   0.0000   0.0000   0.0000   0.0000   0.0000   0.0000   0.0000   0.0000 
  0.0000   0.0000   0.0000   0.0000   0.0000   0.0000   0.0000   0.0000   0.0000   0.0000 
  0.0000   0.0000   0.0000   0.0000   0.0000   0.0000   0.0000   0.0000   0.0000   0.0000 
  0.0000   0.0000   0.0000   0.0000   0.0000   0.0000   0.0000   0.0000   0.0000   0.0000 
  0.0000   0.0000   0.0000   0.0000   0.0000   0.0000   0.0000   0.0000   0.0000   0.0000 
  0.0000   0.0000   0.0000   0.0000   0.0000   0.0000   0.0000   0.0000   0.0000   0.0000 
  0.0000   0.0000   0.0000   0.0000   0.0000   0.0000   0.0000   0.0000   0.0000   0.0000 
  0.0000   0.0000   0.0000   0.0000   0.0000   0.0000   0.0000   0.0000   0.0000   0.0000 
  0.0000   0.0000   0.0000   0.0000   0.0000   0.0000   0.0000   0.0000   0.0000   0.0000 
  0.0000   0.0000   0.0000   0.0000   0.0000   0.0000   0.0000   0.0000   0.0000   0.0000 
  0.0000   0.0000   0.0000   0.0000   0.0000   0.0000   0.0000   0.0000   0.0000   0.0000 
  0.0000   0.0000   0.0000   0.0000   0.0000   0.0000   0.0000   0.0000   0.0000   0.0000 
  0.0000   0.0000   0.0000   0.0000   0.0000   0.0000   0.0000   0.0000   0.0000   0.0000 
  0.0000   0.0000   0.0000   0.0000   0.0000   0.0000   0.0000   0.0000   0.0000   0.0000 
  0.0000   0.0000   0.0000   0.0000   0.0000   0.0000   0.0000   0.0000   0.0000   0.0000 
  0.0000   0.0000   0.0000   0.0000   0.0000   0.0000   0.0000   0.0000   0.0000   0.0000 
  0.0000   0.0000   0.0000   0.0000   0.0000   0.0000   0.0000   0.0000   0.0000   0.0000 
  0.0000   0.0000   0.0000   0.0000   0.0000   0.0000   0.0000   0.0000   0.0000   0.0000 
  0.0000   0.0000   0.0000   0.0000   0.0000   0.0000   0.0000   0.0000   0.0000   0.0000 
  0.0000   0.0000   0.0000   0.0000   0.0000   0.0000   0.0000   0.0000   0.0000   0.0000 
  0.0000   0.0000   0.0000   0.0000   0.0000   0.0000   0.0000   0.0000   0.0000   0.0000 
  0.0000   0.0000   0.0000   0.0000   0.0000   0.0000   0.0000   0.0000   0.0000   0.0000 
  0.0000   0.0000   0.0000   0.0000   0.0000   0.0000   0.0000   0.0000   0.0000   0.0000 
  0.0000   0.0000   0.0000   0.0000   0.0000   0.0000   0.0000   0.0000   0.0000   0.0000 
  0.0000   0.0000   0.0000   0.0000   0.0000   0.0000   0.0000   0.0000   0.0000   0.0000 
  0.0000   0.0000   0.0000   0.0000   0.0000   0.0000   0.0000   0.0000   0.0000   0.0000 
  0.0000   0.0000   0.0000   0.0000   0.0000   0.0000   0.0000   0.0000   0.0000   0.0000 
  0.0000   0.0000   0.0000   0.0000   0.0000   0.0000   0.0000   0.0000   0.0000   0.0000 
  0.0000   0.0000   0.0000   0.0000   0.0000   0.0000   0.0000   0.0000   0.0000   0.0000 
  0.0000   0.0000   0.0000   0.0000   0.0000   0.0000   0.0000   0.0000   0.0000   0.0000 
  0.0000   0.0000   0.0000   0.0000   0.0000   0.0000   0.0000   0.0000   0.0000   0.0000 
  0.0000   0.0000   0.0000   0.0000   0.0000   0.0000   0.0000   0.0000   0.0000   0.0000 
  0.0000   0.0000   0.0000   0.0000   0.0000   0.0000   0.0000   0.0000   0.0000   0.0000 
  0.0000   0.0000   0.0000   0.0000   0.0000   0.0000   0.0000   0.0000   0.0000   0.0000 
  0.0000   0.0000   0.0000   0.0000   0.0000   0.0000   0.0000   0.0000   0.0000   0.0000 
  0.0000   0.0000   0.0000   0.0000   0.0000   0.0000   0.0000   0.0000   0.0000   0.0000 
  0.0000   0.0000   0.0000   0.0000   0.0000   0.0000   0.0000   0.0000   0.0000   0.0000 
  0.0000   0.0000   0.0000   0.0000   0.0000   0.0000   0.0000   0.0000   0.0000   0.0000 
  0.0000   0.0000   0.0000   0.0000   0.0000   0.0000   0.0000   0.0000   0.0000   0.0000 
  0.0000   0.0000   0.0000   0.0000   0.0000   0.0000   0.0000   0.0000   0.0000   0.0000 
  0.0000   0.0000   0.0000   0.0000   0.0000   0.0000   0.0000   0.0000   0.0000   0.0000 
  0.0000   0.0000   0.0000   0.0000   0.0000   0.0000   0.0000   0.0000   0.0000   0.0000 
  0.0000   0.0000   0.0000   0.0000   0.0000   0.0000   0.0000   0.0000   0.0000   0.0000 
  0.0000   0.0000   0.0000   0.0000   0.0000   0.0000   0.0000   0.0000   0.0000   0.0000 
  0.0000   0.0000   0.0000   0.0000   0.0000   0.0000   0.0000   0.0000   0.0000   0.0000 
  0.0000   0.0000   0.0000   0.0000   0.0000   0.0000   0.0000   0.0000   0.0000   0.0000 
  0.0000   0.0000   0.0000   0.0000   0.0000   0.0000   0.0000   0.0000   0.0000   0.0000 
  0.0000   0.0000   0.0000   0.0000   0.0000   0.0000   0.0000   0.0000   0.0000   0.0000 
  0.0000   0.0000   0.0000   0.0000   0.0000   0.0000   0.0000   0.0000   0.0000   0.0000 
  0.0000   0.0000   0.0000   0.0000   0.0000   0.0000   0.0000   0.0000   0.0000   0.0000 
  0.0000   0.0000   0.0000   0.0000   0.0000   0.0000   0.0000   0.0000   0.0000   0.0000 
  0.0000   0.0000   0.0000   0.0000   0.0000   0.0000   0.0000   0.0000   0.0000   0.0000 
  0.0000   0.0000   0.0000   0.0000   0.0000   0.0000   0.0000   0.0000   0.0000   0.0000 
  0.0000   0.0000   0.0000   0.0000   0.0000   0.0000   0.0000   0.0000   0.0000   0.0000 
  0.0000   0.0000   0.0000   0.0000   0.0000   0.0000   0.0000   0.0000   0.0000   0.0000 
  0.0000   0.0000   0.0000   0.0000   0.0000   0.0000   0.0000   0.0000   0.0000   0.0000 
  0.0000   0.0000   0.0000   0.0000   0.0000   0.0000   0.0000   0.0000   0.0000   0.0000 
  0.0000   0.0000   0.0000   0.0000   0.0000   0.0000   0.0000   0.0000   0.0000   0.0000 
  0.0000   0.0000   0.0000   0.0000   0.0000   0.0000   0.0000   0.0000   0.0000   0.0000 
  0.0000   0.0000   0.0000   0.0000   0.0000   0.0000   0.0000   0.0000   0.0000   0.0000 
  0.0000   0.0000   0.0000   0.0000   0.0000   0.0000   0.0000   0.0000   0.0000   0.0000 
  0.0000   0.0000   0.0000   0.0000   0.0000   0.0000   0.0000   0.0000   0.0000   0.0000 
  0.0000   0.0000   0.0000   0.0000   0.0000   0.0000   0.0000   0.0000   0.0000   0.0000 
  0.0000   0.0000   0.0000   0.0000   0.0000   0.0000   0.0000   0.0000   0.0000   0.0000 
  0.0000   0.0000   0.0000   0.0000   0.0000   0.0000   0.0000   0.0000   0.0000   0.0000 
  0.0000   0.0000   0.0000   0.0000   0.0000   0.0000   0.0000   0.0000   0.0000   0.0000 
  0.0000   0.0000   0.0000   0.0000   0.0000   0.0000   0.0000   0.0000   0.0000   0.0000 
  0.0000   0.0000   0.0000   0.0000   0.0000   0.0000   0.0000   0.0000   0.0000   0.0000 
  0.0000   0.0000   0.0000   0.0000   0.0000   0.0000   0.0000   0.0000   0.0000   0.0000 
  0.0000   0.0000   0.0000   0.0000   0.0000   0.0000   0.0000   0.0000   0.0000   0.0000 
  0.0000   0.0000   0.0000   0.0000   0.0000   0.0000   0.0000   0.0000   0.0000   0.0000 
  0.0000   0.0000   0.0000   0.0000   0.0000   0.0000   0.0000   0.0000   0.0000   0.0000 
  0.0000   0.0000   0.0000   0.0000   0.0000   0.0000   0.0000   0.0000   0.0000   0.0000 
  0.0000   0.0000   0.0000   0.0000   0.0000   0.0000   0.0000   0.0000   0.0000   0.0000 
  0.0000   0.0000   0.0000   0.0000   0.0000   0.0000   0.0000   0.0000   0.0000   0.0000 
  0.0000   0.0000   0.0000   0.0000   0.0000   0.0000   0.0000   0.0000   0.0000   0.0000 
  0.0000   0.0000   0.0000   0.0000   0.0000   0.0000   0.0000   0.0000   0.0000   0.0000 
  0.0000   0.0000   0.0000   0.0000   0.0000   0.0000   0.0000   0.0000   0.0000   0.0000 
  0.0000   0.0000   0.0000   0.0000   0.0000   0.0000   0.0000   0.0000   0.0000   0.0000 
  0.0000   0.0000   0.0000   0.0000   0.0000   0.0000   0.0000   0.0000   0.0000   0.0000 
  0.0000   0.0000   0.0000   0.0000   0.0000   0.0000   0.0000   0.0000   0.0000   0.0000 
  0.0000   0.0000   0.0000   0.0000   0.0000   0.0000   0.0000   0.0000   0.0000   0.0000 
  0.0000   0.0000   0.0000   0.0000   0.0000   0.0000   0.0000   0.0000   0.0000   0.0000 
  0.0000   0.0000   0.0000   0.0000   0.0000   0.0000   0.0000   0.0000   0.0000   0.0000 
  0.0000   0.0000   0.0000   0.0000   0.0000   0.0000   0.0000   0.0000   0.0000   0.0000 
  0.0000   0.0000   0.0000   0.0000   0.0000   0.0000   0.0000   0.0000   0.0000   0.0000 
  0.0000   0.0000   0.0000   0.0000   0.0000   0.0000   0.0000   0.0000   0.0000   0.0000 
  0.0000   0.0000   0.0000   0.0000   0.0000   0.0000   0.0000   0.0000   0.0000   0.0000 
  0.0000   0.0000   0.0000   0.0000   0.0000   0.0000   0.0000   0.0000   0.0000   0.0000 
  0.0000   0.0000   0.0000   0.0000   0.0000   0.0000   0.0000   0.0000   0.0000   0.0000 
  0.0000   0.0000   0.0000   0.0000   0.0000   0.0000   0.0000   0.0000   0.0000   0.0000 
  0.0000   0.0000   0.0000   0.0000   0.0000   0.0000   0.0000   0.0000   0.0000   0.0000 
  0.0000   0.0000   0.0000   0.0000   0.0000   0.0000   0.0000   0.0000   0.0000   0.0000 
  0.0000   0.0000   0.0000   0.0000   0.0000   0.0000   0.0000   0.0000   0.0000   0.0000 
  0.0000   0.0000   0.0000   0.0000   0.0000   0.0000   0.0000   0.0000   0.0000   0.0000 
  0.0000   0.0000   0.0000   0.0000   0.0000   0.0000   0.0000   0.0000   0.0000   0.0000 
  0.0000   0.0000   0.0000   0.0000   0.0000   0.0000   0.0000   0.0000   0.0000   0.0000 
  0.0000   0.0000   0.0000   0.0000   0.0000   0.0000   0.0000   0.0000   0.0000   0.0000 
  0.0000   0.0000   0.0000   0.0000   0.0000   0.0000   0.0000   0.0000   0.0000   0.0000 
  0.0000   0.0000   0.0000   0.0000   0.0000   0.0000   0.0000   0.0000   0.0000   0.0000 
  0.0000   0.0000   0.0000   0.0000   0.0000   0.0000   0.0000   0.0000   0.0000   0.0000 
  0.0000   0.0000   0.0000   0.0000   0.0000   0.0000   0.0000   0.0000   0.0000   0.0000 
  0.0000   0.0000   0.0000   0.0000   0.0000   0.0000   0.0000   0.0000   0.0000   0.0000 
  0.0000   0.0000   0.0000   0.0000   0.0000   0.0000   0.0000   0.0000   0.0000   0.0000 
  0.0000   0.0000   0.0000   0.0000   0.0000   0.0000   0.0000   0.0000   0.0000   0.0000 
  0.0000   0.0000   0.0000   0.0000   0.0000   0.0000   0.0000   0.0000   0.0000   0.0000 
  0.0000   0.0000   0.0000   0.0000   0.0000   0.0000   0.0000   0.0000   0.0000   0.0000 
  0.0000   0.0000   0.0000   0.0000   0.0000   0.0000   0.0000   0.0000   0.0000   0.0000 
  0.0000   0.0000   0.0000   0.0000   0.0000   0.0000   0.0000   0.0000   0.0000   0.0000 
  0.0000   0.0000   0.0000   0.0000   0.0000   0.0000   0.0000   0.0000   0.0000   0.0000 
  0.0000   0.0000   0.0000   0.0000   0.0000   0.0000   0.0000   0.0000   0.0000   0.0000 
  0.0000   0.0000   0.0000   0.0000   0.0000   0.0000   0.0000   0.0000   0.0000   0.0000 
  0.0000   0.0000   0.0000   0.0000   0.0000   0.0000   0.0000   0.0000   0.0000   0.0000 
  0.0000   0.0000   0.0000   0.0000   0.0000   0.0000   0.0000   0.0000   0.0000   0.0000 
  0.0000   0.0000   0.0000   0.0000   0.0000   0.0000   0.0000   0.0000   0.0000   0.0000 
  0.0000   0.0000   0.0000   0.0000   0.0000   0.0000   0.0000   0.0000   0.0000   0.0000 
  0.0000   0.0000   0.0000   0.0000   0.0000   0.0000   0.0000   0.0000   0.0000   0.0000 
  0.0000   0.0000   0.0000   0.0000   0.0000   0.0000   0.0000   0.0000   0.0000   0.0000 
  0.0000   0.0000   0.0000   0.0000   0.0000   0.0000   0.0000   0.0000   0.0000   0.0000 
  0.0000   0.0000   0.0000   0.0000   0.0000   0.0000   0.0000   0.0000   0.0000   0.0000 
  0.0000   0.0000   0.0000   0.0000   0.0000   0.0000   0.0000   0.0000   0.0000   0.0000 
  0.0000   0.0000   0.0000   0.0000   0.0000   0.0000   0.0000   0.0000   0.0000   0.0000 
  0.0000   0.0000   0.0000   0.0000   0.0000   0.0000   0.0000   0.0000   0.0000   0.0000 
  0.0000   0.0000   0.0000   0.0000   0.0000   0.0000   0.0000   0.0000   0.0000   0.0000 
  0.0000   0.0000   0.0000   0.0000   0.0000   0.0000   0.0000   0.0000   0.0000   0.0000 
  0.0000   0.0000   0.0000   0.0000   0.0000   0.0000   0.0000   0.0000   0.0000   0.0000 
  0.0000   0.0000   0.0000   0.0000   0.0000   0.0000   0.0000   0.0000   0.0000   0.0000 
  0.0000   0.0000   0.0000   0.0000   0.0000   0.0000   0.0000   0.0000   0.0000   0.0000 
  0.0000   0.0000   0.0000   0.0000   0.0000   0.0000   0.0000   0.0000   0.0000   0.0000 
  0.0000   0.0000   0.0000   0.0000   0.0000   0.0000   0.0000   0.0000   0.0000   0.0000 
  0.0000   0.0000   0.0000   0.0000   0.0000   0.0000   0.0000   0.0000   0.0000   0.0000 
  0.0000   0.0000   0.0000   0.0000   0.0000   0.0000   0.0000   0.0000   0.0000   0.0000 
  0.0000   0.0000   0.0000   0.0000   0.0000   0.0000   0.0000   0.0000   0.0000   0.0000 
  0.0000   0.0000   0.0000   0.0000   0.0000   0.0000   0.0000   0.0000   0.0000   0.0000 
  0.0000   0.0000   0.0000   0.0000   0.0000   0.0000   0.0000   0.0000   0.0000   0.0000 
  0.0000   0.0000   0.0000   0.0000   0.0000   0.0000   0.0000   0.0000   0.0000   0.0000 
  0.0000   0.0000   0.0000   0.0000   0.0000   0.0000   0.0000   0.0000   0.0000   0.0000 
  0.0000   0.0000   0.0000   0.0000   0.0000   0.0000   0.0000   0.0000   0.0000   0.0000 
  0.0000   0.0000   0.0000   0.0000   0.0000   0.0000   0.0000   0.0000   0.0000   0.0000 
  0.0000   0.0000   0.0000   0.0000   0.0000   0.0000   0.0000   0.0000   0.0000   0.0000 
  0.0000   0.0000   0.0000   0.0000   0.0000   0.0000   0.0000   0.0000   0.0000   0.0000 
  0.0000   0.0000   0.0000   0.0000   0.0000   0.0000   0.0000   0.0000   0.0000   0.0000 
  0.0000   0.0000   0.0000   0.0000   0.0000   0.0000   0.0000   0.0000   0.0000   0.0000 
  0.0000   0.0000   0.0000   0.0000   0.0000   0.0000   0.0000   0.0000   0.0000   0.0000 
  0.0000   0.0000   0.0000   0.0000   0.0000   0.0000   0.0000   0.0000   0.0000   0.0000 
  0.0000   0.0000   0.0000   0.0000   0.0000   0.0000   0.0000   0.0000   0.0000   0.0000 
  0.0000   0.0000   0.0000   0.0000   0.0000   0.0000   0.0000   0.0000   0.0000   0.0000 
  0.0000   0.0000   0.0000   0.0000   0.0000   0.0000   0.0000   0.0000   0.0000   0.0000 
  0.0000   0.0000   0.0000   0.0000   0.0000   0.0000   0.0000   0.0000   0.0000   0.0000 
  0.0000   0.0000   0.0000   0.0000   0.0000   0.0000   0.0000   0.0000   0.0000   0.0000 
  0.0000   0.0000   0.0000   0.0000   0.0000   0.0000   0.0000   0.0000   0.0000   0.0000 
  0.0000   0.0000   0.0000   0.0000   0.0000   0.0000   0.0000   0.0000   0.0000   0.0000 
  0.0000   0.0000   0.0000   0.0000   0.0000   0.0000   0.0000   0.0000   0.0000   0.0000 
  0.0000   0.0000   0.0000   0.0000   0.0000   0.0000   0.0000   0.0000   0.0000   0.0000 
  0.0000   0.0000   0.0000   0.0000   0.0000   0.0000   0.0000   0.0000   0.0000   0.0000 
  0.0000   0.0000   0.0000   0.0000   0.0000   0.0000   0.0000   0.0000   0.0000   0.0000 
  0.0000   0.0000   0.0000   0.0000   0.0000   0.0000   0.0000   0.0000   0.0000   0.0000 
  0.0000   0.0000   0.0000   0.0000   0.0000   0.0000   0.0000   0.0000   0.0000   0.0000 
  0.0000   0.0000   0.0000   0.0000   0.0000   0.0000   0.0000   0.0000   0.0000   0.0000 
  0.0000   0.0000   0.0000   0.0000   0.0000   0.0000   0.0000   0.0000   0.0000   0.0000 
  0.0000   0.0000   0.0000   0.0000   0.0000   0.0000   0.0000   0.0000   0.0000   0.0000 
  0.0000   0.0000   0.0000   0.0000   0.0000   0.0000   0.0000   0.0000   0.0000   0.0000 
  0.0000   0.0000   0.0000   0.0000   0.0000   0.0000   0.0000   0.0000   0.0000   0.0000 
  0.0000   0.0000   0.0000   0.0000   0.0000   0.0000   0.0000   0.0000   0.0000   0.0000 
  0.0000   0.0000   0.0000   0.0000   0.0000   0.0000   0.0000   0.0000   0.0000   0.0000 
  0.0000   0.0000   0.0000   0.0000   0.0000   0.0000   0.0000   0.0000   0.0000   0.0000 
  0.0000   0.0000   0.0000   0.0000   0.0000   0.0000   0.0000   0.0000   0.0000   0.0000 
  0.0000   0.0000   0.0000   0.0000   0.0000   0.0000   0.0000   0.0000   0.0000   0.0000 
  0.0000   0.0000   0.0000   0.0000   0.0000   0.0000   0.0000   0.0000   0.0000   0.0000 
  0.0000   0.0000   0.0000   0.0000   0.0000   0.0000   0.0000   0.0000   0.0000   0.0000 
  0.0000   0.0000   0.0000   0.0000   0.0000   0.0000   0.0000   0.0000   0.0000   0.0000 
  0.0000   0.0000   0.0000   0.0000   0.0000   0.0000   0.0000   0.0000   0.0000   0.0000 
  0.0000   0.0000   0.0000   0.0000   0.0000   0.0000   0.0000   0.0000   0.0000   0.0000 
  0.0000   0.0000   0.0000   0.0000   0.0000   0.0000   0.0000   0.0000   0.0000   0.0000 
  0.0000   0.0000   0.0000   0.0000   0.0000   0.0000   0.0000   0.0000   0.0000   0.0000 
  0.0000   0.0000   0.0000   0.0000   0.0000   0.0000   0.0000   0.0000   0.0000   0.0000 
  0.0000   0.0000   0.0000   0.0000   0.0000   0.0000   0.0000   0.0000   0.0000   0.0000 
  0.0000   0.0000   0.0000   0.0000   0.0000   0.0000   0.0000   0.0000   0.0000   0.0000 
  0.0000   0.0000   0.0000   0.0000   0.0000   0.0000   0.0000   0.0000   0.0000   0.0000 
  0.0000   0.0000   0.0000   0.0000   0.0000   0.0000   0.0000   0.0000   0.0000   0.0000 
  0.0000   0.0000   0.0000   0.0000   0.0000   0.0000   0.0000   0.0000   0.0000   0.0000 
  0.0000   0.0000   0.0000   0.0000   0.0000   0.0000   0.0000   0.0000   0.0000   0.0000 
  0.0000   0.0000   0.0000   0.0000   0.0000   0.0000   0.0000   0.0000   0.0000   0.0000 
  0.0000   0.0000   0.0000   0.0000   0.0000   0.0000   0.0000   0.0000   0.0000   0.0000 
  0.0000   0.0000   0.0000   0.0000   0.0000   0.0000   0.0000   0.0000   0.0000   0.0000 
  0.0000   0.0000   0.0000   0.0000   0.0000   0.0000   0.0000   0.0000   0.0000   0.0000 
  0.0000   0.0000   0.0000   0.0000   0.0000   0.0000   0.0000   0.0000   0.0000   0.0000 
  0.0000   0.0000   0.0000   0.0000   0.0000   0.0000   0.0000   0.0000   0.0000   0.0000 
  0.0000   0.0000   0.0000   0.0000   0.0000   0.0000   0.0000   0.0000   0.0000   0.0000 
  0.0000   0.0000   0.0000   0.0000   0.0000   0.0000   0.0000   0.0000   0.0000   0.0000 
  0.0000   0.0000   0.0000   0.0000   0.0000   0.0000   0.0000   0.0000   0.0000   0.0000 
  0.0000   0.0000   0.0000   0.0000   0.0000   0.0000   0.0000   0.0000   0.0000   0.0000 
  0.0000   0.0000   0.0000   0.0000   0.0000   0.0000   0.0000   0.0000   0.0000   0.0000 
  0.0000   0.0000   0.0000   0.0000   0.0000   0.0000   0.0000   0.0000   0.0000   0.0000 
  0.0000   0.0000   0.0000   0.0000   0.0000   0.0000   0.0000   0.0000   0.0000   0.0000 
  0.0000   0.0000   0.0000   0.0000   0.0000   0.0000   0.0000   0.0000   0.0000   0.0000 
  0.0000   0.0000   0.0000   0.0000   0.0000   0.0000   0.0000   0.0000   0.0000   0.0000 
  0.0000   0.0000   0.0000   0.0000   0.0000   0.0000   0.0000   0.0000   0.0000   0.0000 
  0.0000   0.0000   0.0000   0.0000   0.0000   0.0000   0.0000   0.0000   0.0000   0.0000 
  0.0000   0.0000   0.0000   0.0000   0.0000   0.0000   0.0000   0.0000   0.0000   0.0000 
  0.0000   0.0000   0.0000   0.0000   0.0000   0.0000   0.0000   0.0000   0.0000   0.0000 
  0.0000   0.0000   0.0000   0.0000   0.0000   0.0000   0.0000   0.0000   0.0000   0.0000 
  0.0000   0.0000   0.0000   0.0000   0.0000   0.0000   0.0000   0.0000   0.0000   0.0000 
  0.0000   0.0000   0.0000   0.0000   0.0000   0.0000   0.0000   0.0000   0.0000   0.0000 
  0.0000   0.0000   0.0000   0.0000   0.0000   0.0000   0.0000   0.0000   0.0000   0.0000 
  0.0000   0.0000   0.0000   0.0000   0.0000   0.0000   0.0000   0.0000   0.0000   0.0000 
  0.0000   0.0000   0.0000   0.0000   0.0000   0.0000   0.0000   0.0000   0.0000   0.0000 
  0.0000   0.0000   0.0000   0.0000   0.0000   0.0000   0.0000   0.0000   0.0000   0.0000 
  0.0000   0.0000   0.0000   0.0000   0.0000   0.0000   0.0000   0.0000   0.0000   0.0000 
  0.0000   0.0000   0.0000   0.0000   0.0000   0.0000   0.0000   0.0000   0.0000   0.0000 
  0.0000   0.0000   0.0000   0.0000   0.0000   0.0000   0.0000   0.0000   0.0000   0.0000 
  0.0000   0.0000   0.0000   0.0000   0.0000   0.0000   0.0000   0.0000   0.0000   0.0000 
  0.0000   0.0000   0.0000   0.0000   0.0000   0.0000   0.0000   0.0000   0.0000   0.0000 
  0.0000   0.0000   0.0000   0.0000   0.0000   0.0000   0.0000   0.0000   0.0000   0.0000 
  0.0000   0.0000   0.0000   0.0000   0.0000   0.0000   0.0000   0.0000   0.0000   0.0000 
  0.0000   0.0000   0.0000   0.0000   0.0000   0.0000   0.0000   0.0000   0.0000   0.0000 
  0.0000   0.0000   0.0000   0.0000   0.0000   0.0000   0.0000   0.0000   0.0000   0.0000 
  0.0000   0.0000   0.0000   0.0000   0.0000   0.0000   0.0000   0.0000   0.0000   0.0000 
  0.0000   0.0000   0.0000   0.0000   0.0000   0.0000   0.0000   0.0000   0.0000   0.0000 
  0.0000   0.0000   0.0000   0.0000   0.0000   0.0000   0.0000   0.0000   0.0000   0.0000 
  0.0000   0.0000   0.0000   0.0000   0.0000   0.0000   0.0000   0.0000   0.0000   0.0000 
  0.0000   0.0000   0.0000   0.0000   0.0000   0.0000   0.0000   0.0000   0.0000   0.0000 
  0.0000   0.0000   0.0000   0.0000   0.0000   0.0000   0.0000   0.0000   0.0000   0.0000 
  0.0000   0.0000   0.0000   0.0000   0.0000   0.0000   0.0000   0.0000   0.0000   0.0000 
  0.0000   0.0000   0.0000   0.0000   0.0000   0.0000   0.0000   0.0000   0.0000   0.0000 
  0.0000   0.0000   0.0000   0.0000   0.0000   0.0000   0.0000   0.0000   0.0000   0.0000 
  0.0000   0.0000   0.0000   0.0000   0.0000   0.0000   0.0000   0.0000   0.0000   0.0000 
  0.0000   0.0000   0.0000   0.0000   0.0000   0.0000   0.0000   0.0000   0.0000   0.0000 
  0.0000   0.0000   0.0000   0.0000   0.0000   0.0000   0.0000   0.0000   0.0000   0.0000 
  0.0000   0.0000   0.0000   0.0000   0.0000   0.0000   0.0000   0.0000   0.0000   0.0000 
  0.0000   0.0000   0.0000   0.0000   0.0000   0.0000   0.0000   0.0000   0.0000   0.0000 
  0.0000   0.0000   0.0000   0.0000   0.0000   0.0000   0.0000   0.0000   0.0000   0.0000 
  0.0000   0.0000   0.0000   0.0000   0.0000   0.0000   0.0000   0.0000   0.0000   0.0000 
  0.0000   0.0000   0.0000   0.0000   0.0000   0.0000   0.0000   0.0000   0.0000   0.0000 
  0.0000   0.0000   0.0000   0.0000   0.0000   0.0000   0.0000   0.0000   0.0000   0.0000 
  0.0000   0.0000   0.0000   0.0000   0.0000   0.0000   0.0000   0.0000   0.0000   0.0000 
