IMU Time data

 23.5850  32.1050  41.5050  48.5650  55.7250  60.6850  65.3050  70.0650  74.4250  81.7250 
 23.6050  32.1250  41.5250  48.5850  55.7450  60.7050  65.3250  70.0850  74.4450  81.7450 
 23.6250  32.1450  41.5450  48.6050  55.7650  60.7250  65.3450  70.1050  74.4650  81.7650 
 23.6450  32.1650  41.5650  48.6250  55.7850  60.7450  65.3650  70.1250  74.4850  81.7850 
 23.6650  32.1850  41.5850  48.6450  55.8050  60.7650  65.3850  70.1450  74.5050  81.8050 
 23.6850  32.2050  41.6050  48.6650  55.8250  60.7850  65.4050  70.1650  74.5250  81.8250 
 23.7050  32.2250  41.6250  48.6850  55.8450  60.8050  65.4250  70.1850  74.5450  81.8450 
 23.7250  32.2450  41.6450  48.7050  55.8650  60.8250  65.4450  70.2050  74.5650  81.8650 
 23.7450  32.2650  41.6650  48.7250  55.8850  60.8450  65.4650  70.2250  74.5850  81.8850 
 23.7650  32.2850  41.6850  48.7450  55.9050  60.8650  65.4850  70.2450  74.6050  81.9050 
 23.7850  32.3050  41.7050  48.7650  55.9250  60.8850  65.5050  70.2650  74.6250  81.9250 
 23.8050  32.3250  41.7250  48.7850  55.9450  60.9050  65.5250  70.2850  74.6450  81.9450 
 23.8250  32.3450  41.7450  48.8050  55.9650  60.9250  65.5450  70.3050  74.6650  81.9650 
 23.8450  32.3650  41.7650  48.8250  55.9850  60.9450  65.5650  70.3250  74.6850  81.9850 
 23.8650  32.3850  41.7850  48.8450  56.0050  60.9650  65.5850  70.3450  74.7050  82.0050 
 23.8850  32.4050  41.8050  48.8650  56.0250  60.9850  65.6050  70.3650  74.7250  82.0250 
 23.9050  32.4250  41.8250  48.8850  56.0450  61.0050  65.6250  70.3850  74.7450  82.0450 
 23.9250  32.4450  41.8450  48.9050  56.0650  61.0250  65.6450  70.4050  74.7650  82.0650 
 23.9450  32.4650  41.8650  48.9250  56.0850  61.0450  65.6650  70.4250  74.7850  82.0850 
 23.9650  32.4850  41.8850  48.9450  56.1050  61.0650  65.6850  70.4450  74.8050  82.1050 
 23.9850  32.5050  41.9050  48.9650  56.1250  61.0850  65.7050  70.4650  74.8250  82.1250 
 24.0050  32.5250  41.9250  48.9850  56.1450  61.1050  65.7250  70.4850  74.8450  82.1450 
 24.0250  32.5450  41.9450  49.0050  56.1650  61.1250  65.7450  70.5050  74.8650  82.1650 
 24.0450  32.5650  41.9650  49.0250  56.1850  61.1450  65.7650  70.5250  74.8850  82.1850 
 24.0650  32.5850  41.9850  49.0450  56.2050  61.1650  65.7850  70.5450  74.9050  82.2050 
 24.0850  32.6050  42.0050  49.0650  56.2250  61.1850  65.8050  70.5650  74.9250  82.2250 
 24.1050  32.6250  42.0250  49.0850  56.2450  61.2050  65.8250  70.5850  74.9450  82.2450 
 24.1250  32.6450  42.0450  49.1050  56.2650  61.2250  65.8450  70.6050  74.9650  82.2650 
 24.1450  32.6650  42.0650  49.1250  56.2850  61.2450  65.8650  70.6250  74.9850  82.2850 
 24.1650  32.6850  42.0850  49.1450  56.3050  61.2650  65.8850  70.6450  75.0050  82.3050 
 24.1850  32.7050  42.1050  49.1650  56.3250  61.2850  65.9050  70.6650  75.0250  82.3250 
 24.2050  32.7250  42.1250  49.1850  56.3450  61.3050  65.9250  70.6850  75.0450  82.3450 
 24.2250  32.7450  42.1450  49.2050  56.3650  61.3250  65.9450  70.7050  75.0650  82.3650 
 24.2450  32.7650  42.1650  49.2250  56.3850  61.3450  65.9650  70.7250  75.0850  82.3850 
 24.2650  32.7850  42.1850  49.2450  56.4050  61.3650  65.9850  70.7450  75.1050  82.4050 
 24.2850  32.8050  42.2050  49.2650  56.4250  61.3850  66.0050  70.7650  75.1250  82.4250 
 24.3050  32.8250  42.2250  49.2850  56.4450  61.4050  66.0250  70.7850  75.1450  82.4450 
 24.3250  32.8450  42.2450  49.3050  56.4650  61.4250  66.0450  70.8050  75.1650  82.4650 
 24.3450  32.8650  42.2650  49.3250  56.4850  61.4450  66.0650  70.8250  75.1850  82.4850 
 24.3650  32.8850  42.2850  49.3450  56.5050  61.4650  66.0850  70.8450  75.2050  82.5050 
 24.3850  32.9050  42.3050  49.3650  56.5250  61.4850  66.1050  70.8650  75.2250  82.5250 
 24.4050  32.9250  42.3250  49.3850  56.5450  61.5050  66.1250  70.8850  75.2450  82.5450 
 24.4250  32.9450  42.3450  49.4050  56.5650  61.5250  66.1450  70.9050  75.2650  82.5650 
 24.4450  32.9650  42.3650  49.4250  56.5850  61.5450  66.1650  70.9250  75.2850  82.5850 
 24.4650  32.9850  42.3850  49.4450  56.6050  61.5650  66.1850  70.9450  75.3050  82.6050 
 24.4850  33.0050  42.4050  49.4650  56.6250  61.5850  66.2050  70.9650  75.3250  82.6250 
 24.5050  33.0250  42.4250  49.4850  56.6450  61.6050  66.2250  70.9850  75.3450  82.6450 
 24.5250  33.0450  42.4450  49.5050  56.6650  61.6250  66.2450  71.0050  75.3650  82.6650 
 24.5450  33.0650  42.4650  49.5250  56.6850  61.6450  66.2650  71.0250  75.3850  82.6850 
 24.5650  33.0850  42.4850  49.5450  56.7050  61.6650  66.2850  71.0450  75.4050  82.7050 
 24.5850  33.1050  42.5050  49.5650  56.7250  61.6850  66.3050  71.0650  75.4250  82.7250 
 24.6050  33.1250  42.5250  49.5850  56.7450  61.7050  66.3250  71.0850  75.4450  82.7450 
 24.6250  33.1450  42.5450  49.6050  56.7650  61.7250  66.3450  71.1050  75.4650  82.7650 
 24.6450  33.1650  42.5650  49.6250  56.7850  61.7450  66.3650  71.1250  75.4850  82.7850 
 24.6650  33.1850  42.5850  49.6450  56.8050  61.7650  66.3850  71.1450  75.5050  82.8050 
 24.6850  33.2050  42.6050  49.6650  56.8250  61.7850  66.4050  71.1650  75.5250  82.8250 
 24.7050  33.2250  42.6250  49.6850  56.8450  61.8050  66.4250  71.1850  75.5450  82.8450 
 24.7250  33.2450  42.6450  49.7050  56.8650  61.8250  66.4450  71.2050  75.5650  82.8650 
 24.7450  33.2650  42.6650  49.7250  56.8850  61.8450  66.4650  71.2250  75.5850  82.8850 
 24.7650  33.2850  42.6850  49.7450  56.9050  61.8650  66.4850  71.2450  75.6050  82.9050 
 24.7850  33.3050  42.7050  49.7650  56.9250  61.8850  66.5050  71.2650  75.6250  82.9250 
 24.8050  33.3250  42.7250  49.7850  56.9450  61.9050  66.5250  71.2850  75.6450  82.9450 
 24.8250  33.3450  42.7450  49.8050  56.9650  61.9250  66.5450  71.3050  75.6650  82.9650 
 24.8450  33.3650  42.7650  49.8250  56.9850  61.9450  66.5650  71.3250  75.6850  82.9850 
 24.8650  33.3850  42.7850  49.8450  57.0050  61.9650  66.5850  71.3450  75.7050  83.0050 
 24.8850  33.4050  42.8050  49.8650  57.0250  61.9850  66.6050  71.3650  75.7250  83.0250 
 24.9050  33.4250  42.8250  49.8850  57.0450  62.0050  66.6250  71.3850  75.7450  83.0450 
 24.9250  33.4450  42.8450  49.9050  57.0650  62.0250  66.6450  71.4050  75.7650  83.0650 
 24.9450  33.4650  42.8650  49.9250  57.0850  62.0450  66.6650  71.4250  75.7850  83.0850 
 24.9650  33.4850  42.8850  49.9450  57.1050  62.0650  66.6850  71.4450  75.8050  83.1050 
 24.9850  33.5050  42.9050  49.9650  57.1250  62.0850  66.7050  71.4650  75.8250  83.1250 
 25.0050  33.5250  42.9250  49.9850  57.1450  62.1050  66.7250  71.4850  75.8450  83.1450 
 25.0250  33.5450  42.9450  50.0050  57.1650  62.1250  66.7450  71.5050  75.8650  83.1650 
 25.0450  33.5650  42.9650  50.0250  57.1850  62.1450  66.7650  71.5250  75.8850  83.1850 
 25.0650  33.5850  42.9850  50.0450  57.2050  62.1650  66.7850  71.5450  75.9050  83.2050 
 25.0850  33.6050  43.0050  50.0650  57.2250  62.1850  66.8050  71.5650  75.9250  83.2250 
 25.1050  33.6250  43.0250  50.0850  57.2450  62.2050  66.8250  71.5850  75.9450  83.2450 
 25.1250  33.6450  43.0450  50.1050  57.2650  62.2250  66.8450  71.6050  75.9650  83.2650 
 25.1450  33.6650  43.0650  50.1250  57.2850  62.2450  66.8650  71.6250  75.9850  83.2850 
 25.1650  33.6850  43.0850  50.1450  57.3050  62.2650  66.8850  71.6450  76.0050  83.3050 
 25.1850  33.7050  43.1050  50.1650  57.3250  62.2850  66.9050  71.6650  76.0250  83.3250 
 25.2050  33.7250  43.1250  50.1850  57.3450  62.3050  66.9250  71.6850  76.0450  83.3450 
 25.2250  33.7450  43.1450  50.2050  57.3650  62.3250  66.9450  71.7050  76.0650  83.3650 
 25.2450  33.7650  43.1650  50.2250  57.3850  62.3450  66.9650  71.7250  76.0850  83.3850 
 25.2650  33.7850  43.1850  50.2450  57.4050  62.3650  66.9850  71.7450  76.1050  83.4050 
 25.2850  33.8050  43.2050  50.2650  57.4250  62.3850  67.0050  71.7650  76.1250  83.4250 
 25.3050  33.8250  43.2250  50.2850  57.4450  62.4050  67.0250  71.7850  76.1450  83.4450 
 25.3250  33.8450  43.2450  50.3050  57.4650  62.4250  67.0450  71.8050  76.1650  83.4650 
 25.3450  33.8650  43.2650  50.3250  57.4850  62.4450  67.0650  71.8250  76.1850  83.4850 
 25.3650  33.8850  43.2850  50.3450  57.5050  62.4650  67.0850  71.8450  76.2050  83.5050 
 25.3850  33.9050  43.3050  50.3650  57.5250  62.4850  67.1050  71.8650  76.2250  83.5250 
 25.4050  33.9250  43.3250  50.3850  57.5450  62.5050  67.1250  71.8850  76.2450  83.5450 
 25.4250  33.9450  43.3450  50.4050  57.5650  62.5250  67.1450  71.9050  76.2650  83.5650 
 25.4450  33.9650  43.3650  50.4250  57.5850  62.5450  67.1650  71.9250  76.2850  83.5850 
 25.4650  33.9850  43.3850  50.4450  57.6050  62.5650  67.1850  71.9450  76.3050  83.6050 
 25.4850  34.0050  43.4050  50.4650  57.6250  62.5850  67.2050  71.9650  76.3250  83.6250 
 25.5050  34.0250  43.4250  50.4850  57.6450  62.6050  67.2250  71.9850  76.3450  83.6450 
 25.5250  34.0450  43.4450  50.5050  57.6650  62.6250  67.2450  72.0050  76.3650  83.6650 
 25.5450  34.0650  43.4650  50.5250  57.6850  62.6450  67.2650  72.0250  76.3850  83.6850 
 25.5650  34.0850  43.4850  50.5450  57.7050  62.6650  67.2850  72.0450  76.4050  83.7050 
 25.5850  34.1050  43.5050  50.5650  57.7250  62.6850  67.3050  72.0650  76.4250  83.7250 
 25.6050  34.1250  43.5250  50.5850  57.7450  62.7050  67.3250  72.0850  76.4450  83.7450 
 25.6250  34.1450  43.5450  50.6050  57.7650  62.7250  67.3450  72.1050  76.4650  83.7650 
 25.6450  34.1650  43.5650  50.6250  57.7850  62.7450  67.3650  72.1250  76.4850  83.7850 
 25.6650  34.1850  43.5850  50.6450  57.8050  62.7650  67.3850  72.1450  76.5050  83.8050 
 25.6850  34.2050  43.6050  50.6650  57.8250  62.7850  67.4050  72.1650  76.5250  83.8250 
 25.7050  34.2250  43.6250  50.6850  57.8450  62.8050  67.4250  72.1850  76.5450  83.8450 
 25.7250  34.2450  43.6450  50.7050  57.8650  62.8250  67.4450  72.2050  76.5650  83.8650 
 25.7450  34.2650  43.6650  50.7250  57.8850  62.8450  67.4650  72.2250  76.5850  83.8850 
 25.7650  34.2850  43.6850  50.7450  57.9050  62.8650  67.4850  72.2450  76.6050  83.9050 
 25.7850  34.3050  43.7050  50.7650  57.9250  62.8850  67.5050  72.2650  76.6250  83.9250 
 25.8050  34.3250  43.7250  50.7850  57.9450  62.9050  67.5250  72.2850  76.6450  83.9450 
 25.8250  34.3450  43.7450  50.8050  57.9650  62.9250  67.5450  72.3050  76.6650  83.9650 
 25.8450  34.3650  43.7650  50.8250  57.9850  62.9450  67.5650  72.3250  76.6850  83.9850 
 25.8650  34.3850  43.7850  50.8450  58.0050  62.9650  67.5850  72.3450  76.7050  84.0050 
 25.8850  34.4050  43.8050  50.8650  58.0250  62.9850  67.6050  72.3650  76.7250  84.0250 
 25.9050  34.4250  43.8250  50.8850  58.0450  63.0050  67.6250  72.3850  76.7450  84.0450 
 25.9250  34.4450  43.8450  50.9050  58.0650  63.0250  67.6450  72.4050  76.7650  84.0650 
 25.9450  34.4650  43.8650  50.9250  58.0850  63.0450  67.6650  72.4250  76.7850  84.0850 
 25.9650  34.4850  43.8850  50.9450  58.1050  63.0650  67.6850  72.4450  76.8050  84.1050 
 25.9850  34.5050  43.9050  50.9650  58.1250  63.0850  67.7050  72.4650  76.8250  84.1250 
 26.0050  34.5250  43.9250  50.9850  58.1450  63.1050  67.7250  72.4850  76.8450  84.1450 
 26.0250  34.5450  43.9450  51.0050  58.1650  63.1250  67.7450  72.5050  76.8650  84.1650 
 26.0450  34.5650  43.9650  51.0250  58.1850  63.1450  67.7650  72.5250  76.8850  84.1850 
 26.0650  34.5850  43.9850  51.0450  58.2050  63.1650  67.7850  72.5450  76.9050  84.2050 
 26.0850  34.6050  44.0050  51.0650  58.2250  63.1850  67.8050  72.5650  76.9250  84.2250 
 26.1050  34.6250  44.0250  51.0850  58.2450  63.2050  67.8250  72.5850  76.9450  84.2450 
 26.1250  34.6450  44.0450  51.1050  58.2650  63.2250  67.8450  72.6050  76.9650  84.2650 
 26.1450  34.6650  44.0650  51.1250  58.2850  63.2450  67.8650  72.6250  76.9850  84.2850 
 26.1650  34.6850  44.0850  51.1450  58.3050  63.2650  67.8850  72.6450  77.0050  84.3050 
 26.1850  34.7050  44.1050  51.1650  58.3250   0.0000  67.9050  72.6650  77.0250   0.0000 
 26.2050  34.7250  44.1250  51.1850  58.3450   0.0000  67.9250  72.6850  77.0450   0.0000 
 26.2250  34.7450  44.1450  51.2050  58.3650   0.0000  67.9450  72.7050  77.0650   0.0000 
 26.2450  34.7650  44.1650  51.2250  58.3850   0.0000  67.9650  72.7250  77.0850   0.0000 
 26.2650  34.7850  44.1850  51.2450  58.4050   0.0000  67.9850  72.7450  77.1050   0.0000 
  0.0000  34.8050  44.2050  51.2650  58.4250   0.0000  68.0050  72.7650  77.1250   0.0000 
  0.0000  34.8250  44.2250  51.2850  58.4450   0.0000  68.0250  72.7850  77.1450   0.0000 
  0.0000  34.8450  44.2450  51.3050  58.4650   0.0000  68.0450  72.8050  77.1650   0.0000 
  0.0000  34.8650  44.2650  51.3250  58.4850   0.0000  68.0650  72.8250  77.1850   0.0000 
  0.0000  34.8850  44.2850  51.3450  58.5050   0.0000  68.0850  72.8450  77.2050   0.0000 
  0.0000  34.9050  44.3050  51.3650  58.5250   0.0000  68.1050  72.8650  77.2250   0.0000 
  0.0000  34.9250  44.3250  51.3850  58.5450   0.0000   0.0000  72.8850  77.2450   0.0000 
  0.0000  34.9450  44.3450  51.4050  58.5650   0.0000   0.0000   0.0000  77.2650   0.0000 
  0.0000  34.9650  44.3650  51.4250  58.5850   0.0000   0.0000   0.0000  77.2850   0.0000 
  0.0000  34.9850  44.3850  51.4450  58.6050   0.0000   0.0000   0.0000  77.3050   0.0000 
  0.0000  35.0050  44.4050  51.4650  58.6250   0.0000   0.0000   0.0000  77.3250   0.0000 
  0.0000  35.0250  44.4250  51.4850  58.6450   0.0000   0.0000   0.0000  77.3450   0.0000 
  0.0000  35.0450  44.4450  51.5050  58.6650   0.0000   0.0000   0.0000  77.3650   0.0000 
  0.0000  35.0650  44.4650  51.5250  58.6850   0.0000   0.0000   0.0000  77.3850   0.0000 
  0.0000  35.0850  44.4850  51.5450  58.7050   0.0000   0.0000   0.0000  77.4050   0.0000 
  0.0000  35.1050  44.5050  51.5650  58.7250   0.0000   0.0000   0.0000  77.4250   0.0000 
  0.0000  35.1250  44.5250  51.5850  58.7450   0.0000   0.0000   0.0000  77.4450   0.0000 
  0.0000  35.1450  44.5450  51.6050  58.7650   0.0000   0.0000   0.0000  77.4650   0.0000 
  0.0000  35.1650  44.5650  51.6250  58.7850   0.0000   0.0000   0.0000  77.4850   0.0000 
  0.0000  35.1850  44.5850  51.6450  58.8050   0.0000   0.0000   0.0000  77.5050   0.0000 
  0.0000  35.2050  44.6050  51.6650  58.8250   0.0000   0.0000   0.0000  77.5250   0.0000 
  0.0000  35.2250  44.6250  51.6850  58.8450   0.0000   0.0000   0.0000  77.5450   0.0000 
  0.0000  35.2450  44.6450  51.7050  58.8650   0.0000   0.0000   0.0000  77.5650   0.0000 
  0.0000  35.2650  44.6650  51.7250  58.8850   0.0000   0.0000   0.0000  77.5850   0.0000 
  0.0000  35.2850  44.6850  51.7450  58.9050   0.0000   0.0000   0.0000  77.6050   0.0000 
  0.0000  35.3050  44.7050   0.0000  58.9250   0.0000   0.0000   0.0000  77.6250   0.0000 
  0.0000  35.3250  44.7250   0.0000  58.9450   0.0000   0.0000   0.0000  77.6450   0.0000 
  0.0000  35.3450  44.7450   0.0000  58.9650   0.0000   0.0000   0.0000  77.6650   0.0000 
  0.0000  35.3650  44.7650   0.0000  58.9850   0.0000   0.0000   0.0000  77.6850   0.0000 
  0.0000  35.3850  44.7850   0.0000  59.0050   0.0000   0.0000   0.0000  77.7050   0.0000 
  0.0000  35.4050  44.8050   0.0000  59.0250   0.0000   0.0000   0.0000  77.7250   0.0000 
  0.0000  35.4250  44.8250   0.0000  59.0450   0.0000   0.0000   0.0000  77.7450   0.0000 
  0.0000  35.4450  44.8450   0.0000  59.0650   0.0000   0.0000   0.0000  77.7650   0.0000 
  0.0000  35.4650  44.8650   0.0000  59.0850   0.0000   0.0000   0.0000  77.7850   0.0000 
  0.0000  35.4850  44.8850   0.0000  59.1050   0.0000   0.0000   0.0000  77.8050   0.0000 
  0.0000  35.5050  44.9050   0.0000  59.1250   0.0000   0.0000   0.0000  77.8250   0.0000 
  0.0000  35.5250  44.9250   0.0000  59.1450   0.0000   0.0000   0.0000  77.8450   0.0000 
  0.0000  35.5450  44.9450   0.0000  59.1650   0.0000   0.0000   0.0000  77.8650   0.0000 
  0.0000  35.5650  44.9650   0.0000  59.1850   0.0000   0.0000   0.0000  77.8850   0.0000 
  0.0000  35.5850  44.9850   0.0000  59.2050   0.0000   0.0000   0.0000  77.9050   0.0000 
  0.0000  35.6050  45.0050   0.0000  59.2250   0.0000   0.0000   0.0000  77.9250   0.0000 
  0.0000  35.6250  45.0250   0.0000  59.2450   0.0000   0.0000   0.0000  77.9450   0.0000 
  0.0000  35.6450  45.0450   0.0000  59.2650   0.0000   0.0000   0.0000  77.9650   0.0000 
  0.0000  35.6650  45.0650   0.0000  59.2850   0.0000   0.0000   0.0000  77.9850   0.0000 
  0.0000  35.6850  45.0850   0.0000  59.3050   0.0000   0.0000   0.0000  78.0050   0.0000 
  0.0000  35.7050  45.1050   0.0000  59.3250   0.0000   0.0000   0.0000  78.0250   0.0000 
  0.0000  35.7250  45.1250   0.0000  59.3450   0.0000   0.0000   0.0000  78.0450   0.0000 
  0.0000  35.7450  45.1450   0.0000  59.3650   0.0000   0.0000   0.0000  78.0650   0.0000 
  0.0000  35.7650  45.1650   0.0000  59.3850   0.0000   0.0000   0.0000  78.0850   0.0000 
  0.0000  35.7850  45.1850   0.0000  59.4050   0.0000   0.0000   0.0000  78.1050   0.0000 
  0.0000  35.8050  45.2050   0.0000  59.4250   0.0000   0.0000   0.0000  78.1250   0.0000 
  0.0000  35.8250  45.2250   0.0000  59.4450   0.0000   0.0000   0.0000  78.1450   0.0000 
  0.0000  35.8450  45.2450   0.0000  59.4650   0.0000   0.0000   0.0000  78.1650   0.0000 
  0.0000  35.8650  45.2650   0.0000  59.4850   0.0000   0.0000   0.0000  78.1850   0.0000 
  0.0000  35.8850  45.2850   0.0000  59.5050   0.0000   0.0000   0.0000  78.2050   0.0000 
  0.0000  35.9050  45.3050   0.0000  59.5250   0.0000   0.0000   0.0000  78.2250   0.0000 
  0.0000  35.9250  45.3250   0.0000  59.5450   0.0000   0.0000   0.0000  78.2450   0.0000 
  0.0000  35.9450  45.3450   0.0000  59.5650   0.0000   0.0000   0.0000  78.2650   0.0000 
  0.0000  35.9650  45.3650   0.0000  59.5850   0.0000   0.0000   0.0000  78.2850   0.0000 
  0.0000  35.9850  45.3850   0.0000  59.6050   0.0000   0.0000   0.0000  78.3050   0.0000 
  0.0000  36.0050  45.4050   0.0000  59.6250   0.0000   0.0000   0.0000  78.3250   0.0000 
  0.0000  36.0250  45.4250   0.0000  59.6450   0.0000   0.0000   0.0000  78.3450   0.0000 
  0.0000  36.0450  45.4450   0.0000  59.6650   0.0000   0.0000   0.0000  78.3650   0.0000 
  0.0000  36.0650  45.4650   0.0000  59.6850   0.0000   0.0000   0.0000  78.3850   0.0000 
  0.0000  36.0850  45.4850   0.0000  59.7050   0.0000   0.0000   0.0000  78.4050   0.0000 
  0.0000  36.1050  45.5050   0.0000  59.7250   0.0000   0.0000   0.0000  78.4250   0.0000 
  0.0000  36.1250  45.5250   0.0000  59.7450   0.0000   0.0000   0.0000  78.4450   0.0000 
  0.0000  36.1450  45.5450   0.0000  59.7650   0.0000   0.0000   0.0000  78.4650   0.0000 
  0.0000  36.1650   0.0000   0.0000  59.7850   0.0000   0.0000   0.0000  78.4850   0.0000 
  0.0000  36.1850   0.0000   0.0000  59.8050   0.0000   0.0000   0.0000  78.5050   0.0000 
  0.0000  36.2050   0.0000   0.0000  59.8250   0.0000   0.0000   0.0000  78.5250   0.0000 
  0.0000  36.2250   0.0000   0.0000  59.8450   0.0000   0.0000   0.0000  78.5450   0.0000 
  0.0000  36.2450   0.0000   0.0000  59.8650   0.0000   0.0000   0.0000  78.5650   0.0000 
  0.0000  36.2650   0.0000   0.0000  59.8850   0.0000   0.0000   0.0000  78.5850   0.0000 
  0.0000  36.2850   0.0000   0.0000  59.9050   0.0000   0.0000   0.0000  78.6050   0.0000 
  0.0000  36.3050   0.0000   0.0000  59.9250   0.0000   0.0000   0.0000  78.6250   0.0000 
  0.0000  36.3250   0.0000   0.0000  59.9450   0.0000   0.0000   0.0000  78.6450   0.0000 
  0.0000  36.3450   0.0000   0.0000  59.9650   0.0000   0.0000   0.0000  78.6650   0.0000 
  0.0000  36.3650   0.0000   0.0000  59.9850   0.0000   0.0000   0.0000  78.6850   0.0000 
  0.0000  36.3850   0.0000   0.0000  60.0050   0.0000   0.0000   0.0000   0.0000   0.0000 
  0.0000  36.4050   0.0000   0.0000  60.0250   0.0000   0.0000   0.0000   0.0000   0.0000 
  0.0000  36.4250   0.0000   0.0000  60.0450   0.0000   0.0000   0.0000   0.0000   0.0000 
  0.0000  36.4450   0.0000   0.0000  60.0650   0.0000   0.0000   0.0000   0.0000   0.0000 
  0.0000  36.4650   0.0000   0.0000  60.0850   0.0000   0.0000   0.0000   0.0000   0.0000 
  0.0000  36.4850   0.0000   0.0000  60.1050   0.0000   0.0000   0.0000   0.0000   0.0000 
  0.0000  36.5050   0.0000   0.0000  60.1250   0.0000   0.0000   0.0000   0.0000   0.0000 
  0.0000  36.5250   0.0000   0.0000  60.1450   0.0000   0.0000   0.0000   0.0000   0.0000 
  0.0000  36.5450   0.0000   0.0000   0.0000   0.0000   0.0000   0.0000   0.0000   0.0000 
  0.0000  36.5650   0.0000   0.0000   0.0000   0.0000   0.0000   0.0000   0.0000   0.0000 
  0.0000  36.5850   0.0000   0.0000   0.0000   0.0000   0.0000   0.0000   0.0000   0.0000 
  0.0000  36.6050   0.0000   0.0000   0.0000   0.0000   0.0000   0.0000   0.0000   0.0000 
  0.0000  36.6250   0.0000   0.0000   0.0000   0.0000   0.0000   0.0000   0.0000   0.0000 
  0.0000  36.6450   0.0000   0.0000   0.0000   0.0000   0.0000   0.0000   0.0000   0.0000 
  0.0000  36.6650   0.0000   0.0000   0.0000   0.0000   0.0000   0.0000   0.0000   0.0000 
  0.0000  36.6850   0.0000   0.0000   0.0000   0.0000   0.0000   0.0000   0.0000   0.0000 
  0.0000  36.7050   0.0000   0.0000   0.0000   0.0000   0.0000   0.0000   0.0000   0.0000 
  0.0000  36.7250   0.0000   0.0000   0.0000   0.0000   0.0000   0.0000   0.0000   0.0000 
  0.0000   0.0000   0.0000   0.0000   0.0000   0.0000   0.0000   0.0000   0.0000   0.0000 
  0.0000   0.0000   0.0000   0.0000   0.0000   0.0000   0.0000   0.0000   0.0000   0.0000 
  0.0000   0.0000   0.0000   0.0000   0.0000   0.0000   0.0000   0.0000   0.0000   0.0000 
  0.0000   0.0000   0.0000   0.0000   0.0000   0.0000   0.0000   0.0000   0.0000   0.0000 
  0.0000   0.0000   0.0000   0.0000   0.0000   0.0000   0.0000   0.0000   0.0000   0.0000 
  0.0000   0.0000   0.0000   0.0000   0.0000   0.0000   0.0000   0.0000   0.0000   0.0000 
  0.0000   0.0000   0.0000   0.0000   0.0000   0.0000   0.0000   0.0000   0.0000   0.0000 
  0.0000   0.0000   0.0000   0.0000   0.0000   0.0000   0.0000   0.0000   0.0000   0.0000 
  0.0000   0.0000   0.0000   0.0000   0.0000   0.0000   0.0000   0.0000   0.0000   0.0000 
  0.0000   0.0000   0.0000   0.0000   0.0000   0.0000   0.0000   0.0000   0.0000   0.0000 
  0.0000   0.0000   0.0000   0.0000   0.0000   0.0000   0.0000   0.0000   0.0000   0.0000 
  0.0000   0.0000   0.0000   0.0000   0.0000   0.0000   0.0000   0.0000   0.0000   0.0000 
  0.0000   0.0000   0.0000   0.0000   0.0000   0.0000   0.0000   0.0000   0.0000   0.0000 
  0.0000   0.0000   0.0000   0.0000   0.0000   0.0000   0.0000   0.0000   0.0000   0.0000 
  0.0000   0.0000   0.0000   0.0000   0.0000   0.0000   0.0000   0.0000   0.0000   0.0000 
  0.0000   0.0000   0.0000   0.0000   0.0000   0.0000   0.0000   0.0000   0.0000   0.0000 
  0.0000   0.0000   0.0000   0.0000   0.0000   0.0000   0.0000   0.0000   0.0000   0.0000 
  0.0000   0.0000   0.0000   0.0000   0.0000   0.0000   0.0000   0.0000   0.0000   0.0000 
  0.0000   0.0000   0.0000   0.0000   0.0000   0.0000   0.0000   0.0000   0.0000   0.0000 
  0.0000   0.0000   0.0000   0.0000   0.0000   0.0000   0.0000   0.0000   0.0000   0.0000 
  0.0000   0.0000   0.0000   0.0000   0.0000   0.0000   0.0000   0.0000   0.0000   0.0000 
  0.0000   0.0000   0.0000   0.0000   0.0000   0.0000   0.0000   0.0000   0.0000   0.0000 
  0.0000   0.0000   0.0000   0.0000   0.0000   0.0000   0.0000   0.0000   0.0000   0.0000 
  0.0000   0.0000   0.0000   0.0000   0.0000   0.0000   0.0000   0.0000   0.0000   0.0000 
  0.0000   0.0000   0.0000   0.0000   0.0000   0.0000   0.0000   0.0000   0.0000   0.0000 
  0.0000   0.0000   0.0000   0.0000   0.0000   0.0000   0.0000   0.0000   0.0000   0.0000 
  0.0000   0.0000   0.0000   0.0000   0.0000   0.0000   0.0000   0.0000   0.0000   0.0000 
  0.0000   0.0000   0.0000   0.0000   0.0000   0.0000   0.0000   0.0000   0.0000   0.0000 
  0.0000   0.0000   0.0000   0.0000   0.0000   0.0000   0.0000   0.0000   0.0000   0.0000 
  0.0000   0.0000   0.0000   0.0000   0.0000   0.0000   0.0000   0.0000   0.0000   0.0000 
  0.0000   0.0000   0.0000   0.0000   0.0000   0.0000   0.0000   0.0000   0.0000   0.0000 
  0.0000   0.0000   0.0000   0.0000   0.0000   0.0000   0.0000   0.0000   0.0000   0.0000 
  0.0000   0.0000   0.0000   0.0000   0.0000   0.0000   0.0000   0.0000   0.0000   0.0000 
  0.0000   0.0000   0.0000   0.0000   0.0000   0.0000   0.0000   0.0000   0.0000   0.0000 
  0.0000   0.0000   0.0000   0.0000   0.0000   0.0000   0.0000   0.0000   0.0000   0.0000 
  0.0000   0.0000   0.0000   0.0000   0.0000   0.0000   0.0000   0.0000   0.0000   0.0000 
  0.0000   0.0000   0.0000   0.0000   0.0000   0.0000   0.0000   0.0000   0.0000   0.0000 
  0.0000   0.0000   0.0000   0.0000   0.0000   0.0000   0.0000   0.0000   0.0000   0.0000 
  0.0000   0.0000   0.0000   0.0000   0.0000   0.0000   0.0000   0.0000   0.0000   0.0000 
  0.0000   0.0000   0.0000   0.0000   0.0000   0.0000   0.0000   0.0000   0.0000   0.0000 
  0.0000   0.0000   0.0000   0.0000   0.0000   0.0000   0.0000   0.0000   0.0000   0.0000 
  0.0000   0.0000   0.0000   0.0000   0.0000   0.0000   0.0000   0.0000   0.0000   0.0000 
  0.0000   0.0000   0.0000   0.0000   0.0000   0.0000   0.0000   0.0000   0.0000   0.0000 
  0.0000   0.0000   0.0000   0.0000   0.0000   0.0000   0.0000   0.0000   0.0000   0.0000 
  0.0000   0.0000   0.0000   0.0000   0.0000   0.0000   0.0000   0.0000   0.0000   0.0000 
  0.0000   0.0000   0.0000   0.0000   0.0000   0.0000   0.0000   0.0000   0.0000   0.0000 
  0.0000   0.0000   0.0000   0.0000   0.0000   0.0000   0.0000   0.0000   0.0000   0.0000 
  0.0000   0.0000   0.0000   0.0000   0.0000   0.0000   0.0000   0.0000   0.0000   0.0000 
  0.0000   0.0000   0.0000   0.0000   0.0000   0.0000   0.0000   0.0000   0.0000   0.0000 
  0.0000   0.0000   0.0000   0.0000   0.0000   0.0000   0.0000   0.0000   0.0000   0.0000 
  0.0000   0.0000   0.0000   0.0000   0.0000   0.0000   0.0000   0.0000   0.0000   0.0000 
  0.0000   0.0000   0.0000   0.0000   0.0000   0.0000   0.0000   0.0000   0.0000   0.0000 
  0.0000   0.0000   0.0000   0.0000   0.0000   0.0000   0.0000   0.0000   0.0000   0.0000 
  0.0000   0.0000   0.0000   0.0000   0.0000   0.0000   0.0000   0.0000   0.0000   0.0000 
  0.0000   0.0000   0.0000   0.0000   0.0000   0.0000   0.0000   0.0000   0.0000   0.0000 
  0.0000   0.0000   0.0000   0.0000   0.0000   0.0000   0.0000   0.0000   0.0000   0.0000 
  0.0000   0.0000   0.0000   0.0000   0.0000   0.0000   0.0000   0.0000   0.0000   0.0000 
  0.0000   0.0000   0.0000   0.0000   0.0000   0.0000   0.0000   0.0000   0.0000   0.0000 
  0.0000   0.0000   0.0000   0.0000   0.0000   0.0000   0.0000   0.0000   0.0000   0.0000 
  0.0000   0.0000   0.0000   0.0000   0.0000   0.0000   0.0000   0.0000   0.0000   0.0000 
  0.0000   0.0000   0.0000   0.0000   0.0000   0.0000   0.0000   0.0000   0.0000   0.0000 
  0.0000   0.0000   0.0000   0.0000   0.0000   0.0000   0.0000   0.0000   0.0000   0.0000 
  0.0000   0.0000   0.0000   0.0000   0.0000   0.0000   0.0000   0.0000   0.0000   0.0000 
  0.0000   0.0000   0.0000   0.0000   0.0000   0.0000   0.0000   0.0000   0.0000   0.0000 
  0.0000   0.0000   0.0000   0.0000   0.0000   0.0000   0.0000   0.0000   0.0000   0.0000 
  0.0000   0.0000   0.0000   0.0000   0.0000   0.0000   0.0000   0.0000   0.0000   0.0000 
  0.0000   0.0000   0.0000   0.0000   0.0000   0.0000   0.0000   0.0000   0.0000   0.0000 
  0.0000   0.0000   0.0000   0.0000   0.0000   0.0000   0.0000   0.0000   0.0000   0.0000 
  0.0000   0.0000   0.0000   0.0000   0.0000   0.0000   0.0000   0.0000   0.0000   0.0000 
  0.0000   0.0000   0.0000   0.0000   0.0000   0.0000   0.0000   0.0000   0.0000   0.0000 
  0.0000   0.0000   0.0000   0.0000   0.0000   0.0000   0.0000   0.0000   0.0000   0.0000 
  0.0000   0.0000   0.0000   0.0000   0.0000   0.0000   0.0000   0.0000   0.0000   0.0000 
  0.0000   0.0000   0.0000   0.0000   0.0000   0.0000   0.0000   0.0000   0.0000   0.0000 
  0.0000   0.0000   0.0000   0.0000   0.0000   0.0000   0.0000   0.0000   0.0000   0.0000 
  0.0000   0.0000   0.0000   0.0000   0.0000   0.0000   0.0000   0.0000   0.0000   0.0000 
  0.0000   0.0000   0.0000   0.0000   0.0000   0.0000   0.0000   0.0000   0.0000   0.0000 
  0.0000   0.0000   0.0000   0.0000   0.0000   0.0000   0.0000   0.0000   0.0000   0.0000 
  0.0000   0.0000   0.0000   0.0000   0.0000   0.0000   0.0000   0.0000   0.0000   0.0000 
  0.0000   0.0000   0.0000   0.0000   0.0000   0.0000   0.0000   0.0000   0.0000   0.0000 
  0.0000   0.0000   0.0000   0.0000   0.0000   0.0000   0.0000   0.0000   0.0000   0.0000 
  0.0000   0.0000   0.0000   0.0000   0.0000   0.0000   0.0000   0.0000   0.0000   0.0000 
  0.0000   0.0000   0.0000   0.0000   0.0000   0.0000   0.0000   0.0000   0.0000   0.0000 
  0.0000   0.0000   0.0000   0.0000   0.0000   0.0000   0.0000   0.0000   0.0000   0.0000 
  0.0000   0.0000   0.0000   0.0000   0.0000   0.0000   0.0000   0.0000   0.0000   0.0000 
  0.0000   0.0000   0.0000   0.0000   0.0000   0.0000   0.0000   0.0000   0.0000   0.0000 
  0.0000   0.0000   0.0000   0.0000   0.0000   0.0000   0.0000   0.0000   0.0000   0.0000 
  0.0000   0.0000   0.0000   0.0000   0.0000   0.0000   0.0000   0.0000   0.0000   0.0000 
  0.0000   0.0000   0.0000   0.0000   0.0000   0.0000   0.0000   0.0000   0.0000   0.0000 
  0.0000   0.0000   0.0000   0.0000   0.0000   0.0000   0.0000   0.0000   0.0000   0.0000 
  0.0000   0.0000   0.0000   0.0000   0.0000   0.0000   0.0000   0.0000   0.0000   0.0000 
  0.0000   0.0000   0.0000   0.0000   0.0000   0.0000   0.0000   0.0000   0.0000   0.0000 
  0.0000   0.0000   0.0000   0.0000   0.0000   0.0000   0.0000   0.0000   0.0000   0.0000 
  0.0000   0.0000   0.0000   0.0000   0.0000   0.0000   0.0000   0.0000   0.0000   0.0000 
  0.0000   0.0000   0.0000   0.0000   0.0000   0.0000   0.0000   0.0000   0.0000   0.0000 
  0.0000   0.0000   0.0000   0.0000   0.0000   0.0000   0.0000   0.0000   0.0000   0.0000 
  0.0000   0.0000   0.0000   0.0000   0.0000   0.0000   0.0000   0.0000   0.0000   0.0000 
  0.0000   0.0000   0.0000   0.0000   0.0000   0.0000   0.0000   0.0000   0.0000   0.0000 
  0.0000   0.0000   0.0000   0.0000   0.0000   0.0000   0.0000   0.0000   0.0000   0.0000 
  0.0000   0.0000   0.0000   0.0000   0.0000   0.0000   0.0000   0.0000   0.0000   0.0000 
  0.0000   0.0000   0.0000   0.0000   0.0000   0.0000   0.0000   0.0000   0.0000   0.0000 
  0.0000   0.0000   0.0000   0.0000   0.0000   0.0000   0.0000   0.0000   0.0000   0.0000 
  0.0000   0.0000   0.0000   0.0000   0.0000   0.0000   0.0000   0.0000   0.0000   0.0000 
  0.0000   0.0000   0.0000   0.0000   0.0000   0.0000   0.0000   0.0000   0.0000   0.0000 
  0.0000   0.0000   0.0000   0.0000   0.0000   0.0000   0.0000   0.0000   0.0000   0.0000 
  0.0000   0.0000   0.0000   0.0000   0.0000   0.0000   0.0000   0.0000   0.0000   0.0000 
  0.0000   0.0000   0.0000   0.0000   0.0000   0.0000   0.0000   0.0000   0.0000   0.0000 
  0.0000   0.0000   0.0000   0.0000   0.0000   0.0000   0.0000   0.0000   0.0000   0.0000 
  0.0000   0.0000   0.0000   0.0000   0.0000   0.0000   0.0000   0.0000   0.0000   0.0000 
  0.0000   0.0000   0.0000   0.0000   0.0000   0.0000   0.0000   0.0000   0.0000   0.0000 
  0.0000   0.0000   0.0000   0.0000   0.0000   0.0000   0.0000   0.0000   0.0000   0.0000 
  0.0000   0.0000   0.0000   0.0000   0.0000   0.0000   0.0000   0.0000   0.0000   0.0000 
  0.0000   0.0000   0.0000   0.0000   0.0000   0.0000   0.0000   0.0000   0.0000   0.0000 
  0.0000   0.0000   0.0000   0.0000   0.0000   0.0000   0.0000   0.0000   0.0000   0.0000 
  0.0000   0.0000   0.0000   0.0000   0.0000   0.0000   0.0000   0.0000   0.0000   0.0000 
  0.0000   0.0000   0.0000   0.0000   0.0000   0.0000   0.0000   0.0000   0.0000   0.0000 
  0.0000   0.0000   0.0000   0.0000   0.0000   0.0000   0.0000   0.0000   0.0000   0.0000 
  0.0000   0.0000   0.0000   0.0000   0.0000   0.0000   0.0000   0.0000   0.0000   0.0000 
  0.0000   0.0000   0.0000   0.0000   0.0000   0.0000   0.0000   0.0000   0.0000   0.0000 
  0.0000   0.0000   0.0000   0.0000   0.0000   0.0000   0.0000   0.0000   0.0000   0.0000 
  0.0000   0.0000   0.0000   0.0000   0.0000   0.0000   0.0000   0.0000   0.0000   0.0000 
  0.0000   0.0000   0.0000   0.0000   0.0000   0.0000   0.0000   0.0000   0.0000   0.0000 
  0.0000   0.0000   0.0000   0.0000   0.0000   0.0000   0.0000   0.0000   0.0000   0.0000 
  0.0000   0.0000   0.0000   0.0000   0.0000   0.0000   0.0000   0.0000   0.0000   0.0000 
  0.0000   0.0000   0.0000   0.0000   0.0000   0.0000   0.0000   0.0000   0.0000   0.0000 
  0.0000   0.0000   0.0000   0.0000   0.0000   0.0000   0.0000   0.0000   0.0000   0.0000 
  0.0000   0.0000   0.0000   0.0000   0.0000   0.0000   0.0000   0.0000   0.0000   0.0000 
  0.0000   0.0000   0.0000   0.0000   0.0000   0.0000   0.0000   0.0000   0.0000   0.0000 
  0.0000   0.0000   0.0000   0.0000   0.0000   0.0000   0.0000   0.0000   0.0000   0.0000 
  0.0000   0.0000   0.0000   0.0000   0.0000   0.0000   0.0000   0.0000   0.0000   0.0000 
  0.0000   0.0000   0.0000   0.0000   0.0000   0.0000   0.0000   0.0000   0.0000   0.0000 
  0.0000   0.0000   0.0000   0.0000   0.0000   0.0000   0.0000   0.0000   0.0000   0.0000 
  0.0000   0.0000   0.0000   0.0000   0.0000   0.0000   0.0000   0.0000   0.0000   0.0000 
  0.0000   0.0000   0.0000   0.0000   0.0000   0.0000   0.0000   0.0000   0.0000   0.0000 
  0.0000   0.0000   0.0000   0.0000   0.0000   0.0000   0.0000   0.0000   0.0000   0.0000 
  0.0000   0.0000   0.0000   0.0000   0.0000   0.0000   0.0000   0.0000   0.0000   0.0000 
  0.0000   0.0000   0.0000   0.0000   0.0000   0.0000   0.0000   0.0000   0.0000   0.0000 
  0.0000   0.0000   0.0000   0.0000   0.0000   0.0000   0.0000   0.0000   0.0000   0.0000 
  0.0000   0.0000   0.0000   0.0000   0.0000   0.0000   0.0000   0.0000   0.0000   0.0000 
  0.0000   0.0000   0.0000   0.0000   0.0000   0.0000   0.0000   0.0000   0.0000   0.0000 
  0.0000   0.0000   0.0000   0.0000   0.0000   0.0000   0.0000   0.0000   0.0000   0.0000 
  0.0000   0.0000   0.0000   0.0000   0.0000   0.0000   0.0000   0.0000   0.0000   0.0000 
  0.0000   0.0000   0.0000   0.0000   0.0000   0.0000   0.0000   0.0000   0.0000   0.0000 
  0.0000   0.0000   0.0000   0.0000   0.0000   0.0000   0.0000   0.0000   0.0000   0.0000 
  0.0000   0.0000   0.0000   0.0000   0.0000   0.0000   0.0000   0.0000   0.0000   0.0000 
  0.0000   0.0000   0.0000   0.0000   0.0000   0.0000   0.0000   0.0000   0.0000   0.0000 
  0.0000   0.0000   0.0000   0.0000   0.0000   0.0000   0.0000   0.0000   0.0000   0.0000 
  0.0000   0.0000   0.0000   0.0000   0.0000   0.0000   0.0000   0.0000   0.0000   0.0000 
  0.0000   0.0000   0.0000   0.0000   0.0000   0.0000   0.0000   0.0000   0.0000   0.0000 
  0.0000   0.0000   0.0000   0.0000   0.0000   0.0000   0.0000   0.0000   0.0000   0.0000 
  0.0000   0.0000   0.0000   0.0000   0.0000   0.0000   0.0000   0.0000   0.0000   0.0000 
  0.0000   0.0000   0.0000   0.0000   0.0000   0.0000   0.0000   0.0000   0.0000   0.0000 
  0.0000   0.0000   0.0000   0.0000   0.0000   0.0000   0.0000   0.0000   0.0000   0.0000 
  0.0000   0.0000   0.0000   0.0000   0.0000   0.0000   0.0000   0.0000   0.0000   0.0000 
  0.0000   0.0000   0.0000   0.0000   0.0000   0.0000   0.0000   0.0000   0.0000   0.0000 
  0.0000   0.0000   0.0000   0.0000   0.0000   0.0000   0.0000   0.0000   0.0000   0.0000 
  0.0000   0.0000   0.0000   0.0000   0.0000   0.0000   0.0000   0.0000   0.0000   0.0000 
  0.0000   0.0000   0.0000   0.0000   0.0000   0.0000   0.0000   0.0000   0.0000   0.0000 
  0.0000   0.0000   0.0000   0.0000   0.0000   0.0000   0.0000   0.0000   0.0000   0.0000 
  0.0000   0.0000   0.0000   0.0000   0.0000   0.0000   0.0000   0.0000   0.0000   0.0000 
  0.0000   0.0000   0.0000   0.0000   0.0000   0.0000   0.0000   0.0000   0.0000   0.0000 
  0.0000   0.0000   0.0000   0.0000   0.0000   0.0000   0.0000   0.0000   0.0000   0.0000 
  0.0000   0.0000   0.0000   0.0000   0.0000   0.0000   0.0000   0.0000   0.0000   0.0000 
  0.0000   0.0000   0.0000   0.0000   0.0000   0.0000   0.0000   0.0000   0.0000   0.0000 
  0.0000   0.0000   0.0000   0.0000   0.0000   0.0000   0.0000   0.0000   0.0000   0.0000 
  0.0000   0.0000   0.0000   0.0000   0.0000   0.0000   0.0000   0.0000   0.0000   0.0000 
  0.0000   0.0000   0.0000   0.0000   0.0000   0.0000   0.0000   0.0000   0.0000   0.0000 
  0.0000   0.0000   0.0000   0.0000   0.0000   0.0000   0.0000   0.0000   0.0000   0.0000 
  0.0000   0.0000   0.0000   0.0000   0.0000   0.0000   0.0000   0.0000   0.0000   0.0000 
  0.0000   0.0000   0.0000   0.0000   0.0000   0.0000   0.0000   0.0000   0.0000   0.0000 
  0.0000   0.0000   0.0000   0.0000   0.0000   0.0000   0.0000   0.0000   0.0000   0.0000 
  0.0000   0.0000   0.0000   0.0000   0.0000   0.0000   0.0000   0.0000   0.0000   0.0000 
  0.0000   0.0000   0.0000   0.0000   0.0000   0.0000   0.0000   0.0000   0.0000   0.0000 
  0.0000   0.0000   0.0000   0.0000   0.0000   0.0000   0.0000   0.0000   0.0000   0.0000 
  0.0000   0.0000   0.0000   0.0000   0.0000   0.0000   0.0000   0.0000   0.0000   0.0000 
  0.0000   0.0000   0.0000   0.0000   0.0000   0.0000   0.0000   0.0000   0.0000   0.0000 
  0.0000   0.0000   0.0000   0.0000   0.0000   0.0000   0.0000   0.0000   0.0000   0.0000 
  0.0000   0.0000   0.0000   0.0000   0.0000   0.0000   0.0000   0.0000   0.0000   0.0000 
  0.0000   0.0000   0.0000   0.0000   0.0000   0.0000   0.0000   0.0000   0.0000   0.0000 
  0.0000   0.0000   0.0000   0.0000   0.0000   0.0000   0.0000   0.0000   0.0000   0.0000 
  0.0000   0.0000   0.0000   0.0000   0.0000   0.0000   0.0000   0.0000   0.0000   0.0000 
  0.0000   0.0000   0.0000   0.0000   0.0000   0.0000   0.0000   0.0000   0.0000   0.0000 
  0.0000   0.0000   0.0000   0.0000   0.0000   0.0000   0.0000   0.0000   0.0000   0.0000 
  0.0000   0.0000   0.0000   0.0000   0.0000   0.0000   0.0000   0.0000   0.0000   0.0000 
  0.0000   0.0000   0.0000   0.0000   0.0000   0.0000   0.0000   0.0000   0.0000   0.0000 
  0.0000   0.0000   0.0000   0.0000   0.0000   0.0000   0.0000   0.0000   0.0000   0.0000 
  0.0000   0.0000   0.0000   0.0000   0.0000   0.0000   0.0000   0.0000   0.0000   0.0000 
  0.0000   0.0000   0.0000   0.0000   0.0000   0.0000   0.0000   0.0000   0.0000   0.0000 
  0.0000   0.0000   0.0000   0.0000   0.0000   0.0000   0.0000   0.0000   0.0000   0.0000 
  0.0000   0.0000   0.0000   0.0000   0.0000   0.0000   0.0000   0.0000   0.0000   0.0000 
  0.0000   0.0000   0.0000   0.0000   0.0000   0.0000   0.0000   0.0000   0.0000   0.0000 
  0.0000   0.0000   0.0000   0.0000   0.0000   0.0000   0.0000   0.0000   0.0000   0.0000 
  0.0000   0.0000   0.0000   0.0000   0.0000   0.0000   0.0000   0.0000   0.0000   0.0000 
  0.0000   0.0000   0.0000   0.0000   0.0000   0.0000   0.0000   0.0000   0.0000   0.0000 
  0.0000   0.0000   0.0000   0.0000   0.0000   0.0000   0.0000   0.0000   0.0000   0.0000 
  0.0000   0.0000   0.0000   0.0000   0.0000   0.0000   0.0000   0.0000   0.0000   0.0000 
  0.0000   0.0000   0.0000   0.0000   0.0000   0.0000   0.0000   0.0000   0.0000   0.0000 
  0.0000   0.0000   0.0000   0.0000   0.0000   0.0000   0.0000   0.0000   0.0000   0.0000 
  0.0000   0.0000   0.0000   0.0000   0.0000   0.0000   0.0000   0.0000   0.0000   0.0000 
  0.0000   0.0000   0.0000   0.0000   0.0000   0.0000   0.0000   0.0000   0.0000   0.0000 
  0.0000   0.0000   0.0000   0.0000   0.0000   0.0000   0.0000   0.0000   0.0000   0.0000 
  0.0000   0.0000   0.0000   0.0000   0.0000   0.0000   0.0000   0.0000   0.0000   0.0000 
  0.0000   0.0000   0.0000   0.0000   0.0000   0.0000   0.0000   0.0000   0.0000   0.0000 
  0.0000   0.0000   0.0000   0.0000   0.0000   0.0000   0.0000   0.0000   0.0000   0.0000 
  0.0000   0.0000   0.0000   0.0000   0.0000   0.0000   0.0000   0.0000   0.0000   0.0000 
  0.0000   0.0000   0.0000   0.0000   0.0000   0.0000   0.0000   0.0000   0.0000   0.0000 
  0.0000   0.0000   0.0000   0.0000   0.0000   0.0000   0.0000   0.0000   0.0000   0.0000 
  0.0000   0.0000   0.0000   0.0000   0.0000   0.0000   0.0000   0.0000   0.0000   0.0000 
  0.0000   0.0000   0.0000   0.0000   0.0000   0.0000   0.0000   0.0000   0.0000   0.0000 
  0.0000   0.0000   0.0000   0.0000   0.0000   0.0000   0.0000   0.0000   0.0000   0.0000 
  0.0000   0.0000   0.0000   0.0000   0.0000   0.0000   0.0000   0.0000   0.0000   0.0000 
  0.0000   0.0000   0.0000   0.0000   0.0000   0.0000   0.0000   0.0000   0.0000   0.0000 
  0.0000   0.0000   0.0000   0.0000   0.0000   0.0000   0.0000   0.0000   0.0000   0.0000 
  0.0000   0.0000   0.0000   0.0000   0.0000   0.0000   0.0000   0.0000   0.0000   0.0000 
  0.0000   0.0000   0.0000   0.0000   0.0000   0.0000   0.0000   0.0000   0.0000   0.0000 
  0.0000   0.0000   0.0000   0.0000   0.0000   0.0000   0.0000   0.0000   0.0000   0.0000 
  0.0000   0.0000   0.0000   0.0000   0.0000   0.0000   0.0000   0.0000   0.0000   0.0000 
  0.0000   0.0000   0.0000   0.0000   0.0000   0.0000   0.0000   0.0000   0.0000   0.0000 
  0.0000   0.0000   0.0000   0.0000   0.0000   0.0000   0.0000   0.0000   0.0000   0.0000 
  0.0000   0.0000   0.0000   0.0000   0.0000   0.0000   0.0000   0.0000   0.0000   0.0000 
  0.0000   0.0000   0.0000   0.0000   0.0000   0.0000   0.0000   0.0000   0.0000   0.0000 
  0.0000   0.0000   0.0000   0.0000   0.0000   0.0000   0.0000   0.0000   0.0000   0.0000 
  0.0000   0.0000   0.0000   0.0000   0.0000   0.0000   0.0000   0.0000   0.0000   0.0000 
  0.0000   0.0000   0.0000   0.0000   0.0000   0.0000   0.0000   0.0000   0.0000   0.0000 
  0.0000   0.0000   0.0000   0.0000   0.0000   0.0000   0.0000   0.0000   0.0000   0.0000 
  0.0000   0.0000   0.0000   0.0000   0.0000   0.0000   0.0000   0.0000   0.0000   0.0000 
  0.0000   0.0000   0.0000   0.0000   0.0000   0.0000   0.0000   0.0000   0.0000   0.0000 
  0.0000   0.0000   0.0000   0.0000   0.0000   0.0000   0.0000   0.0000   0.0000   0.0000 
  0.0000   0.0000   0.0000   0.0000   0.0000   0.0000   0.0000   0.0000   0.0000   0.0000 
  0.0000   0.0000   0.0000   0.0000   0.0000   0.0000   0.0000   0.0000   0.0000   0.0000 
  0.0000   0.0000   0.0000   0.0000   0.0000   0.0000   0.0000   0.0000   0.0000   0.0000 
  0.0000   0.0000   0.0000   0.0000   0.0000   0.0000   0.0000   0.0000   0.0000   0.0000 
  0.0000   0.0000   0.0000   0.0000   0.0000   0.0000   0.0000   0.0000   0.0000   0.0000 
  0.0000   0.0000   0.0000   0.0000   0.0000   0.0000   0.0000   0.0000   0.0000   0.0000 
  0.0000   0.0000   0.0000   0.0000   0.0000   0.0000   0.0000   0.0000   0.0000   0.0000 
  0.0000   0.0000   0.0000   0.0000   0.0000   0.0000   0.0000   0.0000   0.0000   0.0000 
  0.0000   0.0000   0.0000   0.0000   0.0000   0.0000   0.0000   0.0000   0.0000   0.0000 
  0.0000   0.0000   0.0000   0.0000   0.0000   0.0000   0.0000   0.0000   0.0000   0.0000 
  0.0000   0.0000   0.0000   0.0000   0.0000   0.0000   0.0000   0.0000   0.0000   0.0000 
  0.0000   0.0000   0.0000   0.0000   0.0000   0.0000   0.0000   0.0000   0.0000   0.0000 
  0.0000   0.0000   0.0000   0.0000   0.0000   0.0000   0.0000   0.0000   0.0000   0.0000 
  0.0000   0.0000   0.0000   0.0000   0.0000   0.0000   0.0000   0.0000   0.0000   0.0000 
  0.0000   0.0000   0.0000   0.0000   0.0000   0.0000   0.0000   0.0000   0.0000   0.0000 
  0.0000   0.0000   0.0000   0.0000   0.0000   0.0000   0.0000   0.0000   0.0000   0.0000 
  0.0000   0.0000   0.0000   0.0000   0.0000   0.0000   0.0000   0.0000   0.0000   0.0000 
  0.0000   0.0000   0.0000   0.0000   0.0000   0.0000   0.0000   0.0000   0.0000   0.0000 
  0.0000   0.0000   0.0000   0.0000   0.0000   0.0000   0.0000   0.0000   0.0000   0.0000 
  0.0000   0.0000   0.0000   0.0000   0.0000   0.0000   0.0000   0.0000   0.0000   0.0000 
  0.0000   0.0000   0.0000   0.0000   0.0000   0.0000   0.0000   0.0000   0.0000   0.0000 
  0.0000   0.0000   0.0000   0.0000   0.0000   0.0000   0.0000   0.0000   0.0000   0.0000 
  0.0000   0.0000   0.0000   0.0000   0.0000   0.0000   0.0000   0.0000   0.0000   0.0000 
  0.0000   0.0000   0.0000   0.0000   0.0000   0.0000   0.0000   0.0000   0.0000   0.0000 
  0.0000   0.0000   0.0000   0.0000   0.0000   0.0000   0.0000   0.0000   0.0000   0.0000 
  0.0000   0.0000   0.0000   0.0000   0.0000   0.0000   0.0000   0.0000   0.0000   0.0000 
  0.0000   0.0000   0.0000   0.0000   0.0000   0.0000   0.0000   0.0000   0.0000   0.0000 
  0.0000   0.0000   0.0000   0.0000   0.0000   0.0000   0.0000   0.0000   0.0000   0.0000 
  0.0000   0.0000   0.0000   0.0000   0.0000   0.0000   0.0000   0.0000   0.0000   0.0000 
  0.0000   0.0000   0.0000   0.0000   0.0000   0.0000   0.0000   0.0000   0.0000   0.0000 
  0.0000   0.0000   0.0000   0.0000   0.0000   0.0000   0.0000   0.0000   0.0000   0.0000 
  0.0000   0.0000   0.0000   0.0000   0.0000   0.0000   0.0000   0.0000   0.0000   0.0000 
  0.0000   0.0000   0.0000   0.0000   0.0000   0.0000   0.0000   0.0000   0.0000   0.0000 
  0.0000   0.0000   0.0000   0.0000   0.0000   0.0000   0.0000   0.0000   0.0000   0.0000 
  0.0000   0.0000   0.0000   0.0000   0.0000   0.0000   0.0000   0.0000   0.0000   0.0000 
  0.0000   0.0000   0.0000   0.0000   0.0000   0.0000   0.0000   0.0000   0.0000   0.0000 
  0.0000   0.0000   0.0000   0.0000   0.0000   0.0000   0.0000   0.0000   0.0000   0.0000 
  0.0000   0.0000   0.0000   0.0000   0.0000   0.0000   0.0000   0.0000   0.0000   0.0000 
  0.0000   0.0000   0.0000   0.0000   0.0000   0.0000   0.0000   0.0000   0.0000   0.0000 
  0.0000   0.0000   0.0000   0.0000   0.0000   0.0000   0.0000   0.0000   0.0000   0.0000 
  0.0000   0.0000   0.0000   0.0000   0.0000   0.0000   0.0000   0.0000   0.0000   0.0000 
  0.0000   0.0000   0.0000   0.0000   0.0000   0.0000   0.0000   0.0000   0.0000   0.0000 
  0.0000   0.0000   0.0000   0.0000   0.0000   0.0000   0.0000   0.0000   0.0000   0.0000 
  0.0000   0.0000   0.0000   0.0000   0.0000   0.0000   0.0000   0.0000   0.0000   0.0000 
  0.0000   0.0000   0.0000   0.0000   0.0000   0.0000   0.0000   0.0000   0.0000   0.0000 
  0.0000   0.0000   0.0000   0.0000   0.0000   0.0000   0.0000   0.0000   0.0000   0.0000 
  0.0000   0.0000   0.0000   0.0000   0.0000   0.0000   0.0000   0.0000   0.0000   0.0000 
  0.0000   0.0000   0.0000   0.0000   0.0000   0.0000   0.0000   0.0000   0.0000   0.0000 
  0.0000   0.0000   0.0000   0.0000   0.0000   0.0000   0.0000   0.0000   0.0000   0.0000 
  0.0000   0.0000   0.0000   0.0000   0.0000   0.0000   0.0000   0.0000   0.0000   0.0000 
  0.0000   0.0000   0.0000   0.0000   0.0000   0.0000   0.0000   0.0000   0.0000   0.0000 
  0.0000   0.0000   0.0000   0.0000   0.0000   0.0000   0.0000   0.0000   0.0000   0.0000 
  0.0000   0.0000   0.0000   0.0000   0.0000   0.0000   0.0000   0.0000   0.0000   0.0000 
  0.0000   0.0000   0.0000   0.0000   0.0000   0.0000   0.0000   0.0000   0.0000   0.0000 
  0.0000   0.0000   0.0000   0.0000   0.0000   0.0000   0.0000   0.0000   0.0000   0.0000 
  0.0000   0.0000   0.0000   0.0000   0.0000   0.0000   0.0000   0.0000   0.0000   0.0000 
  0.0000   0.0000   0.0000   0.0000   0.0000   0.0000   0.0000   0.0000   0.0000   0.0000 
  0.0000   0.0000   0.0000   0.0000   0.0000   0.0000   0.0000   0.0000   0.0000   0.0000 
  0.0000   0.0000   0.0000   0.0000   0.0000   0.0000   0.0000   0.0000   0.0000   0.0000 
  0.0000   0.0000   0.0000   0.0000   0.0000   0.0000   0.0000   0.0000   0.0000   0.0000 
  0.0000   0.0000   0.0000   0.0000   0.0000   0.0000   0.0000   0.0000   0.0000   0.0000 
  0.0000   0.0000   0.0000   0.0000   0.0000   0.0000   0.0000   0.0000   0.0000   0.0000 
  0.0000   0.0000   0.0000   0.0000   0.0000   0.0000   0.0000   0.0000   0.0000   0.0000 
  0.0000   0.0000   0.0000   0.0000   0.0000   0.0000   0.0000   0.0000   0.0000   0.0000 
  0.0000   0.0000   0.0000   0.0000   0.0000   0.0000   0.0000   0.0000   0.0000   0.0000 
  0.0000   0.0000   0.0000   0.0000   0.0000   0.0000   0.0000   0.0000   0.0000   0.0000 
  0.0000   0.0000   0.0000   0.0000   0.0000   0.0000   0.0000   0.0000   0.0000   0.0000 
  0.0000   0.0000   0.0000   0.0000   0.0000   0.0000   0.0000   0.0000   0.0000   0.0000 
  0.0000   0.0000   0.0000   0.0000   0.0000   0.0000   0.0000   0.0000   0.0000   0.0000 
  0.0000   0.0000   0.0000   0.0000   0.0000   0.0000   0.0000   0.0000   0.0000   0.0000 
  0.0000   0.0000   0.0000   0.0000   0.0000   0.0000   0.0000   0.0000   0.0000   0.0000 
  0.0000   0.0000   0.0000   0.0000   0.0000   0.0000   0.0000   0.0000   0.0000   0.0000 
  0.0000   0.0000   0.0000   0.0000   0.0000   0.0000   0.0000   0.0000   0.0000   0.0000 
  0.0000   0.0000   0.0000   0.0000   0.0000   0.0000   0.0000   0.0000   0.0000   0.0000 
  0.0000   0.0000   0.0000   0.0000   0.0000   0.0000   0.0000   0.0000   0.0000   0.0000 
  0.0000   0.0000   0.0000   0.0000   0.0000   0.0000   0.0000   0.0000   0.0000   0.0000 
  0.0000   0.0000   0.0000   0.0000   0.0000   0.0000   0.0000   0.0000   0.0000   0.0000 
  0.0000   0.0000   0.0000   0.0000   0.0000   0.0000   0.0000   0.0000   0.0000   0.0000 
  0.0000   0.0000   0.0000   0.0000   0.0000   0.0000   0.0000   0.0000   0.0000   0.0000 
  0.0000   0.0000   0.0000   0.0000   0.0000   0.0000   0.0000   0.0000   0.0000   0.0000 
  0.0000   0.0000   0.0000   0.0000   0.0000   0.0000   0.0000   0.0000   0.0000   0.0000 
  0.0000   0.0000   0.0000   0.0000   0.0000   0.0000   0.0000   0.0000   0.0000   0.0000 
  0.0000   0.0000   0.0000   0.0000   0.0000   0.0000   0.0000   0.0000   0.0000   0.0000 
  0.0000   0.0000   0.0000   0.0000   0.0000   0.0000   0.0000   0.0000   0.0000   0.0000 
  0.0000   0.0000   0.0000   0.0000   0.0000   0.0000   0.0000   0.0000   0.0000   0.0000 
  0.0000   0.0000   0.0000   0.0000   0.0000   0.0000   0.0000   0.0000   0.0000   0.0000 
  0.0000   0.0000   0.0000   0.0000   0.0000   0.0000   0.0000   0.0000   0.0000   0.0000 
  0.0000   0.0000   0.0000   0.0000   0.0000   0.0000   0.0000   0.0000   0.0000   0.0000 
  0.0000   0.0000   0.0000   0.0000   0.0000   0.0000   0.0000   0.0000   0.0000   0.0000 
  0.0000   0.0000   0.0000   0.0000   0.0000   0.0000   0.0000   0.0000   0.0000   0.0000 
  0.0000   0.0000   0.0000   0.0000   0.0000   0.0000   0.0000   0.0000   0.0000   0.0000 
  0.0000   0.0000   0.0000   0.0000   0.0000   0.0000   0.0000   0.0000   0.0000   0.0000 
  0.0000   0.0000   0.0000   0.0000   0.0000   0.0000   0.0000   0.0000   0.0000   0.0000 
  0.0000   0.0000   0.0000   0.0000   0.0000   0.0000   0.0000   0.0000   0.0000   0.0000 
  0.0000   0.0000   0.0000   0.0000   0.0000   0.0000   0.0000   0.0000   0.0000   0.0000 
  0.0000   0.0000   0.0000   0.0000   0.0000   0.0000   0.0000   0.0000   0.0000   0.0000 
  0.0000   0.0000   0.0000   0.0000   0.0000   0.0000   0.0000   0.0000   0.0000   0.0000 
  0.0000   0.0000   0.0000   0.0000   0.0000   0.0000   0.0000   0.0000   0.0000   0.0000 
  0.0000   0.0000   0.0000   0.0000   0.0000   0.0000   0.0000   0.0000   0.0000   0.0000 
  0.0000   0.0000   0.0000   0.0000   0.0000   0.0000   0.0000   0.0000   0.0000   0.0000 
  0.0000   0.0000   0.0000   0.0000   0.0000   0.0000   0.0000   0.0000   0.0000   0.0000 
  0.0000   0.0000   0.0000   0.0000   0.0000   0.0000   0.0000   0.0000   0.0000   0.0000 
  0.0000   0.0000   0.0000   0.0000   0.0000   0.0000   0.0000   0.0000   0.0000   0.0000 
  0.0000   0.0000   0.0000   0.0000   0.0000   0.0000   0.0000   0.0000   0.0000   0.0000 
  0.0000   0.0000   0.0000   0.0000   0.0000   0.0000   0.0000   0.0000   0.0000   0.0000 
  0.0000   0.0000   0.0000   0.0000   0.0000   0.0000   0.0000   0.0000   0.0000   0.0000 
  0.0000   0.0000   0.0000   0.0000   0.0000   0.0000   0.0000   0.0000   0.0000   0.0000 
  0.0000   0.0000   0.0000   0.0000   0.0000   0.0000   0.0000   0.0000   0.0000   0.0000 
  0.0000   0.0000   0.0000   0.0000   0.0000   0.0000   0.0000   0.0000   0.0000   0.0000 
  0.0000   0.0000   0.0000   0.0000   0.0000   0.0000   0.0000   0.0000   0.0000   0.0000 
  0.0000   0.0000   0.0000   0.0000   0.0000   0.0000   0.0000   0.0000   0.0000   0.0000 
  0.0000   0.0000   0.0000   0.0000   0.0000   0.0000   0.0000   0.0000   0.0000   0.0000 
  0.0000   0.0000   0.0000   0.0000   0.0000   0.0000   0.0000   0.0000   0.0000   0.0000 
  0.0000   0.0000   0.0000   0.0000   0.0000   0.0000   0.0000   0.0000   0.0000   0.0000 
  0.0000   0.0000   0.0000   0.0000   0.0000   0.0000   0.0000   0.0000   0.0000   0.0000 
  0.0000   0.0000   0.0000   0.0000   0.0000   0.0000   0.0000   0.0000   0.0000   0.0000 
  0.0000   0.0000   0.0000   0.0000   0.0000   0.0000   0.0000   0.0000   0.0000   0.0000 
  0.0000   0.0000   0.0000   0.0000   0.0000   0.0000   0.0000   0.0000   0.0000   0.0000 
  0.0000   0.0000   0.0000   0.0000   0.0000   0.0000   0.0000   0.0000   0.0000   0.0000 
  0.0000   0.0000   0.0000   0.0000   0.0000   0.0000   0.0000   0.0000   0.0000   0.0000 
  0.0000   0.0000   0.0000   0.0000   0.0000   0.0000   0.0000   0.0000   0.0000   0.0000 
  0.0000   0.0000   0.0000   0.0000   0.0000   0.0000   0.0000   0.0000   0.0000   0.0000 
  0.0000   0.0000   0.0000   0.0000   0.0000   0.0000   0.0000   0.0000   0.0000   0.0000 
  0.0000   0.0000   0.0000   0.0000   0.0000   0.0000   0.0000   0.0000   0.0000   0.0000 
  0.0000   0.0000   0.0000   0.0000   0.0000   0.0000   0.0000   0.0000   0.0000   0.0000 
  0.0000   0.0000   0.0000   0.0000   0.0000   0.0000   0.0000   0.0000   0.0000   0.0000 
  0.0000   0.0000   0.0000   0.0000   0.0000   0.0000   0.0000   0.0000   0.0000   0.0000 
  0.0000   0.0000   0.0000   0.0000   0.0000   0.0000   0.0000   0.0000   0.0000   0.0000 
  0.0000   0.0000   0.0000   0.0000   0.0000   0.0000   0.0000   0.0000   0.0000   0.0000 
  0.0000   0.0000   0.0000   0.0000   0.0000   0.0000   0.0000   0.0000   0.0000   0.0000 
  0.0000   0.0000   0.0000   0.0000   0.0000   0.0000   0.0000   0.0000   0.0000   0.0000 
  0.0000   0.0000   0.0000   0.0000   0.0000   0.0000   0.0000   0.0000   0.0000   0.0000 
  0.0000   0.0000   0.0000   0.0000   0.0000   0.0000   0.0000   0.0000   0.0000   0.0000 
  0.0000   0.0000   0.0000   0.0000   0.0000   0.0000   0.0000   0.0000   0.0000   0.0000 
  0.0000   0.0000   0.0000   0.0000   0.0000   0.0000   0.0000   0.0000   0.0000   0.0000 
  0.0000   0.0000   0.0000   0.0000   0.0000   0.0000   0.0000   0.0000   0.0000   0.0000 
  0.0000   0.0000   0.0000   0.0000   0.0000   0.0000   0.0000   0.0000   0.0000   0.0000 
  0.0000   0.0000   0.0000   0.0000   0.0000   0.0000   0.0000   0.0000   0.0000   0.0000 
  0.0000   0.0000   0.0000   0.0000   0.0000   0.0000   0.0000   0.0000   0.0000   0.0000 
  0.0000   0.0000   0.0000   0.0000   0.0000   0.0000   0.0000   0.0000   0.0000   0.0000 
  0.0000   0.0000   0.0000   0.0000   0.0000   0.0000   0.0000   0.0000   0.0000   0.0000 
  0.0000   0.0000   0.0000   0.0000   0.0000   0.0000   0.0000   0.0000   0.0000   0.0000 
  0.0000   0.0000   0.0000   0.0000   0.0000   0.0000   0.0000   0.0000   0.0000   0.0000 
  0.0000   0.0000   0.0000   0.0000   0.0000   0.0000   0.0000   0.0000   0.0000   0.0000 
  0.0000   0.0000   0.0000   0.0000   0.0000   0.0000   0.0000   0.0000   0.0000   0.0000 
  0.0000   0.0000   0.0000   0.0000   0.0000   0.0000   0.0000   0.0000   0.0000   0.0000 
  0.0000   0.0000   0.0000   0.0000   0.0000   0.0000   0.0000   0.0000   0.0000   0.0000 
  0.0000   0.0000   0.0000   0.0000   0.0000   0.0000   0.0000   0.0000   0.0000   0.0000 
  0.0000   0.0000   0.0000   0.0000   0.0000   0.0000   0.0000   0.0000   0.0000   0.0000 
  0.0000   0.0000   0.0000   0.0000   0.0000   0.0000   0.0000   0.0000   0.0000   0.0000 
  0.0000   0.0000   0.0000   0.0000   0.0000   0.0000   0.0000   0.0000   0.0000   0.0000 
  0.0000   0.0000   0.0000   0.0000   0.0000   0.0000   0.0000   0.0000   0.0000   0.0000 
  0.0000   0.0000   0.0000   0.0000   0.0000   0.0000   0.0000   0.0000   0.0000   0.0000 
  0.0000   0.0000   0.0000   0.0000   0.0000   0.0000   0.0000   0.0000   0.0000   0.0000 
  0.0000   0.0000   0.0000   0.0000   0.0000   0.0000   0.0000   0.0000   0.0000   0.0000 
  0.0000   0.0000   0.0000   0.0000   0.0000   0.0000   0.0000   0.0000   0.0000   0.0000 
  0.0000   0.0000   0.0000   0.0000   0.0000   0.0000   0.0000   0.0000   0.0000   0.0000 
  0.0000   0.0000   0.0000   0.0000   0.0000   0.0000   0.0000   0.0000   0.0000   0.0000 
  0.0000   0.0000   0.0000   0.0000   0.0000   0.0000   0.0000   0.0000   0.0000   0.0000 
  0.0000   0.0000   0.0000   0.0000   0.0000   0.0000   0.0000   0.0000   0.0000   0.0000 
  0.0000   0.0000   0.0000   0.0000   0.0000   0.0000   0.0000   0.0000   0.0000   0.0000 
  0.0000   0.0000   0.0000   0.0000   0.0000   0.0000   0.0000   0.0000   0.0000   0.0000 
  0.0000   0.0000   0.0000   0.0000   0.0000   0.0000   0.0000   0.0000   0.0000   0.0000 
  0.0000   0.0000   0.0000   0.0000   0.0000   0.0000   0.0000   0.0000   0.0000   0.0000 
  0.0000   0.0000   0.0000   0.0000   0.0000   0.0000   0.0000   0.0000   0.0000   0.0000 
  0.0000   0.0000   0.0000   0.0000   0.0000   0.0000   0.0000   0.0000   0.0000   0.0000 
  0.0000   0.0000   0.0000   0.0000   0.0000   0.0000   0.0000   0.0000   0.0000   0.0000 
  0.0000   0.0000   0.0000   0.0000   0.0000   0.0000   0.0000   0.0000   0.0000   0.0000 
  0.0000   0.0000   0.0000   0.0000   0.0000   0.0000   0.0000   0.0000   0.0000   0.0000 
  0.0000   0.0000   0.0000   0.0000   0.0000   0.0000   0.0000   0.0000   0.0000   0.0000 
  0.0000   0.0000   0.0000   0.0000   0.0000   0.0000   0.0000   0.0000   0.0000   0.0000 
  0.0000   0.0000   0.0000   0.0000   0.0000   0.0000   0.0000   0.0000   0.0000   0.0000 
  0.0000   0.0000   0.0000   0.0000   0.0000   0.0000   0.0000   0.0000   0.0000   0.0000 
  0.0000   0.0000   0.0000   0.0000   0.0000   0.0000   0.0000   0.0000   0.0000   0.0000 
  0.0000   0.0000   0.0000   0.0000   0.0000   0.0000   0.0000   0.0000   0.0000   0.0000 
  0.0000   0.0000   0.0000   0.0000   0.0000   0.0000   0.0000   0.0000   0.0000   0.0000 
  0.0000   0.0000   0.0000   0.0000   0.0000   0.0000   0.0000   0.0000   0.0000   0.0000 
  0.0000   0.0000   0.0000   0.0000   0.0000   0.0000   0.0000   0.0000   0.0000   0.0000 
  0.0000   0.0000   0.0000   0.0000   0.0000   0.0000   0.0000   0.0000   0.0000   0.0000 
  0.0000   0.0000   0.0000   0.0000   0.0000   0.0000   0.0000   0.0000   0.0000   0.0000 
  0.0000   0.0000   0.0000   0.0000   0.0000   0.0000   0.0000   0.0000   0.0000   0.0000 
  0.0000   0.0000   0.0000   0.0000   0.0000   0.0000   0.0000   0.0000   0.0000   0.0000 
  0.0000   0.0000   0.0000   0.0000   0.0000   0.0000   0.0000   0.0000   0.0000   0.0000 
  0.0000   0.0000   0.0000   0.0000   0.0000   0.0000   0.0000   0.0000   0.0000   0.0000 
  0.0000   0.0000   0.0000   0.0000   0.0000   0.0000   0.0000   0.0000   0.0000   0.0000 
  0.0000   0.0000   0.0000   0.0000   0.0000   0.0000   0.0000   0.0000   0.0000   0.0000 
  0.0000   0.0000   0.0000   0.0000   0.0000   0.0000   0.0000   0.0000   0.0000   0.0000 
  0.0000   0.0000   0.0000   0.0000   0.0000   0.0000   0.0000   0.0000   0.0000   0.0000 
  0.0000   0.0000   0.0000   0.0000   0.0000   0.0000   0.0000   0.0000   0.0000   0.0000 
  0.0000   0.0000   0.0000   0.0000   0.0000   0.0000   0.0000   0.0000   0.0000   0.0000 
  0.0000   0.0000   0.0000   0.0000   0.0000   0.0000   0.0000   0.0000   0.0000   0.0000 
  0.0000   0.0000   0.0000   0.0000   0.0000   0.0000   0.0000   0.0000   0.0000   0.0000 
  0.0000   0.0000   0.0000   0.0000   0.0000   0.0000   0.0000   0.0000   0.0000   0.0000 
  0.0000   0.0000   0.0000   0.0000   0.0000   0.0000   0.0000   0.0000   0.0000   0.0000 
  0.0000   0.0000   0.0000   0.0000   0.0000   0.0000   0.0000   0.0000   0.0000   0.0000 
  0.0000   0.0000   0.0000   0.0000   0.0000   0.0000   0.0000   0.0000   0.0000   0.0000 
  0.0000   0.0000   0.0000   0.0000   0.0000   0.0000   0.0000   0.0000   0.0000   0.0000 
  0.0000   0.0000   0.0000   0.0000   0.0000   0.0000   0.0000   0.0000   0.0000   0.0000 
  0.0000   0.0000   0.0000   0.0000   0.0000   0.0000   0.0000   0.0000   0.0000   0.0000 
  0.0000   0.0000   0.0000   0.0000   0.0000   0.0000   0.0000   0.0000   0.0000   0.0000 
  0.0000   0.0000   0.0000   0.0000   0.0000   0.0000   0.0000   0.0000   0.0000   0.0000 
  0.0000   0.0000   0.0000   0.0000   0.0000   0.0000   0.0000   0.0000   0.0000   0.0000 
  0.0000   0.0000   0.0000   0.0000   0.0000   0.0000   0.0000   0.0000   0.0000   0.0000 
  0.0000   0.0000   0.0000   0.0000   0.0000   0.0000   0.0000   0.0000   0.0000   0.0000 
  0.0000   0.0000   0.0000   0.0000   0.0000   0.0000   0.0000   0.0000   0.0000   0.0000 
  0.0000   0.0000   0.0000   0.0000   0.0000   0.0000   0.0000   0.0000   0.0000   0.0000 
  0.0000   0.0000   0.0000   0.0000   0.0000   0.0000   0.0000   0.0000   0.0000   0.0000 
  0.0000   0.0000   0.0000   0.0000   0.0000   0.0000   0.0000   0.0000   0.0000   0.0000 
  0.0000   0.0000   0.0000   0.0000   0.0000   0.0000   0.0000   0.0000   0.0000   0.0000 
  0.0000   0.0000   0.0000   0.0000   0.0000   0.0000   0.0000   0.0000   0.0000   0.0000 
  0.0000   0.0000   0.0000   0.0000   0.0000   0.0000   0.0000   0.0000   0.0000   0.0000 
  0.0000   0.0000   0.0000   0.0000   0.0000   0.0000   0.0000   0.0000   0.0000   0.0000 
  0.0000   0.0000   0.0000   0.0000   0.0000   0.0000   0.0000   0.0000   0.0000   0.0000 
  0.0000   0.0000   0.0000   0.0000   0.0000   0.0000   0.0000   0.0000   0.0000   0.0000 
  0.0000   0.0000   0.0000   0.0000   0.0000   0.0000   0.0000   0.0000   0.0000   0.0000 
  0.0000   0.0000   0.0000   0.0000   0.0000   0.0000   0.0000   0.0000   0.0000   0.0000 
  0.0000   0.0000   0.0000   0.0000   0.0000   0.0000   0.0000   0.0000   0.0000   0.0000 
  0.0000   0.0000   0.0000   0.0000   0.0000   0.0000   0.0000   0.0000   0.0000   0.0000 
  0.0000   0.0000   0.0000   0.0000   0.0000   0.0000   0.0000   0.0000   0.0000   0.0000 
  0.0000   0.0000   0.0000   0.0000   0.0000   0.0000   0.0000   0.0000   0.0000   0.0000 
  0.0000   0.0000   0.0000   0.0000   0.0000   0.0000   0.0000   0.0000   0.0000   0.0000 
  0.0000   0.0000   0.0000   0.0000   0.0000   0.0000   0.0000   0.0000   0.0000   0.0000 
  0.0000   0.0000   0.0000   0.0000   0.0000   0.0000   0.0000   0.0000   0.0000   0.0000 
  0.0000   0.0000   0.0000   0.0000   0.0000   0.0000   0.0000   0.0000   0.0000   0.0000 
  0.0000   0.0000   0.0000   0.0000   0.0000   0.0000   0.0000   0.0000   0.0000   0.0000 
  0.0000   0.0000   0.0000   0.0000   0.0000   0.0000   0.0000   0.0000   0.0000   0.0000 
  0.0000   0.0000   0.0000   0.0000   0.0000   0.0000   0.0000   0.0000   0.0000   0.0000 
  0.0000   0.0000   0.0000   0.0000   0.0000   0.0000   0.0000   0.0000   0.0000   0.0000 
  0.0000   0.0000   0.0000   0.0000   0.0000   0.0000   0.0000   0.0000   0.0000   0.0000 
  0.0000   0.0000   0.0000   0.0000   0.0000   0.0000   0.0000   0.0000   0.0000   0.0000 
  0.0000   0.0000   0.0000   0.0000   0.0000   0.0000   0.0000   0.0000   0.0000   0.0000 
  0.0000   0.0000   0.0000   0.0000   0.0000   0.0000   0.0000   0.0000   0.0000   0.0000 
  0.0000   0.0000   0.0000   0.0000   0.0000   0.0000   0.0000   0.0000   0.0000   0.0000 
  0.0000   0.0000   0.0000   0.0000   0.0000   0.0000   0.0000   0.0000   0.0000   0.0000 
  0.0000   0.0000   0.0000   0.0000   0.0000   0.0000   0.0000   0.0000   0.0000   0.0000 
  0.0000   0.0000   0.0000   0.0000   0.0000   0.0000   0.0000   0.0000   0.0000   0.0000 
  0.0000   0.0000   0.0000   0.0000   0.0000   0.0000   0.0000   0.0000   0.0000   0.0000 
  0.0000   0.0000   0.0000   0.0000   0.0000   0.0000   0.0000   0.0000   0.0000   0.0000 
  0.0000   0.0000   0.0000   0.0000   0.0000   0.0000   0.0000   0.0000   0.0000   0.0000 
  0.0000   0.0000   0.0000   0.0000   0.0000   0.0000   0.0000   0.0000   0.0000   0.0000 
  0.0000   0.0000   0.0000   0.0000   0.0000   0.0000   0.0000   0.0000   0.0000   0.0000 
  0.0000   0.0000   0.0000   0.0000   0.0000   0.0000   0.0000   0.0000   0.0000   0.0000 
  0.0000   0.0000   0.0000   0.0000   0.0000   0.0000   0.0000   0.0000   0.0000   0.0000 
  0.0000   0.0000   0.0000   0.0000   0.0000   0.0000   0.0000   0.0000   0.0000   0.0000 
  0.0000   0.0000   0.0000   0.0000   0.0000   0.0000   0.0000   0.0000   0.0000   0.0000 
  0.0000   0.0000   0.0000   0.0000   0.0000   0.0000   0.0000   0.0000   0.0000   0.0000 
  0.0000   0.0000   0.0000   0.0000   0.0000   0.0000   0.0000   0.0000   0.0000   0.0000 
  0.0000   0.0000   0.0000   0.0000   0.0000   0.0000   0.0000   0.0000   0.0000   0.0000 
  0.0000   0.0000   0.0000   0.0000   0.0000   0.0000   0.0000   0.0000   0.0000   0.0000 
  0.0000   0.0000   0.0000   0.0000   0.0000   0.0000   0.0000   0.0000   0.0000   0.0000 
  0.0000   0.0000   0.0000   0.0000   0.0000   0.0000   0.0000   0.0000   0.0000   0.0000 
  0.0000   0.0000   0.0000   0.0000   0.0000   0.0000   0.0000   0.0000   0.0000   0.0000 
  0.0000   0.0000   0.0000   0.0000   0.0000   0.0000   0.0000   0.0000   0.0000   0.0000 
  0.0000   0.0000   0.0000   0.0000   0.0000   0.0000   0.0000   0.0000   0.0000   0.0000 
  0.0000   0.0000   0.0000   0.0000   0.0000   0.0000   0.0000   0.0000   0.0000   0.0000 
  0.0000   0.0000   0.0000   0.0000   0.0000   0.0000   0.0000   0.0000   0.0000   0.0000 
  0.0000   0.0000   0.0000   0.0000   0.0000   0.0000   0.0000   0.0000   0.0000   0.0000 
  0.0000   0.0000   0.0000   0.0000   0.0000   0.0000   0.0000   0.0000   0.0000   0.0000 
  0.0000   0.0000   0.0000   0.0000   0.0000   0.0000   0.0000   0.0000   0.0000   0.0000 
  0.0000   0.0000   0.0000   0.0000   0.0000   0.0000   0.0000   0.0000   0.0000   0.0000 
  0.0000   0.0000   0.0000   0.0000   0.0000   0.0000   0.0000   0.0000   0.0000   0.0000 
  0.0000   0.0000   0.0000   0.0000   0.0000   0.0000   0.0000   0.0000   0.0000   0.0000 
  0.0000   0.0000   0.0000   0.0000   0.0000   0.0000   0.0000   0.0000   0.0000   0.0000 
  0.0000   0.0000   0.0000   0.0000   0.0000   0.0000   0.0000   0.0000   0.0000   0.0000 
  0.0000   0.0000   0.0000   0.0000   0.0000   0.0000   0.0000   0.0000   0.0000   0.0000 
  0.0000   0.0000   0.0000   0.0000   0.0000   0.0000   0.0000   0.0000   0.0000   0.0000 
  0.0000   0.0000   0.0000   0.0000   0.0000   0.0000   0.0000   0.0000   0.0000   0.0000 
  0.0000   0.0000   0.0000   0.0000   0.0000   0.0000   0.0000   0.0000   0.0000   0.0000 
  0.0000   0.0000   0.0000   0.0000   0.0000   0.0000   0.0000   0.0000   0.0000   0.0000 
  0.0000   0.0000   0.0000   0.0000   0.0000   0.0000   0.0000   0.0000   0.0000   0.0000 
  0.0000   0.0000   0.0000   0.0000   0.0000   0.0000   0.0000   0.0000   0.0000   0.0000 
  0.0000   0.0000   0.0000   0.0000   0.0000   0.0000   0.0000   0.0000   0.0000   0.0000 
  0.0000   0.0000   0.0000   0.0000   0.0000   0.0000   0.0000   0.0000   0.0000   0.0000 
  0.0000   0.0000   0.0000   0.0000   0.0000   0.0000   0.0000   0.0000   0.0000   0.0000 
  0.0000   0.0000   0.0000   0.0000   0.0000   0.0000   0.0000   0.0000   0.0000   0.0000 
  0.0000   0.0000   0.0000   0.0000   0.0000   0.0000   0.0000   0.0000   0.0000   0.0000 
  0.0000   0.0000   0.0000   0.0000   0.0000   0.0000   0.0000   0.0000   0.0000   0.0000 
  0.0000   0.0000   0.0000   0.0000   0.0000   0.0000   0.0000   0.0000   0.0000   0.0000 
  0.0000   0.0000   0.0000   0.0000   0.0000   0.0000   0.0000   0.0000   0.0000   0.0000 
  0.0000   0.0000   0.0000   0.0000   0.0000   0.0000   0.0000   0.0000   0.0000   0.0000 
  0.0000   0.0000   0.0000   0.0000   0.0000   0.0000   0.0000   0.0000   0.0000   0.0000 
  0.0000   0.0000   0.0000   0.0000   0.0000   0.0000   0.0000   0.0000   0.0000   0.0000 
  0.0000   0.0000   0.0000   0.0000   0.0000   0.0000   0.0000   0.0000   0.0000   0.0000 
  0.0000   0.0000   0.0000   0.0000   0.0000   0.0000   0.0000   0.0000   0.0000   0.0000 
  0.0000   0.0000   0.0000   0.0000   0.0000   0.0000   0.0000   0.0000   0.0000   0.0000 
  0.0000   0.0000   0.0000   0.0000   0.0000   0.0000   0.0000   0.0000   0.0000   0.0000 
  0.0000   0.0000   0.0000   0.0000   0.0000   0.0000   0.0000   0.0000   0.0000   0.0000 
  0.0000   0.0000   0.0000   0.0000   0.0000   0.0000   0.0000   0.0000   0.0000   0.0000 
  0.0000   0.0000   0.0000   0.0000   0.0000   0.0000   0.0000   0.0000   0.0000   0.0000 
  0.0000   0.0000   0.0000   0.0000   0.0000   0.0000   0.0000   0.0000   0.0000   0.0000 
  0.0000   0.0000   0.0000   0.0000   0.0000   0.0000   0.0000   0.0000   0.0000   0.0000 
