x-axis acceleration data

  0.3813  -0.1567  -0.8950  -0.4307  -0.8159  -0.7119   1.2554   0.4756   1.3906   0.4717 
  0.3408  -0.2007  -0.9048  -0.6201  -0.2041  -0.5400   0.7900   0.5752   1.0039   0.5127 
  0.3027  -0.2954  -0.4619  -0.6680   0.1978  -1.0342   0.5776   0.3740   0.4492   0.2051 
  0.3281  -0.3955   0.2021  -0.6157   0.8369  -0.8906   0.2871  -0.2202   0.3984   0.0986 
  0.3413  -0.4565   0.8696  -0.4951   1.4609  -0.8516   0.2432   0.3867  -0.0503   0.4380 
  0.3228  -0.5146   1.8691  -0.6602   1.3203  -0.8594  -0.9614   0.3838  -0.2612   0.5220 
  0.2983  -0.5171   1.4463  -0.7046   1.1904  -0.0493  -0.6636   0.1265  -0.3223   0.2295 
  0.3193  -0.2290   1.0068  -0.1084   1.4326   0.4741  -0.5586   0.1304  -0.4854   0.3354 
  0.3608   0.3501   1.2334   0.7617   2.2510   0.9507  -1.2622   0.2944  -0.6040   0.1343 
  0.3296   1.1431   2.2505   1.2920   2.4282   2.2676  -0.5571   0.1768  -0.5244   0.1304 
  0.2515   1.9692   2.3208   2.1914   1.7241   1.4150  -0.5078   0.2153  -0.4019   0.3022 
  0.2935   1.2285   1.8462   1.0640   1.4097   1.6157  -1.1514   0.0635  -0.4136   0.3936 
  0.2583   0.3130   1.5210   0.1938   1.2930   1.3306  -0.6699  -0.0415  -0.1250   0.3213 
  0.1367   1.1162   1.3945   1.2231   1.3184   3.1494  -0.6870   0.1689  -0.4097   0.2988 
  0.0640   1.6260   1.5532   2.3389   1.4146   2.1172  -0.4834   0.0713  -0.4780   0.4473 
  0.0869   1.7139   1.8354   2.3647   1.4663   1.6841   0.4961  -0.1411   0.4395   0.0635 
  0.1406   1.5771   1.7681   2.2065   1.5210   1.1519   1.4922   0.0576   1.3936   0.1992 
  0.1763   1.4702   1.4946   1.8359   1.6904   1.4937   2.0820  -0.1035   1.8857   0.1133 
  0.2144   1.3774   1.7388   1.4780   1.6299   1.7363   1.1675  -0.2686   1.1538   0.2534 
  0.3032   1.3799   0.9805   1.6348   0.8809   1.9238   0.6812  -0.2739   0.7109   0.1235 
  0.3291   1.4233   0.4810   1.9521   0.7051   1.9614   1.0283  -0.1323   1.3560   0.0991 
  0.3423   1.5571   0.0576   1.9722   0.7065   1.3955   2.6782  -0.1411   2.3643  -0.0186 
  0.3799   1.6582  -0.2925   1.8545   0.7407   1.0220   2.3091  -0.2778   1.7813  -0.0171 
  0.3364   1.8193   0.1563   1.8672  -0.9741   0.8994   1.9331  -0.1978   1.8931   0.0503 
  0.3896   2.2793  -0.1016   1.5688  -0.7949   0.3750   1.4370  -0.1567   1.6211   0.1050 
  0.4536   1.9385  -0.7256   0.7148  -0.0215   0.6411   1.3594  -0.1553   1.4575   0.0576 
  0.5566   1.3706  -0.7080   0.9053  -0.3335  -0.8408   1.4780  -0.2104   1.3823  -0.1587 
  0.5698   0.7305  -0.3491  -0.0103  -0.4058  -0.7886   1.5405  -0.2568   1.6782  -0.1963 
  0.5757   0.3555  -1.1045  -0.4561  -0.7925  -0.6899   1.6157  -0.1382   1.7754  -0.1489 
  0.7417   0.2026  -0.7314  -0.3540  -0.6636  -0.8008   1.9243  -0.1855   1.5991  -0.2642 
  0.7061  -0.0054  -0.6714  -0.6738  -0.5078  -0.0864   1.9058  -0.2598   1.6167  -0.3438 
  0.5825   0.2153  -0.8438  -0.8994  -0.8140  -1.0137   1.3262  -0.3589   0.8755  -0.2983 
  0.4199  -0.2310   0.0664  -0.6602  -0.8335  -1.3633   0.9497  -0.3452   1.5278  -0.3354 
  0.2983  -0.7446   1.0537  -0.1641   0.1050  -0.6470   0.5928  -0.3774   0.6328  -0.3823 
  0.2056  -0.5586   2.2783  -0.7969   1.0586   0.2891   0.7891  -0.4526  -0.2051  -0.3647 
  0.3340  -0.7007   2.3364  -1.1904   1.9668   0.4346  -0.2446  -0.5264  -0.4521  -0.3247 
  0.3647  -0.6006   0.9150  -0.7935   2.3003   1.3892  -1.0381  -0.5620  -0.1953  -0.4346 
  0.3623  -0.3960   0.6831  -0.5278   1.5928   1.7964  -0.2129  -0.6147   0.4116  -0.5635 
  0.1807  -0.9106   2.2251   0.1611   1.3286   1.1133  -0.0562  -0.5972   0.4111  -0.5781 
  0.1040  -0.8462   1.8481   0.7168   1.6338   0.6885  -0.6372  -0.4253   0.2637  -0.5049 
  0.3979  -0.0791   1.7349   1.2612   2.3911   1.4561  -0.5835  -0.3901   0.3384  -0.6675 
  0.3809   0.3657   2.1074   2.0254   1.6421   2.2832  -0.7217  -0.3970   0.3936  -0.7998 
  0.5332   1.0073   1.8130   0.4844   1.8481   2.2930  -1.0352  -0.5117   0.3413  -0.8442 
  0.5430   1.4663   1.7002   0.6152   1.6411   2.2637  -0.7080  -0.3208   0.4600  -0.4766 
  0.3022   0.7754   1.8599   1.4019   1.5879   1.5972  -0.4722  -0.4272   0.7158  -1.0483 
 -0.0044   0.8970   1.7661   2.5083   1.7764   1.4976  -0.5898  -0.6406   0.6543  -0.2539 
 -0.1382   1.7935   1.9268   2.3413   1.7871   1.7148   0.1846  -0.6509   0.5518  -0.5054 
 -0.4756   2.4829   1.2593   2.1309   1.6143   1.7021   1.4751  -0.6719   0.4629  -0.4810 
 -0.1440   2.3716   0.7969   1.4229   1.2876   1.5977   2.5498  -0.8765   0.5327  -0.6860 
 -0.3237   1.9624   0.1084   1.4497   1.0098   1.3877   1.9028  -1.1245   0.4292  -0.6968 
 -0.5171   1.3682  -0.1689   1.8018   0.5581   1.1821   1.2637  -1.2314   0.5601  -0.7495 
 -0.4990   1.2964  -0.3267   2.3369   0.0923   0.9478   1.1250  -1.3418   0.5767  -0.7959 
 -0.4897   1.5542  -0.4180   1.9067   0.0361   0.6055   2.2485  -1.8164   0.5303  -0.9102 
 -0.5923   1.8208   0.1851   1.5581  -0.1206  -0.0215   1.9688  -2.2627   0.3359  -1.0796 
 -0.6753   1.8838   0.1738   1.4941   0.1074  -0.1641   1.7231  -2.5264   0.3271  -1.1582 
 -0.3447   1.9023  -0.0557   0.7080   0.2603   0.1567   1.6563  -2.8350   0.4224  -1.4077 
  0.5425   1.8325   0.0630   0.4775   0.2046   0.3486   1.4785  -3.1479   0.3818  -1.8423 
  1.6162   0.8511   0.3354  -0.0146   0.3467   0.2842   1.5093  -2.0186   0.1348  -2.2881 
  1.8359   0.3315   0.6685  -0.5776   0.3330   0.1313   1.7163  -0.0835   0.3589  -2.5884 
  1.7490  -0.0723   0.8789  -0.4097   0.2725   0.2192   1.9858   1.2676   0.4302  -2.7422 
  1.2710   0.1895   0.5928  -0.5112   0.4648   0.4380   1.7334   1.4741   0.0137  -3.0698 
  1.2407   0.4136   0.9297  -0.8149   0.7852   0.5625   1.4116   1.6665   0.0493  -2.0225 
  2.1411  -0.9858   0.7280  -0.4526   0.3862   0.3579   1.2002   2.8418   0.2729  -0.1885 
  2.3540  -2.0503   0.6870  -0.5830   0.5142   0.4219   0.1719   1.0396   0.1899   0.7725 
  1.7729  -0.6299   0.8906  -0.5542   0.5830   0.5620  -0.3530   0.2236  -0.0015   1.3496 
  1.4521  -0.1895   0.6201  -0.4082   0.3994   0.5732  -0.1680  -0.4761  -0.0024   1.4570 
  1.2891  -1.0083   0.5674  -0.5938   0.3950   0.5264   0.3125  -1.4229  -0.0386   3.4053 
  1.2549  -1.2197   0.4092  -0.2168   0.3828   0.4336   0.3584  -1.2344  -0.0308   1.0288 
  1.3960  -0.9629   0.3999   0.3296   0.3652   0.4600   0.1143  -1.0962  -0.0845   0.4946 
  1.3853  -0.2007   0.4409   1.0933   0.3491   0.5264   0.0439  -1.1006  -0.1787  -0.0898 
  1.5195   1.0723   0.7974   1.7837   0.2129   0.2368   0.3398  -0.7534  -0.1675  -0.9038 
  2.0112   1.6465  -0.0581   1.3125   0.2368   0.2832   0.6274  -1.0215  -0.1821  -0.9780 
  1.8457   2.2231   0.2393   0.3027   0.3286   0.3599   0.5845  -1.0928  -0.3281  -1.1035 
  1.5190   1.4927   0.6323   0.8560   0.0601   0.3535   0.8105  -0.9917  -0.3647  -1.3730 
  1.4624   1.7539   0.2095   2.4634   0.3828   0.3032   0.8506  -1.0405  -0.3711  -0.8857 
  1.0654   2.4790  -0.1030   1.7871   0.4219   0.2251   0.5146  -1.0396  -0.3687  -0.9917 
  0.6372   2.3276   0.1201   1.5601   0.0479   0.1460   0.4365  -0.9673  -0.4224  -1.1509 
  0.3760   1.7549   0.1948   1.9087  -0.0225   0.1499   0.4209  -0.8560  -0.4966  -1.0674 
  0.0977   1.7251   0.2354   1.9414   0.1772   0.2603   0.4995  -0.8447  -0.5146  -1.0259 
  0.0679   1.4575  -0.2065   1.8198   0.1133   0.1455   0.5308  -0.8442  -0.5391  -1.0347 
 -0.3145   1.7305  -0.2500   1.7993   0.1338  -0.0747   0.3701  -0.8618  -0.6553  -0.9727 
 -0.5386   1.8125  -0.1079   1.5142  -0.0342  -0.1265   0.4771  -0.8042  -0.5557  -0.9434 
 -0.5269   1.8257   0.0171   1.3247  -0.1885   0.1563   0.5293  -0.8442  -0.4053  -0.8394 
 -0.3857   1.5439  -0.0195   1.1348  -0.1611  -0.1104   0.3765  -0.9321  -0.8745  -0.7651 
 -0.6514   0.9443  -0.1182   0.9316  -0.1953  -0.0757   0.4189  -0.9634  -0.7954  -0.7783 
 -0.8848   0.9780  -0.1890   0.7163  -0.3032   0.0088   0.2607  -0.9136  -0.6641  -0.8730 
 -0.8687   0.4058  -0.1475   1.0527  -0.3110  -0.1641   0.2080  -0.8940  -0.5879  -0.8994 
 -0.7144  -0.1699  -0.1406  -0.1992  -0.3838  -0.3076   0.2598  -0.9648  -0.7051  -0.8896 
 -0.2139  -0.1392  -0.2095  -0.4619  -0.4194  -0.2910   0.1045  -0.9785  -0.7119  -0.8921 
  0.5166   0.0024  -0.2925   0.2495  -0.3770  -0.2290   0.2007  -0.8862  -0.5352  -0.9858 
  1.2295   0.2485  -0.3535   0.1221  -0.4644  -0.3423   0.2373  -0.8447  -0.6982  -0.9814 
  2.2314   0.0894  -0.3105  -0.0576  -0.5737  -0.4902   0.3052  -0.8657  -0.9814  -0.9282 
  1.1919  -0.1777  -0.4287   0.0542  -0.5898  -0.4775   0.1050  -0.8896  -0.9912  -0.8926 
  0.8208   0.1665  -0.5054   0.1548  -0.5986  -0.4424   0.0566  -0.8848  -1.1021  -0.9194 
  0.9619   0.4746  -0.4531   0.0156  -0.6421  -0.4658   0.0420  -0.8696  -1.3823  -0.8911 
  2.0713   0.4858  -0.4922   0.2021  -0.7485  -0.6064   0.0630  -0.8477  -1.5303  -0.8936 
  2.1885   0.3687  -0.4966   0.6245  -0.7930  -0.6758  -0.0552  -0.8755  -1.7329  -0.8740 
  2.0298   0.2988  -0.4707   0.8232  -0.7129  -0.6089  -0.2324  -0.8813  -2.3877  -0.9160 
  1.7271   0.5737  -0.5132   0.0894  -0.6567  -0.6216  -0.2319  -0.9131  -2.7495  -0.8735 
  1.4463   0.7334  -0.3843  -0.2856  -0.6523  -0.6812  -0.2505  -0.8584  -2.8584  -0.8550 
  1.3999   0.4790  -0.2593   0.6123  -0.7319  -0.6851  -0.3887  -0.8350  -2.7480  -0.8535 
  1.5122   0.5249  -0.2412   0.2236  -0.6792  -0.6143  -0.3906  -0.8672  -1.9731  -0.9097 
  1.6592   0.6401  -0.4556  -0.0674  -0.5586  -0.5371  -0.4229  -0.8936  -0.4976  -0.9102 
  1.7065   0.6040  -0.4043   0.1240  -0.7261  -0.5283  -0.5313  -0.8745   1.2349  -0.8691 
  2.0542   0.2495  -0.5513   0.4043  -0.8184  -0.5659  -0.6289  -0.8506   1.5352  -0.8828 
  1.7900   0.1416  -0.6113   0.3823  -0.7554  -0.6924  -0.5801  -0.8550   1.1860  -0.8984 
  1.4736   0.1675  -0.6064   0.2026  -0.9243  -0.8032  -0.6226  -0.8760   3.1123  -0.8853 
  1.4844   0.1201  -1.0308   0.1162  -1.2129  -0.7593  -0.7310  -0.8799   1.4448  -0.8647 
  0.4434   0.0645  -1.1914  -0.0430  -1.3594  -0.9038  -0.7959  -0.8335   1.1563  -0.8472 
 -0.4263   0.0127  -1.5513   0.1577  -1.6416  -1.0767  -0.6753  -0.8164   0.0264  -0.8130 
 -0.4688   0.0557  -2.2173   0.2632  -2.3047  -1.2666  -0.6914  -0.8169  -1.0127  -0.7573 
 -0.6348  -0.0244  -2.4834   0.1641  -2.7656  -1.7007  -0.6787  -0.8525  -1.1997  -0.7427 
 -0.5850  -0.1074  -2.6094  -0.0005  -2.8281  -2.1846  -0.7080  -0.8579  -1.0835  -0.7588 
 -0.4194  -0.1436  -2.7939  -0.4834  -2.5771  -2.4946  -0.6143  -0.8452  -1.3027  -0.8091 
 -0.4229  -0.0713  -2.5210  -0.0195  -1.9014  -2.7280  -0.6670  -0.8271  -1.2871  -0.8208 
 -0.6582  -0.0518  -1.1670   0.0479  -0.4761  -2.7734  -0.6948  -0.8516  -1.0083  -0.8540 
 -1.0127  -0.1064   0.0000   0.1533   0.5493  -2.1865  -0.5659  -0.8530  -1.2021  -0.9155 
 -0.9351  -0.0742   2.0659  -0.1406   1.9463  -1.0229  -0.7065  -0.8311  -1.1216  -0.9546 
 -0.7158  -0.2593   1.7646  -0.1694   1.4287  -0.0767  -0.8896  -0.8501  -1.0806  -0.9355 
 -0.3301  -0.2378   1.3281  -0.0835   2.9087   1.1909  -0.8989  -0.8428  -0.9966  -0.8423 
 -0.3403  -0.2402   3.0659  -0.0215   0.8066   0.8257  -0.9946  -0.8223  -0.9619  -0.8105 
  0.1646  -0.3076   1.1460  -0.1377   0.7524   2.3657  -1.2383  -0.8232  -0.9131  -0.8042 
  1.1128  -0.4502   0.1523  -0.2261   0.1567   3.1201  -1.5020  -0.8369  -0.9316  -0.8311 
  2.2495  -0.5884  -1.3872  -0.2598  -1.5752   1.4395  -1.9595  -0.8301  -0.8335  -0.8037 
  1.9790  -0.4429  -1.2578  -0.2510  -0.8828  -0.4419  -2.5137  -0.7593  -0.7656  -0.6411 
  1.0776  -0.4917  -1.0835  -0.3076  -1.2251  -0.3545  -2.8267  -0.7246  -0.7690  -0.4473 
  1.1577  -0.5757  -1.3062  -0.3428  -1.3955  -0.8237  -3.0684  -0.6865  -0.8525  -0.2393 
  2.2085  -0.6934  -0.7383  -0.3037  -0.8066  -1.0024  -2.8604  -0.5503  -0.8521  -0.0371 
  2.2588  -0.5557  -0.9282  -0.3833  -0.9253  -1.3052  -1.3262  -0.3218  -0.8755   0.1714 
  1.7988  -0.5469  -1.1250  -0.4712  -1.0776  -0.5732  -0.0103  -0.1426  -0.9155   0.4731 
  1.8525  -0.5347  -1.1030  -0.4360  -1.0601  -0.9873   1.4170   0.0483  -0.9248   0.8047 
  1.4658  -0.4478  -0.9951  -0.3975  -1.0435  -1.1060   1.6289   0.1060  -0.9111   1.0557 
  1.5210  -0.5015  -0.9907  -0.5669  -1.0059  -1.1680   2.6343   0.0698  -0.8960   1.2290 
  1.7568  -0.4844  -0.9346  -0.6147  -0.9702  -1.0825   3.4946   0.0029  -0.9097   1.2944 
  2.0127  -0.5303  -0.8887  -0.5073  -0.9077  -1.1133   0.9653  -0.1489  -0.9897   1.5381 
  1.5786  -0.5444  -0.8447  -0.5220  -0.9526  -1.0874   0.7754  -0.2407  -0.9390   1.5806 
  1.3784  -0.5190  -0.7905  -0.5996  -0.8691  -1.0132  -0.4297  -0.3320  -0.8843   1.8872 
  1.1436  -0.6953  -0.8643  -0.4775  -0.8896  -0.8916  -1.8789  -0.3105  -0.8398   2.2285 
  1.2061  -0.9419  -0.8643  -0.3735  -0.8931  -0.8711  -0.6147  -0.1909  -0.8706   2.7881 
  0.0845  -0.9775  -0.9219  -0.4839  -0.9497  -0.8926  -1.5684  -0.2061  -0.8770   3.5142 
 -0.4004  -1.2515  -0.9238  -0.4985  -0.9521  -0.8721  -1.4805  -0.2378  -0.8892   3.7197 
 -0.2339  -1.7813  -0.9194  -0.6172  -0.9224  -0.8613  -0.9375  -0.4180  -0.8770   3.7847 
 -0.0391  -2.1860  -0.9106  -0.7837  -0.9014  -0.8848  -1.1865  -0.7246  -0.8848   3.7119 
  0.2930  -2.3501  -0.9458  -0.7056  -0.8813  -0.9756  -1.1997  -0.4771  -0.8809   3.4575 
  0.0977  -2.6084  -1.0068  -0.7539  -0.9360  -0.9961  -1.0894   0.6523  -0.8818   3.1206 
  0.1392  -2.9541  -0.9678  -1.0049  -0.9688  -0.9526  -1.0352   1.8901  -0.8765   2.6909 
  0.2778  -2.4194  -0.8804  -1.1567  -0.9058  -0.9136  -1.0288   1.2705  -0.9248   2.0898 
  0.2163  -0.7744  -0.8618  -1.3789  -0.8760  -0.9341  -0.9800   1.6782  -0.9097   1.5522 
  0.3594   0.3032  -0.8823  -1.9951  -0.9272  -0.9692  -0.9229   2.2637  -0.8628   1.1978 
  0.5605   1.2114  -0.8887  -2.4956  -0.9209  -0.9434  -0.8770   2.3716  -0.8765   0.9541 
  0.6611   1.2559  -0.8374  -2.6333  -0.8843  -0.9155  -0.8013   2.3735  -0.9277   0.8447 
  0.6646   2.5918  -0.8281  -2.7769  -0.8481  -0.9326  -0.8198   2.3311  -0.9077   0.8711 
  0.9180   3.0078  -0.8330  -2.7231  -0.8843  -0.9639  -0.9199   2.3208  -0.8701   1.1162 
  0.5352   0.9199  -0.8633  -1.6958  -0.9326  -0.9570  -0.9463   2.1934  -0.8599   1.4644 
  0.5708   1.1035  -0.8550  -0.4106  -0.9146  -0.8711  -0.9409   1.9209  -0.9316   1.7314 
  0.5283  -0.9019  -0.8794   0.9150  -0.8916  -0.8447  -0.9160   1.7480  -0.9263   1.8223 
  0.4131  -1.9819  -0.8701   0.9648  -0.8599  -0.8779  -1.0010   0.0000  -0.8569   1.5869 
  0.3770  -0.7212  -0.8828   1.9810  -0.8857  -0.9072  -1.0425   0.0000  -0.8550   1.2026 
  0.3789  -1.3867  -0.9175   4.1909  -0.8979  -0.8950  -0.9790   0.0000  -0.9097   1.1289 
  0.2813  -1.6055  -0.9072   1.2515  -0.9043  -0.9194  -0.8901   0.0000  -0.9194   1.0967 
  0.3711  -1.0454  -0.8730  -0.1455  -0.8984  -0.8936  -0.8970   0.0000  -0.8696   0.9790 
  0.1147  -0.9902  -0.8315  -0.0132  -0.8735  -0.8770  -0.9604   0.0000  -0.8740   0.8066 
  0.2822  -1.1313  -0.8706  -1.3022  -0.8838  -0.8652  -0.9429   0.0000  -0.8799   0.7930 
  0.3423  -1.0547  -0.8325  -1.3745  -0.9126  -0.8628  -0.9043   0.0000  -0.8862   0.8721 
  0.0952  -0.8828  -0.8018  -1.2236  -0.9653  -0.8755  -0.8833   0.0000  -0.8613   1.0361 
  0.1021  -0.9043  -0.7935  -1.3472  -0.9497  -0.8813  -0.8579   0.0000  -0.8418   1.2510 
  0.0513  -0.8657  -0.8301  -0.9043  -0.9048  -0.8604  -0.9346   0.0000  -0.8521   1.3823 
  0.1104  -0.8955  -0.8066  -1.1270  -0.8682  -0.8662  -0.9248   0.0000  -0.8340   1.4517 
  0.1211  -0.7935  -0.8218  -1.2114  -0.8892  -0.8784  -0.8818   0.0000  -0.7671   1.4077 
 -0.0176  -0.7378  -0.8462  -1.1279  -0.8848  -0.8823  -0.8359   0.0000  -0.7217   1.3198 
 -0.0269  -0.7759  -0.8359  -1.0469  -0.8638  -0.8613  -0.8521   0.0000  -0.6704   1.2729 
 -0.0176  -0.8164  -0.8369  -1.0322  -0.8335  -0.8481  -0.8574   0.0000  -0.5747   1.2490 
 -0.0933  -0.9258  -0.8237  -0.9863  -0.8452  -0.8794  -0.8467   0.0000  -0.5049   0.0000 
 -0.2202  -0.9897  -0.7949  -0.9082  -0.8823  -0.8525  -0.7563   0.0000  -0.3740   0.0000 
 -0.1880  -0.9780  -0.7168  -0.7788  -0.8423  -0.8608  -0.6406   0.0000  -0.2803   0.0000 
 -0.1973  -0.9370  -0.5713  -0.7510  -0.8477  -0.8652  -0.6001   0.0000  -0.1157   0.0000 
 -0.2749  -0.9307  -0.4160  -0.8208  -0.8242  -0.9033  -0.6841   0.0000  -0.0156   0.0000 
 -0.3872  -0.9561  -0.3589  -0.8486  -0.8350  -0.8916  -0.7754   0.0000   0.1035   0.0000 
 -0.4277  -0.9648  -0.3428  -0.8364  -0.8267  -0.8750  -0.7866   0.0000   0.2148   0.0000 
 -0.4189  -0.8784  -0.4595  -0.9180  -0.7969  -0.8687  -0.7778   0.0000   0.4004   0.0000 
 -0.3911  -0.8677  -0.6318  -0.9844  -0.7988  -0.8652  -0.8135   0.0000   0.5259   0.0000 
 -0.3950  -0.8765  -0.8701  -1.0098  -0.8164  -0.8960  -0.9312   0.0000   0.6880   0.0000 
 -0.4189  -0.8979  -1.1030  -0.9219  -0.7876  -0.8599  -1.0166   0.0000   0.8755   0.0000 
 -0.5308  -0.8979  -1.2148  -0.8750  -0.7305  -0.8369  -1.0767   0.0000   1.0908   0.0000 
 -0.5884  -0.8789  -1.2456  -0.9629  -0.6787  -0.8330  -1.1191   0.0000   1.3022   0.0000 
 -0.3540  -0.8726  -1.2739  -0.9287  -0.5264  -0.8584  -1.1323   0.0000   1.4546   0.0000 
 -0.2539  -0.8672  -1.1240  -0.8667  -0.3672  -0.8696  -1.0298   0.0000   1.8433   0.0000 
 -0.3628  -0.8770  -0.6772  -0.8188  -0.2061  -0.8423  -0.9136   0.0000   2.0532   0.0000 
 -0.2275  -0.8823  -0.1929  -0.8765  -0.0430  -0.8003  -0.8486   0.0000   2.2739   0.0000 
 -0.2314  -0.9097   0.2847  -0.8506   0.2148  -0.8120  -0.9009   0.0000   2.3965   0.0000 
 -0.4126  -0.9111   0.6113  -0.8438   0.3882  -0.8145  -1.0156   0.0000   2.6328   0.0000 
 -0.4634  -0.9141   0.7002  -0.8315   0.5010  -0.7866  -0.9688   0.0000   2.6997   0.0000 
 -0.4844  -0.9009   0.6362  -0.8389   0.5884  -0.7998  -0.8296   0.0000   2.6870   0.0000 
 -0.4756  -0.9043   0.6816  -0.8662   0.7148  -0.7988  -0.7095   0.0000   2.6978   0.0000 
 -0.5742  -0.8887   0.8535  -0.8545   0.8320  -0.7578  -0.6802   0.0000   2.6079   0.0000 
 -0.8677  -0.8765   1.1401  -0.8569   1.1538  -0.7563  -0.6802   0.0000   2.4590   0.0000 
 -1.0210  -0.8608   1.5054  -0.8330   1.3481  -0.7432  -0.6577   0.0000   2.2095   0.0000 
 -1.2759  -0.8521   1.4194  -0.8271   1.6050  -0.6758  -0.5679   0.0000   1.9805   0.0000 
 -1.7671  -0.8589   1.5181  -0.7749   2.0015  -0.4946  -0.4751   0.0000   1.8135   0.0000 
 -2.0073  -0.8599   2.4341  -0.7690   2.5542  -0.4233  -0.4448   0.0000   1.6392   0.0000 
 -2.4609  -0.8530   2.8779  -0.6948   2.9604  -0.5801  -0.3936   0.0000   1.4834   0.0000 
 -3.2485  -0.8521   3.3213  -0.6387   3.3076  -0.7754  -0.2720   0.0000   1.3257   0.0000 
 -2.7168  -0.8315   3.5391  -0.5620   3.5137  -0.8848  -0.0518   0.0000   1.2329   0.0000 
 -2.2676  -0.8228   3.4082  -0.6543   3.5015  -0.8950   0.1304   0.0000   1.1147   0.0000 
 -0.9419  -0.7695   3.1323  -0.7988   3.1602  -0.8989   0.2119   0.0000   1.0107   0.0000 
  0.8018  -0.6992   3.1929  -0.8125   3.2168  -0.9678   0.2778   0.0000   0.9453   0.0000 
  2.7637  -0.6113   3.1680  -0.7427   3.3071  -1.1650   0.3926   0.0000   0.8979   0.0000 
  1.5952  -0.5264   2.9155  -0.7622   3.1758  -1.3105   0.5654   0.0000   0.8721   0.0000 
  1.6450  -0.5493   2.4214  -0.9199   2.6875  -1.2627   0.6499   0.0000   0.9165   0.0000 
  1.4380  -0.6328   2.0200  -1.0947   2.1895  -1.1016   0.7769   0.0000   0.9863   0.0000 
  0.9141  -0.7686   1.6362  -1.0659   0.0000  -0.9194   0.9160   0.0000   1.0879   0.0000 
 -0.2261  -0.9800   1.4053  -0.9199   0.0000  -0.7910   1.5596   0.0000   1.1416   0.0000 
 -1.5298  -1.1460   1.1982  -0.9121   0.0000  -0.7349   2.3623   0.0000   1.2192   0.0000 
 -0.9370  -1.1484   1.0273  -1.0552   0.0000  -0.7144   2.9521   0.0000   1.2891   0.0000 
 -0.7349  -1.0952   0.9023  -1.1826   0.0000  -0.6768   3.8931   0.0000   1.3335   0.0000 
 -1.6221  -1.0005   0.8657  -1.1377   0.0000  -0.6533   4.3599   0.0000   1.3726   0.0000 
 -1.3345  -0.7681   0.8726  -1.0156   0.0000  -0.6655   4.0264   0.0000   0.0000   0.0000 
 -1.0469  -0.4556   0.9180  -0.8657   0.0000  -0.7119   3.6426   0.0000   0.0000   0.0000 
 -1.8770  -0.1499   0.9800  -0.7832   0.0000  -0.7886   3.6709   0.0000   0.0000   0.0000 
 -0.5869   0.1719   1.0503  -0.7441   0.0000  -0.8696   3.3301   0.0000   0.0000   0.0000 
 -1.5596   0.3438   1.1123  -0.7446   0.0000  -0.9565   2.9282   0.0000   0.0000   0.0000 
 -0.4927   0.3970   1.1528  -0.7051   0.0000  -0.9775   2.4097   0.0000   0.0000   0.0000 
 -1.4072   0.3965   0.0000  -0.6226   0.0000  -0.9487   1.9766   0.0000   0.0000   0.0000 
 -0.4683   0.2700   0.0000  -0.6021   0.0000  -0.9243   1.7017   0.0000   0.0000   0.0000 
 -1.1641   0.0200   0.0000  -0.5249   0.0000  -0.8892   1.5195   0.0000   0.0000   0.0000 
 -0.3516  -0.0293   0.0000  -0.3892   0.0000  -0.8716   1.2671   0.0000   0.0000   0.0000 
 -1.2261   0.1797   0.0000  -0.2813   0.0000  -0.8584   1.0337   0.0000   0.0000   0.0000 
 -0.4238   0.2139   0.0000  -0.1499   0.0000  -0.8364   0.8882   0.0000   0.0000   0.0000 
 -1.2563   0.2554   0.0000   0.0444   0.0000  -0.8120   0.8438   0.0000   0.0000   0.0000 
 -0.3774   0.7886   0.0000   0.2686   0.0000  -0.7959   0.8623   0.0000   0.0000   0.0000 
 -1.4771   2.1890   0.0000   0.5962   0.0000  -0.7632   0.9092   0.0000   0.0000   0.0000 
 -0.4404   2.7168   0.0000   0.9375   0.0000  -0.7563   0.9609   0.0000   0.0000   0.0000 
 -1.5049   2.9395   0.0000   1.3232   0.0000  -0.7734   1.0313   0.0000   0.0000   0.0000 
 -0.3105   3.6455   0.0000   1.7378   0.0000  -0.7988   1.1104   0.0000   0.0000   0.0000 
 -1.6436   4.0088   0.0000   1.7007   0.0000  -0.7646   1.2109   0.0000   0.0000   0.0000 
 -0.3638   4.0967   0.0000   2.0562   0.0000  -0.7554   1.2915   0.0000   0.0000   0.0000 
 -1.5562   3.7632   0.0000   2.3584   0.0000  -0.8008   1.3589   0.0000   0.0000   0.0000 
 -0.3242   3.4507   0.0000   2.4585   0.0000  -0.8394   1.4331   0.0000   0.0000   0.0000 
 -1.4170   2.8135   0.0000   2.9619   0.0000  -0.7900   1.5137   0.0000   0.0000   0.0000 
 -0.5718   2.5386   0.0000   3.3721   0.0000  -0.6934   1.5723   0.0000   0.0000   0.0000 
 -1.0522   1.9590   0.0000   3.5635   0.0000  -0.4912   1.6406   0.0000   0.0000   0.0000 
 -0.6729   1.5889   0.0000   3.5376   0.0000  -0.2441   1.7065   0.0000   0.0000   0.0000 
 -0.9038   1.3667   0.0000   3.3984   0.0000  -0.0093   1.7085   0.0000   0.0000   0.0000 
 -0.9038   1.2446   0.0000   3.2109   0.0000   0.2080   1.6563   0.0000   0.0000   0.0000 
 -0.8813   1.1758   0.0000   2.8579   0.0000   0.3481   1.6147   0.0000   0.0000   0.0000 
 -0.8174   1.0659   0.0000   2.5908   0.0000   0.5151   0.0000   0.0000   0.0000   0.0000 
 -0.8179   0.9712   0.0000   2.2183   0.0000   0.7183   0.0000   0.0000   0.0000   0.0000 
 -0.9116   0.9238   0.0000   1.9409   0.0000   0.8823   0.0000   0.0000   0.0000   0.0000 
 -0.7612   0.9243   0.0000   1.7231   0.0000   1.0381   0.0000   0.0000   0.0000   0.0000 
 -0.7329   0.9419   0.0000   1.5449   0.0000   1.2471   0.0000   0.0000   0.0000   0.0000 
 -0.6821   0.9663   0.0000   1.3848   0.0000   1.5586   0.0000   0.0000   0.0000   0.0000 
 -0.8408   1.0093   0.0000   1.2505   0.0000   1.9790   0.0000   0.0000   0.0000   0.0000 
 -1.2334   1.0713   0.0000   1.1079   0.0000   1.9668   0.0000   0.0000   0.0000   0.0000 
 -0.3081   1.1416   0.0000   1.0146   0.0000   2.2983   0.0000   0.0000   0.0000   0.0000 
 -1.1675   1.1992   0.0000   0.9478   0.0000   2.7065   0.0000   0.0000   0.0000   0.0000 
 -0.9194   1.2583   0.0000   0.9087   0.0000   2.7007   0.0000   0.0000   0.0000   0.0000 
 -0.4067   1.3394   0.0000   0.8936   0.0000   2.7393   0.0000   0.0000   0.0000   0.0000 
 -1.3120   1.3745   0.0000   0.9170   0.0000   2.8174   0.0000   0.0000   0.0000   0.0000 
 -0.4912   1.3477   0.0000   0.9663   0.0000   2.7866   0.0000   0.0000   0.0000   0.0000 
 -0.5518   1.3359   0.0000   0.0000   0.0000   2.7705   0.0000   0.0000   0.0000   0.0000 
 -1.2026   1.3877   0.0000   0.0000   0.0000   2.7441   0.0000   0.0000   0.0000   0.0000 
 -0.2368   1.4082   0.0000   0.0000   0.0000   2.6274   0.0000   0.0000   0.0000   0.0000 
 -0.9429   1.3809   0.0000   0.0000   0.0000   2.3457   0.0000   0.0000   0.0000   0.0000 
 -0.6694   1.3330   0.0000   0.0000   0.0000   2.0225   0.0000   0.0000   0.0000   0.0000 
 -0.8091   1.3164   0.0000   0.0000   0.0000   1.7612   0.0000   0.0000   0.0000   0.0000 
 -0.8643   1.2808   0.0000   0.0000   0.0000   1.5371   0.0000   0.0000   0.0000   0.0000 
 -0.9766   1.2017   0.0000   0.0000   0.0000   1.3794   0.0000   0.0000   0.0000   0.0000 
 -1.0137   1.0801   0.0000   0.0000   0.0000   1.2632   0.0000   0.0000   0.0000   0.0000 
 -0.8945   0.9937   0.0000   0.0000   0.0000   1.1558   0.0000   0.0000   0.0000   0.0000 
 -0.7969   0.9307   0.0000   0.0000   0.0000   1.0688   0.0000   0.0000   0.0000   0.0000 
 -0.8569   0.8521   0.0000   0.0000   0.0000   0.0000   0.0000   0.0000   0.0000   0.0000 
 -0.9775   0.7725   0.0000   0.0000   0.0000   0.0000   0.0000   0.0000   0.0000   0.0000 
 -0.9795   0.7188   0.0000   0.0000   0.0000   0.0000   0.0000   0.0000   0.0000   0.0000 
 -0.6450   0.7412   0.0000   0.0000   0.0000   0.0000   0.0000   0.0000   0.0000   0.0000 
 -0.1782   0.7485   0.0000   0.0000   0.0000   0.0000   0.0000   0.0000   0.0000   0.0000 
 -0.2881   0.7095   0.0000   0.0000   0.0000   0.0000   0.0000   0.0000   0.0000   0.0000 
 -0.0562   0.6460   0.0000   0.0000   0.0000   0.0000   0.0000   0.0000   0.0000   0.0000 
  0.3784   0.6094   0.0000   0.0000   0.0000   0.0000   0.0000   0.0000   0.0000   0.0000 
  0.2183   0.6074   0.0000   0.0000   0.0000   0.0000   0.0000   0.0000   0.0000   0.0000 
  0.6465   0.6104   0.0000   0.0000   0.0000   0.0000   0.0000   0.0000   0.0000   0.0000 
  0.6138   0.5967   0.0000   0.0000   0.0000   0.0000   0.0000   0.0000   0.0000   0.0000 
  0.6943   0.5728   0.0000   0.0000   0.0000   0.0000   0.0000   0.0000   0.0000   0.0000 
  1.1646   0.5659   0.0000   0.0000   0.0000   0.0000   0.0000   0.0000   0.0000   0.0000 
  1.4370   0.5806   0.0000   0.0000   0.0000   0.0000   0.0000   0.0000   0.0000   0.0000 
  1.1616   0.5986   0.0000   0.0000   0.0000   0.0000   0.0000   0.0000   0.0000   0.0000 
  1.6563   0.6338   0.0000   0.0000   0.0000   0.0000   0.0000   0.0000   0.0000   0.0000 
  2.3330   0.7104   0.0000   0.0000   0.0000   0.0000   0.0000   0.0000   0.0000   0.0000 
  2.9072   0.7705   0.0000   0.0000   0.0000   0.0000   0.0000   0.0000   0.0000   0.0000 
  2.7656   0.8145   0.0000   0.0000   0.0000   0.0000   0.0000   0.0000   0.0000   0.0000 
  3.0674   0.8252   0.0000   0.0000   0.0000   0.0000   0.0000   0.0000   0.0000   0.0000 
  3.2437   0.8677   0.0000   0.0000   0.0000   0.0000   0.0000   0.0000   0.0000   0.0000 
  3.2617   0.9434   0.0000   0.0000   0.0000   0.0000   0.0000   0.0000   0.0000   0.0000 
  3.3135   0.9985   0.0000   0.0000   0.0000   0.0000   0.0000   0.0000   0.0000   0.0000 
  3.4058   1.0396   0.0000   0.0000   0.0000   0.0000   0.0000   0.0000   0.0000   0.0000 
  3.2124   1.1050   0.0000   0.0000   0.0000   0.0000   0.0000   0.0000   0.0000   0.0000 
  2.7886   1.1919   0.0000   0.0000   0.0000   0.0000   0.0000   0.0000   0.0000   0.0000 
  2.3735   1.2266   0.0000   0.0000   0.0000   0.0000   0.0000   0.0000   0.0000   0.0000 
  2.0283   1.2036   0.0000   0.0000   0.0000   0.0000   0.0000   0.0000   0.0000   0.0000 
  1.7451   1.1484   0.0000   0.0000   0.0000   0.0000   0.0000   0.0000   0.0000   0.0000 
  1.4736   1.1118   0.0000   0.0000   0.0000   0.0000   0.0000   0.0000   0.0000   0.0000 
  1.2236   1.0962   0.0000   0.0000   0.0000   0.0000   0.0000   0.0000   0.0000   0.0000 
  1.0435   1.0811   0.0000   0.0000   0.0000   0.0000   0.0000   0.0000   0.0000   0.0000 
  0.9521   1.0537   0.0000   0.0000   0.0000   0.0000   0.0000   0.0000   0.0000   0.0000 
  0.8540   1.0054   0.0000   0.0000   0.0000   0.0000   0.0000   0.0000   0.0000   0.0000 
  0.7847   0.9976   0.0000   0.0000   0.0000   0.0000   0.0000   0.0000   0.0000   0.0000 
  0.7686   0.9390   0.0000   0.0000   0.0000   0.0000   0.0000   0.0000   0.0000   0.0000 
  0.8066   0.9214   0.0000   0.0000   0.0000   0.0000   0.0000   0.0000   0.0000   0.0000 
  0.8770   0.9126   0.0000   0.0000   0.0000   0.0000   0.0000   0.0000   0.0000   0.0000 
  1.0024   0.8857   0.0000   0.0000   0.0000   0.0000   0.0000   0.0000   0.0000   0.0000 
  0.0000   0.8809   0.0000   0.0000   0.0000   0.0000   0.0000   0.0000   0.0000   0.0000 
  0.0000   0.9023   0.0000   0.0000   0.0000   0.0000   0.0000   0.0000   0.0000   0.0000 
  0.0000   0.9146   0.0000   0.0000   0.0000   0.0000   0.0000   0.0000   0.0000   0.0000 
  0.0000   0.9077   0.0000   0.0000   0.0000   0.0000   0.0000   0.0000   0.0000   0.0000 
  0.0000   0.9038   0.0000   0.0000   0.0000   0.0000   0.0000   0.0000   0.0000   0.0000 
  0.0000   0.9321   0.0000   0.0000   0.0000   0.0000   0.0000   0.0000   0.0000   0.0000 
  0.0000   0.9780   0.0000   0.0000   0.0000   0.0000   0.0000   0.0000   0.0000   0.0000 
  0.0000   1.0151   0.0000   0.0000   0.0000   0.0000   0.0000   0.0000   0.0000   0.0000 
  0.0000   1.0190   0.0000   0.0000   0.0000   0.0000   0.0000   0.0000   0.0000   0.0000 
  0.0000   1.0625   0.0000   0.0000   0.0000   0.0000   0.0000   0.0000   0.0000   0.0000 
  0.0000   0.0000   0.0000   0.0000   0.0000   0.0000   0.0000   0.0000   0.0000   0.0000 
  0.0000   0.0000   0.0000   0.0000   0.0000   0.0000   0.0000   0.0000   0.0000   0.0000 
  0.0000   0.0000   0.0000   0.0000   0.0000   0.0000   0.0000   0.0000   0.0000   0.0000 
  0.0000   0.0000   0.0000   0.0000   0.0000   0.0000   0.0000   0.0000   0.0000   0.0000 
  0.0000   0.0000   0.0000   0.0000   0.0000   0.0000   0.0000   0.0000   0.0000   0.0000 
  0.0000   0.0000   0.0000   0.0000   0.0000   0.0000   0.0000   0.0000   0.0000   0.0000 
  0.0000   0.0000   0.0000   0.0000   0.0000   0.0000   0.0000   0.0000   0.0000   0.0000 
  0.0000   0.0000   0.0000   0.0000   0.0000   0.0000   0.0000   0.0000   0.0000   0.0000 
  0.0000   0.0000   0.0000   0.0000   0.0000   0.0000   0.0000   0.0000   0.0000   0.0000 
  0.0000   0.0000   0.0000   0.0000   0.0000   0.0000   0.0000   0.0000   0.0000   0.0000 
  0.0000   0.0000   0.0000   0.0000   0.0000   0.0000   0.0000   0.0000   0.0000   0.0000 
  0.0000   0.0000   0.0000   0.0000   0.0000   0.0000   0.0000   0.0000   0.0000   0.0000 
  0.0000   0.0000   0.0000   0.0000   0.0000   0.0000   0.0000   0.0000   0.0000   0.0000 
  0.0000   0.0000   0.0000   0.0000   0.0000   0.0000   0.0000   0.0000   0.0000   0.0000 
  0.0000   0.0000   0.0000   0.0000   0.0000   0.0000   0.0000   0.0000   0.0000   0.0000 
  0.0000   0.0000   0.0000   0.0000   0.0000   0.0000   0.0000   0.0000   0.0000   0.0000 
  0.0000   0.0000   0.0000   0.0000   0.0000   0.0000   0.0000   0.0000   0.0000   0.0000 
  0.0000   0.0000   0.0000   0.0000   0.0000   0.0000   0.0000   0.0000   0.0000   0.0000 
  0.0000   0.0000   0.0000   0.0000   0.0000   0.0000   0.0000   0.0000   0.0000   0.0000 
  0.0000   0.0000   0.0000   0.0000   0.0000   0.0000   0.0000   0.0000   0.0000   0.0000 
  0.0000   0.0000   0.0000   0.0000   0.0000   0.0000   0.0000   0.0000   0.0000   0.0000 
  0.0000   0.0000   0.0000   0.0000   0.0000   0.0000   0.0000   0.0000   0.0000   0.0000 
  0.0000   0.0000   0.0000   0.0000   0.0000   0.0000   0.0000   0.0000   0.0000   0.0000 
  0.0000   0.0000   0.0000   0.0000   0.0000   0.0000   0.0000   0.0000   0.0000   0.0000 
  0.0000   0.0000   0.0000   0.0000   0.0000   0.0000   0.0000   0.0000   0.0000   0.0000 
  0.0000   0.0000   0.0000   0.0000   0.0000   0.0000   0.0000   0.0000   0.0000   0.0000 
  0.0000   0.0000   0.0000   0.0000   0.0000   0.0000   0.0000   0.0000   0.0000   0.0000 
  0.0000   0.0000   0.0000   0.0000   0.0000   0.0000   0.0000   0.0000   0.0000   0.0000 
  0.0000   0.0000   0.0000   0.0000   0.0000   0.0000   0.0000   0.0000   0.0000   0.0000 
  0.0000   0.0000   0.0000   0.0000   0.0000   0.0000   0.0000   0.0000   0.0000   0.0000 
  0.0000   0.0000   0.0000   0.0000   0.0000   0.0000   0.0000   0.0000   0.0000   0.0000 
  0.0000   0.0000   0.0000   0.0000   0.0000   0.0000   0.0000   0.0000   0.0000   0.0000 
  0.0000   0.0000   0.0000   0.0000   0.0000   0.0000   0.0000   0.0000   0.0000   0.0000 
  0.0000   0.0000   0.0000   0.0000   0.0000   0.0000   0.0000   0.0000   0.0000   0.0000 
  0.0000   0.0000   0.0000   0.0000   0.0000   0.0000   0.0000   0.0000   0.0000   0.0000 
  0.0000   0.0000   0.0000   0.0000   0.0000   0.0000   0.0000   0.0000   0.0000   0.0000 
  0.0000   0.0000   0.0000   0.0000   0.0000   0.0000   0.0000   0.0000   0.0000   0.0000 
  0.0000   0.0000   0.0000   0.0000   0.0000   0.0000   0.0000   0.0000   0.0000   0.0000 
  0.0000   0.0000   0.0000   0.0000   0.0000   0.0000   0.0000   0.0000   0.0000   0.0000 
  0.0000   0.0000   0.0000   0.0000   0.0000   0.0000   0.0000   0.0000   0.0000   0.0000 
  0.0000   0.0000   0.0000   0.0000   0.0000   0.0000   0.0000   0.0000   0.0000   0.0000 
  0.0000   0.0000   0.0000   0.0000   0.0000   0.0000   0.0000   0.0000   0.0000   0.0000 
  0.0000   0.0000   0.0000   0.0000   0.0000   0.0000   0.0000   0.0000   0.0000   0.0000 
  0.0000   0.0000   0.0000   0.0000   0.0000   0.0000   0.0000   0.0000   0.0000   0.0000 
  0.0000   0.0000   0.0000   0.0000   0.0000   0.0000   0.0000   0.0000   0.0000   0.0000 
  0.0000   0.0000   0.0000   0.0000   0.0000   0.0000   0.0000   0.0000   0.0000   0.0000 
  0.0000   0.0000   0.0000   0.0000   0.0000   0.0000   0.0000   0.0000   0.0000   0.0000 
  0.0000   0.0000   0.0000   0.0000   0.0000   0.0000   0.0000   0.0000   0.0000   0.0000 
  0.0000   0.0000   0.0000   0.0000   0.0000   0.0000   0.0000   0.0000   0.0000   0.0000 
  0.0000   0.0000   0.0000   0.0000   0.0000   0.0000   0.0000   0.0000   0.0000   0.0000 
  0.0000   0.0000   0.0000   0.0000   0.0000   0.0000   0.0000   0.0000   0.0000   0.0000 
  0.0000   0.0000   0.0000   0.0000   0.0000   0.0000   0.0000   0.0000   0.0000   0.0000 
  0.0000   0.0000   0.0000   0.0000   0.0000   0.0000   0.0000   0.0000   0.0000   0.0000 
  0.0000   0.0000   0.0000   0.0000   0.0000   0.0000   0.0000   0.0000   0.0000   0.0000 
  0.0000   0.0000   0.0000   0.0000   0.0000   0.0000   0.0000   0.0000   0.0000   0.0000 
  0.0000   0.0000   0.0000   0.0000   0.0000   0.0000   0.0000   0.0000   0.0000   0.0000 
  0.0000   0.0000   0.0000   0.0000   0.0000   0.0000   0.0000   0.0000   0.0000   0.0000 
  0.0000   0.0000   0.0000   0.0000   0.0000   0.0000   0.0000   0.0000   0.0000   0.0000 
  0.0000   0.0000   0.0000   0.0000   0.0000   0.0000   0.0000   0.0000   0.0000   0.0000 
  0.0000   0.0000   0.0000   0.0000   0.0000   0.0000   0.0000   0.0000   0.0000   0.0000 
  0.0000   0.0000   0.0000   0.0000   0.0000   0.0000   0.0000   0.0000   0.0000   0.0000 
  0.0000   0.0000   0.0000   0.0000   0.0000   0.0000   0.0000   0.0000   0.0000   0.0000 
  0.0000   0.0000   0.0000   0.0000   0.0000   0.0000   0.0000   0.0000   0.0000   0.0000 
  0.0000   0.0000   0.0000   0.0000   0.0000   0.0000   0.0000   0.0000   0.0000   0.0000 
  0.0000   0.0000   0.0000   0.0000   0.0000   0.0000   0.0000   0.0000   0.0000   0.0000 
  0.0000   0.0000   0.0000   0.0000   0.0000   0.0000   0.0000   0.0000   0.0000   0.0000 
  0.0000   0.0000   0.0000   0.0000   0.0000   0.0000   0.0000   0.0000   0.0000   0.0000 
  0.0000   0.0000   0.0000   0.0000   0.0000   0.0000   0.0000   0.0000   0.0000   0.0000 
  0.0000   0.0000   0.0000   0.0000   0.0000   0.0000   0.0000   0.0000   0.0000   0.0000 
  0.0000   0.0000   0.0000   0.0000   0.0000   0.0000   0.0000   0.0000   0.0000   0.0000 
  0.0000   0.0000   0.0000   0.0000   0.0000   0.0000   0.0000   0.0000   0.0000   0.0000 
  0.0000   0.0000   0.0000   0.0000   0.0000   0.0000   0.0000   0.0000   0.0000   0.0000 
  0.0000   0.0000   0.0000   0.0000   0.0000   0.0000   0.0000   0.0000   0.0000   0.0000 
  0.0000   0.0000   0.0000   0.0000   0.0000   0.0000   0.0000   0.0000   0.0000   0.0000 
  0.0000   0.0000   0.0000   0.0000   0.0000   0.0000   0.0000   0.0000   0.0000   0.0000 
  0.0000   0.0000   0.0000   0.0000   0.0000   0.0000   0.0000   0.0000   0.0000   0.0000 
  0.0000   0.0000   0.0000   0.0000   0.0000   0.0000   0.0000   0.0000   0.0000   0.0000 
  0.0000   0.0000   0.0000   0.0000   0.0000   0.0000   0.0000   0.0000   0.0000   0.0000 
  0.0000   0.0000   0.0000   0.0000   0.0000   0.0000   0.0000   0.0000   0.0000   0.0000 
  0.0000   0.0000   0.0000   0.0000   0.0000   0.0000   0.0000   0.0000   0.0000   0.0000 
  0.0000   0.0000   0.0000   0.0000   0.0000   0.0000   0.0000   0.0000   0.0000   0.0000 
  0.0000   0.0000   0.0000   0.0000   0.0000   0.0000   0.0000   0.0000   0.0000   0.0000 
  0.0000   0.0000   0.0000   0.0000   0.0000   0.0000   0.0000   0.0000   0.0000   0.0000 
  0.0000   0.0000   0.0000   0.0000   0.0000   0.0000   0.0000   0.0000   0.0000   0.0000 
  0.0000   0.0000   0.0000   0.0000   0.0000   0.0000   0.0000   0.0000   0.0000   0.0000 
  0.0000   0.0000   0.0000   0.0000   0.0000   0.0000   0.0000   0.0000   0.0000   0.0000 
  0.0000   0.0000   0.0000   0.0000   0.0000   0.0000   0.0000   0.0000   0.0000   0.0000 
  0.0000   0.0000   0.0000   0.0000   0.0000   0.0000   0.0000   0.0000   0.0000   0.0000 
  0.0000   0.0000   0.0000   0.0000   0.0000   0.0000   0.0000   0.0000   0.0000   0.0000 
  0.0000   0.0000   0.0000   0.0000   0.0000   0.0000   0.0000   0.0000   0.0000   0.0000 
  0.0000   0.0000   0.0000   0.0000   0.0000   0.0000   0.0000   0.0000   0.0000   0.0000 
  0.0000   0.0000   0.0000   0.0000   0.0000   0.0000   0.0000   0.0000   0.0000   0.0000 
  0.0000   0.0000   0.0000   0.0000   0.0000   0.0000   0.0000   0.0000   0.0000   0.0000 
  0.0000   0.0000   0.0000   0.0000   0.0000   0.0000   0.0000   0.0000   0.0000   0.0000 
  0.0000   0.0000   0.0000   0.0000   0.0000   0.0000   0.0000   0.0000   0.0000   0.0000 
  0.0000   0.0000   0.0000   0.0000   0.0000   0.0000   0.0000   0.0000   0.0000   0.0000 
  0.0000   0.0000   0.0000   0.0000   0.0000   0.0000   0.0000   0.0000   0.0000   0.0000 
  0.0000   0.0000   0.0000   0.0000   0.0000   0.0000   0.0000   0.0000   0.0000   0.0000 
  0.0000   0.0000   0.0000   0.0000   0.0000   0.0000   0.0000   0.0000   0.0000   0.0000 
  0.0000   0.0000   0.0000   0.0000   0.0000   0.0000   0.0000   0.0000   0.0000   0.0000 
  0.0000   0.0000   0.0000   0.0000   0.0000   0.0000   0.0000   0.0000   0.0000   0.0000 
  0.0000   0.0000   0.0000   0.0000   0.0000   0.0000   0.0000   0.0000   0.0000   0.0000 
  0.0000   0.0000   0.0000   0.0000   0.0000   0.0000   0.0000   0.0000   0.0000   0.0000 
  0.0000   0.0000   0.0000   0.0000   0.0000   0.0000   0.0000   0.0000   0.0000   0.0000 
  0.0000   0.0000   0.0000   0.0000   0.0000   0.0000   0.0000   0.0000   0.0000   0.0000 
  0.0000   0.0000   0.0000   0.0000   0.0000   0.0000   0.0000   0.0000   0.0000   0.0000 
  0.0000   0.0000   0.0000   0.0000   0.0000   0.0000   0.0000   0.0000   0.0000   0.0000 
  0.0000   0.0000   0.0000   0.0000   0.0000   0.0000   0.0000   0.0000   0.0000   0.0000 
  0.0000   0.0000   0.0000   0.0000   0.0000   0.0000   0.0000   0.0000   0.0000   0.0000 
  0.0000   0.0000   0.0000   0.0000   0.0000   0.0000   0.0000   0.0000   0.0000   0.0000 
  0.0000   0.0000   0.0000   0.0000   0.0000   0.0000   0.0000   0.0000   0.0000   0.0000 
  0.0000   0.0000   0.0000   0.0000   0.0000   0.0000   0.0000   0.0000   0.0000   0.0000 
  0.0000   0.0000   0.0000   0.0000   0.0000   0.0000   0.0000   0.0000   0.0000   0.0000 
  0.0000   0.0000   0.0000   0.0000   0.0000   0.0000   0.0000   0.0000   0.0000   0.0000 
  0.0000   0.0000   0.0000   0.0000   0.0000   0.0000   0.0000   0.0000   0.0000   0.0000 
  0.0000   0.0000   0.0000   0.0000   0.0000   0.0000   0.0000   0.0000   0.0000   0.0000 
  0.0000   0.0000   0.0000   0.0000   0.0000   0.0000   0.0000   0.0000   0.0000   0.0000 
  0.0000   0.0000   0.0000   0.0000   0.0000   0.0000   0.0000   0.0000   0.0000   0.0000 
  0.0000   0.0000   0.0000   0.0000   0.0000   0.0000   0.0000   0.0000   0.0000   0.0000 
  0.0000   0.0000   0.0000   0.0000   0.0000   0.0000   0.0000   0.0000   0.0000   0.0000 
  0.0000   0.0000   0.0000   0.0000   0.0000   0.0000   0.0000   0.0000   0.0000   0.0000 
  0.0000   0.0000   0.0000   0.0000   0.0000   0.0000   0.0000   0.0000   0.0000   0.0000 
  0.0000   0.0000   0.0000   0.0000   0.0000   0.0000   0.0000   0.0000   0.0000   0.0000 
  0.0000   0.0000   0.0000   0.0000   0.0000   0.0000   0.0000   0.0000   0.0000   0.0000 
  0.0000   0.0000   0.0000   0.0000   0.0000   0.0000   0.0000   0.0000   0.0000   0.0000 
  0.0000   0.0000   0.0000   0.0000   0.0000   0.0000   0.0000   0.0000   0.0000   0.0000 
  0.0000   0.0000   0.0000   0.0000   0.0000   0.0000   0.0000   0.0000   0.0000   0.0000 
  0.0000   0.0000   0.0000   0.0000   0.0000   0.0000   0.0000   0.0000   0.0000   0.0000 
  0.0000   0.0000   0.0000   0.0000   0.0000   0.0000   0.0000   0.0000   0.0000   0.0000 
  0.0000   0.0000   0.0000   0.0000   0.0000   0.0000   0.0000   0.0000   0.0000   0.0000 
  0.0000   0.0000   0.0000   0.0000   0.0000   0.0000   0.0000   0.0000   0.0000   0.0000 
  0.0000   0.0000   0.0000   0.0000   0.0000   0.0000   0.0000   0.0000   0.0000   0.0000 
  0.0000   0.0000   0.0000   0.0000   0.0000   0.0000   0.0000   0.0000   0.0000   0.0000 
  0.0000   0.0000   0.0000   0.0000   0.0000   0.0000   0.0000   0.0000   0.0000   0.0000 
  0.0000   0.0000   0.0000   0.0000   0.0000   0.0000   0.0000   0.0000   0.0000   0.0000 
  0.0000   0.0000   0.0000   0.0000   0.0000   0.0000   0.0000   0.0000   0.0000   0.0000 
  0.0000   0.0000   0.0000   0.0000   0.0000   0.0000   0.0000   0.0000   0.0000   0.0000 
  0.0000   0.0000   0.0000   0.0000   0.0000   0.0000   0.0000   0.0000   0.0000   0.0000 
  0.0000   0.0000   0.0000   0.0000   0.0000   0.0000   0.0000   0.0000   0.0000   0.0000 
  0.0000   0.0000   0.0000   0.0000   0.0000   0.0000   0.0000   0.0000   0.0000   0.0000 
  0.0000   0.0000   0.0000   0.0000   0.0000   0.0000   0.0000   0.0000   0.0000   0.0000 
  0.0000   0.0000   0.0000   0.0000   0.0000   0.0000   0.0000   0.0000   0.0000   0.0000 
  0.0000   0.0000   0.0000   0.0000   0.0000   0.0000   0.0000   0.0000   0.0000   0.0000 
  0.0000   0.0000   0.0000   0.0000   0.0000   0.0000   0.0000   0.0000   0.0000   0.0000 
  0.0000   0.0000   0.0000   0.0000   0.0000   0.0000   0.0000   0.0000   0.0000   0.0000 
  0.0000   0.0000   0.0000   0.0000   0.0000   0.0000   0.0000   0.0000   0.0000   0.0000 
  0.0000   0.0000   0.0000   0.0000   0.0000   0.0000   0.0000   0.0000   0.0000   0.0000 
  0.0000   0.0000   0.0000   0.0000   0.0000   0.0000   0.0000   0.0000   0.0000   0.0000 
  0.0000   0.0000   0.0000   0.0000   0.0000   0.0000   0.0000   0.0000   0.0000   0.0000 
  0.0000   0.0000   0.0000   0.0000   0.0000   0.0000   0.0000   0.0000   0.0000   0.0000 
  0.0000   0.0000   0.0000   0.0000   0.0000   0.0000   0.0000   0.0000   0.0000   0.0000 
  0.0000   0.0000   0.0000   0.0000   0.0000   0.0000   0.0000   0.0000   0.0000   0.0000 
  0.0000   0.0000   0.0000   0.0000   0.0000   0.0000   0.0000   0.0000   0.0000   0.0000 
  0.0000   0.0000   0.0000   0.0000   0.0000   0.0000   0.0000   0.0000   0.0000   0.0000 
  0.0000   0.0000   0.0000   0.0000   0.0000   0.0000   0.0000   0.0000   0.0000   0.0000 
  0.0000   0.0000   0.0000   0.0000   0.0000   0.0000   0.0000   0.0000   0.0000   0.0000 
  0.0000   0.0000   0.0000   0.0000   0.0000   0.0000   0.0000   0.0000   0.0000   0.0000 
  0.0000   0.0000   0.0000   0.0000   0.0000   0.0000   0.0000   0.0000   0.0000   0.0000 
  0.0000   0.0000   0.0000   0.0000   0.0000   0.0000   0.0000   0.0000   0.0000   0.0000 
  0.0000   0.0000   0.0000   0.0000   0.0000   0.0000   0.0000   0.0000   0.0000   0.0000 
  0.0000   0.0000   0.0000   0.0000   0.0000   0.0000   0.0000   0.0000   0.0000   0.0000 
  0.0000   0.0000   0.0000   0.0000   0.0000   0.0000   0.0000   0.0000   0.0000   0.0000 
  0.0000   0.0000   0.0000   0.0000   0.0000   0.0000   0.0000   0.0000   0.0000   0.0000 
  0.0000   0.0000   0.0000   0.0000   0.0000   0.0000   0.0000   0.0000   0.0000   0.0000 
  0.0000   0.0000   0.0000   0.0000   0.0000   0.0000   0.0000   0.0000   0.0000   0.0000 
  0.0000   0.0000   0.0000   0.0000   0.0000   0.0000   0.0000   0.0000   0.0000   0.0000 
  0.0000   0.0000   0.0000   0.0000   0.0000   0.0000   0.0000   0.0000   0.0000   0.0000 
  0.0000   0.0000   0.0000   0.0000   0.0000   0.0000   0.0000   0.0000   0.0000   0.0000 
  0.0000   0.0000   0.0000   0.0000   0.0000   0.0000   0.0000   0.0000   0.0000   0.0000 
  0.0000   0.0000   0.0000   0.0000   0.0000   0.0000   0.0000   0.0000   0.0000   0.0000 
  0.0000   0.0000   0.0000   0.0000   0.0000   0.0000   0.0000   0.0000   0.0000   0.0000 
  0.0000   0.0000   0.0000   0.0000   0.0000   0.0000   0.0000   0.0000   0.0000   0.0000 
  0.0000   0.0000   0.0000   0.0000   0.0000   0.0000   0.0000   0.0000   0.0000   0.0000 
  0.0000   0.0000   0.0000   0.0000   0.0000   0.0000   0.0000   0.0000   0.0000   0.0000 
  0.0000   0.0000   0.0000   0.0000   0.0000   0.0000   0.0000   0.0000   0.0000   0.0000 
  0.0000   0.0000   0.0000   0.0000   0.0000   0.0000   0.0000   0.0000   0.0000   0.0000 
  0.0000   0.0000   0.0000   0.0000   0.0000   0.0000   0.0000   0.0000   0.0000   0.0000 
  0.0000   0.0000   0.0000   0.0000   0.0000   0.0000   0.0000   0.0000   0.0000   0.0000 
  0.0000   0.0000   0.0000   0.0000   0.0000   0.0000   0.0000   0.0000   0.0000   0.0000 
  0.0000   0.0000   0.0000   0.0000   0.0000   0.0000   0.0000   0.0000   0.0000   0.0000 
  0.0000   0.0000   0.0000   0.0000   0.0000   0.0000   0.0000   0.0000   0.0000   0.0000 
  0.0000   0.0000   0.0000   0.0000   0.0000   0.0000   0.0000   0.0000   0.0000   0.0000 
  0.0000   0.0000   0.0000   0.0000   0.0000   0.0000   0.0000   0.0000   0.0000   0.0000 
  0.0000   0.0000   0.0000   0.0000   0.0000   0.0000   0.0000   0.0000   0.0000   0.0000 
  0.0000   0.0000   0.0000   0.0000   0.0000   0.0000   0.0000   0.0000   0.0000   0.0000 
  0.0000   0.0000   0.0000   0.0000   0.0000   0.0000   0.0000   0.0000   0.0000   0.0000 
  0.0000   0.0000   0.0000   0.0000   0.0000   0.0000   0.0000   0.0000   0.0000   0.0000 
  0.0000   0.0000   0.0000   0.0000   0.0000   0.0000   0.0000   0.0000   0.0000   0.0000 
  0.0000   0.0000   0.0000   0.0000   0.0000   0.0000   0.0000   0.0000   0.0000   0.0000 
  0.0000   0.0000   0.0000   0.0000   0.0000   0.0000   0.0000   0.0000   0.0000   0.0000 
  0.0000   0.0000   0.0000   0.0000   0.0000   0.0000   0.0000   0.0000   0.0000   0.0000 
  0.0000   0.0000   0.0000   0.0000   0.0000   0.0000   0.0000   0.0000   0.0000   0.0000 
  0.0000   0.0000   0.0000   0.0000   0.0000   0.0000   0.0000   0.0000   0.0000   0.0000 
  0.0000   0.0000   0.0000   0.0000   0.0000   0.0000   0.0000   0.0000   0.0000   0.0000 
  0.0000   0.0000   0.0000   0.0000   0.0000   0.0000   0.0000   0.0000   0.0000   0.0000 
  0.0000   0.0000   0.0000   0.0000   0.0000   0.0000   0.0000   0.0000   0.0000   0.0000 
  0.0000   0.0000   0.0000   0.0000   0.0000   0.0000   0.0000   0.0000   0.0000   0.0000 
  0.0000   0.0000   0.0000   0.0000   0.0000   0.0000   0.0000   0.0000   0.0000   0.0000 
  0.0000   0.0000   0.0000   0.0000   0.0000   0.0000   0.0000   0.0000   0.0000   0.0000 
  0.0000   0.0000   0.0000   0.0000   0.0000   0.0000   0.0000   0.0000   0.0000   0.0000 
  0.0000   0.0000   0.0000   0.0000   0.0000   0.0000   0.0000   0.0000   0.0000   0.0000 
  0.0000   0.0000   0.0000   0.0000   0.0000   0.0000   0.0000   0.0000   0.0000   0.0000 
  0.0000   0.0000   0.0000   0.0000   0.0000   0.0000   0.0000   0.0000   0.0000   0.0000 
  0.0000   0.0000   0.0000   0.0000   0.0000   0.0000   0.0000   0.0000   0.0000   0.0000 
  0.0000   0.0000   0.0000   0.0000   0.0000   0.0000   0.0000   0.0000   0.0000   0.0000 
  0.0000   0.0000   0.0000   0.0000   0.0000   0.0000   0.0000   0.0000   0.0000   0.0000 
  0.0000   0.0000   0.0000   0.0000   0.0000   0.0000   0.0000   0.0000   0.0000   0.0000 
  0.0000   0.0000   0.0000   0.0000   0.0000   0.0000   0.0000   0.0000   0.0000   0.0000 
  0.0000   0.0000   0.0000   0.0000   0.0000   0.0000   0.0000   0.0000   0.0000   0.0000 
  0.0000   0.0000   0.0000   0.0000   0.0000   0.0000   0.0000   0.0000   0.0000   0.0000 
  0.0000   0.0000   0.0000   0.0000   0.0000   0.0000   0.0000   0.0000   0.0000   0.0000 
  0.0000   0.0000   0.0000   0.0000   0.0000   0.0000   0.0000   0.0000   0.0000   0.0000 
  0.0000   0.0000   0.0000   0.0000   0.0000   0.0000   0.0000   0.0000   0.0000   0.0000 
  0.0000   0.0000   0.0000   0.0000   0.0000   0.0000   0.0000   0.0000   0.0000   0.0000 
  0.0000   0.0000   0.0000   0.0000   0.0000   0.0000   0.0000   0.0000   0.0000   0.0000 
  0.0000   0.0000   0.0000   0.0000   0.0000   0.0000   0.0000   0.0000   0.0000   0.0000 
  0.0000   0.0000   0.0000   0.0000   0.0000   0.0000   0.0000   0.0000   0.0000   0.0000 
  0.0000   0.0000   0.0000   0.0000   0.0000   0.0000   0.0000   0.0000   0.0000   0.0000 
  0.0000   0.0000   0.0000   0.0000   0.0000   0.0000   0.0000   0.0000   0.0000   0.0000 
  0.0000   0.0000   0.0000   0.0000   0.0000   0.0000   0.0000   0.0000   0.0000   0.0000 
  0.0000   0.0000   0.0000   0.0000   0.0000   0.0000   0.0000   0.0000   0.0000   0.0000 
  0.0000   0.0000   0.0000   0.0000   0.0000   0.0000   0.0000   0.0000   0.0000   0.0000 
  0.0000   0.0000   0.0000   0.0000   0.0000   0.0000   0.0000   0.0000   0.0000   0.0000 
  0.0000   0.0000   0.0000   0.0000   0.0000   0.0000   0.0000   0.0000   0.0000   0.0000 
  0.0000   0.0000   0.0000   0.0000   0.0000   0.0000   0.0000   0.0000   0.0000   0.0000 
  0.0000   0.0000   0.0000   0.0000   0.0000   0.0000   0.0000   0.0000   0.0000   0.0000 
  0.0000   0.0000   0.0000   0.0000   0.0000   0.0000   0.0000   0.0000   0.0000   0.0000 
  0.0000   0.0000   0.0000   0.0000   0.0000   0.0000   0.0000   0.0000   0.0000   0.0000 
  0.0000   0.0000   0.0000   0.0000   0.0000   0.0000   0.0000   0.0000   0.0000   0.0000 
  0.0000   0.0000   0.0000   0.0000   0.0000   0.0000   0.0000   0.0000   0.0000   0.0000 
  0.0000   0.0000   0.0000   0.0000   0.0000   0.0000   0.0000   0.0000   0.0000   0.0000 
  0.0000   0.0000   0.0000   0.0000   0.0000   0.0000   0.0000   0.0000   0.0000   0.0000 
  0.0000   0.0000   0.0000   0.0000   0.0000   0.0000   0.0000   0.0000   0.0000   0.0000 
  0.0000   0.0000   0.0000   0.0000   0.0000   0.0000   0.0000   0.0000   0.0000   0.0000 
  0.0000   0.0000   0.0000   0.0000   0.0000   0.0000   0.0000   0.0000   0.0000   0.0000 
  0.0000   0.0000   0.0000   0.0000   0.0000   0.0000   0.0000   0.0000   0.0000   0.0000 
  0.0000   0.0000   0.0000   0.0000   0.0000   0.0000   0.0000   0.0000   0.0000   0.0000 
  0.0000   0.0000   0.0000   0.0000   0.0000   0.0000   0.0000   0.0000   0.0000   0.0000 
  0.0000   0.0000   0.0000   0.0000   0.0000   0.0000   0.0000   0.0000   0.0000   0.0000 
  0.0000   0.0000   0.0000   0.0000   0.0000   0.0000   0.0000   0.0000   0.0000   0.0000 
  0.0000   0.0000   0.0000   0.0000   0.0000   0.0000   0.0000   0.0000   0.0000   0.0000 
  0.0000   0.0000   0.0000   0.0000   0.0000   0.0000   0.0000   0.0000   0.0000   0.0000 
  0.0000   0.0000   0.0000   0.0000   0.0000   0.0000   0.0000   0.0000   0.0000   0.0000 
  0.0000   0.0000   0.0000   0.0000   0.0000   0.0000   0.0000   0.0000   0.0000   0.0000 
  0.0000   0.0000   0.0000   0.0000   0.0000   0.0000   0.0000   0.0000   0.0000   0.0000 
  0.0000   0.0000   0.0000   0.0000   0.0000   0.0000   0.0000   0.0000   0.0000   0.0000 
  0.0000   0.0000   0.0000   0.0000   0.0000   0.0000   0.0000   0.0000   0.0000   0.0000 
  0.0000   0.0000   0.0000   0.0000   0.0000   0.0000   0.0000   0.0000   0.0000   0.0000 
  0.0000   0.0000   0.0000   0.0000   0.0000   0.0000   0.0000   0.0000   0.0000   0.0000 
  0.0000   0.0000   0.0000   0.0000   0.0000   0.0000   0.0000   0.0000   0.0000   0.0000 
  0.0000   0.0000   0.0000   0.0000   0.0000   0.0000   0.0000   0.0000   0.0000   0.0000 
  0.0000   0.0000   0.0000   0.0000   0.0000   0.0000   0.0000   0.0000   0.0000   0.0000 
  0.0000   0.0000   0.0000   0.0000   0.0000   0.0000   0.0000   0.0000   0.0000   0.0000 
  0.0000   0.0000   0.0000   0.0000   0.0000   0.0000   0.0000   0.0000   0.0000   0.0000 
  0.0000   0.0000   0.0000   0.0000   0.0000   0.0000   0.0000   0.0000   0.0000   0.0000 
  0.0000   0.0000   0.0000   0.0000   0.0000   0.0000   0.0000   0.0000   0.0000   0.0000 
  0.0000   0.0000   0.0000   0.0000   0.0000   0.0000   0.0000   0.0000   0.0000   0.0000 
  0.0000   0.0000   0.0000   0.0000   0.0000   0.0000   0.0000   0.0000   0.0000   0.0000 
  0.0000   0.0000   0.0000   0.0000   0.0000   0.0000   0.0000   0.0000   0.0000   0.0000 
  0.0000   0.0000   0.0000   0.0000   0.0000   0.0000   0.0000   0.0000   0.0000   0.0000 
  0.0000   0.0000   0.0000   0.0000   0.0000   0.0000   0.0000   0.0000   0.0000   0.0000 
  0.0000   0.0000   0.0000   0.0000   0.0000   0.0000   0.0000   0.0000   0.0000   0.0000 
  0.0000   0.0000   0.0000   0.0000   0.0000   0.0000   0.0000   0.0000   0.0000   0.0000 
  0.0000   0.0000   0.0000   0.0000   0.0000   0.0000   0.0000   0.0000   0.0000   0.0000 
  0.0000   0.0000   0.0000   0.0000   0.0000   0.0000   0.0000   0.0000   0.0000   0.0000 
  0.0000   0.0000   0.0000   0.0000   0.0000   0.0000   0.0000   0.0000   0.0000   0.0000 
  0.0000   0.0000   0.0000   0.0000   0.0000   0.0000   0.0000   0.0000   0.0000   0.0000 
  0.0000   0.0000   0.0000   0.0000   0.0000   0.0000   0.0000   0.0000   0.0000   0.0000 
  0.0000   0.0000   0.0000   0.0000   0.0000   0.0000   0.0000   0.0000   0.0000   0.0000 
  0.0000   0.0000   0.0000   0.0000   0.0000   0.0000   0.0000   0.0000   0.0000   0.0000 
  0.0000   0.0000   0.0000   0.0000   0.0000   0.0000   0.0000   0.0000   0.0000   0.0000 
  0.0000   0.0000   0.0000   0.0000   0.0000   0.0000   0.0000   0.0000   0.0000   0.0000 
  0.0000   0.0000   0.0000   0.0000   0.0000   0.0000   0.0000   0.0000   0.0000   0.0000 
  0.0000   0.0000   0.0000   0.0000   0.0000   0.0000   0.0000   0.0000   0.0000   0.0000 
  0.0000   0.0000   0.0000   0.0000   0.0000   0.0000   0.0000   0.0000   0.0000   0.0000 
  0.0000   0.0000   0.0000   0.0000   0.0000   0.0000   0.0000   0.0000   0.0000   0.0000 
  0.0000   0.0000   0.0000   0.0000   0.0000   0.0000   0.0000   0.0000   0.0000   0.0000 
  0.0000   0.0000   0.0000   0.0000   0.0000   0.0000   0.0000   0.0000   0.0000   0.0000 
  0.0000   0.0000   0.0000   0.0000   0.0000   0.0000   0.0000   0.0000   0.0000   0.0000 
  0.0000   0.0000   0.0000   0.0000   0.0000   0.0000   0.0000   0.0000   0.0000   0.0000 
  0.0000   0.0000   0.0000   0.0000   0.0000   0.0000   0.0000   0.0000   0.0000   0.0000 
  0.0000   0.0000   0.0000   0.0000   0.0000   0.0000   0.0000   0.0000   0.0000   0.0000 
  0.0000   0.0000   0.0000   0.0000   0.0000   0.0000   0.0000   0.0000   0.0000   0.0000 
  0.0000   0.0000   0.0000   0.0000   0.0000   0.0000   0.0000   0.0000   0.0000   0.0000 
  0.0000   0.0000   0.0000   0.0000   0.0000   0.0000   0.0000   0.0000   0.0000   0.0000 
  0.0000   0.0000   0.0000   0.0000   0.0000   0.0000   0.0000   0.0000   0.0000   0.0000 
  0.0000   0.0000   0.0000   0.0000   0.0000   0.0000   0.0000   0.0000   0.0000   0.0000 
  0.0000   0.0000   0.0000   0.0000   0.0000   0.0000   0.0000   0.0000   0.0000   0.0000 
  0.0000   0.0000   0.0000   0.0000   0.0000   0.0000   0.0000   0.0000   0.0000   0.0000 
  0.0000   0.0000   0.0000   0.0000   0.0000   0.0000   0.0000   0.0000   0.0000   0.0000 
  0.0000   0.0000   0.0000   0.0000   0.0000   0.0000   0.0000   0.0000   0.0000   0.0000 
  0.0000   0.0000   0.0000   0.0000   0.0000   0.0000   0.0000   0.0000   0.0000   0.0000 
  0.0000   0.0000   0.0000   0.0000   0.0000   0.0000   0.0000   0.0000   0.0000   0.0000 
  0.0000   0.0000   0.0000   0.0000   0.0000   0.0000   0.0000   0.0000   0.0000   0.0000 
  0.0000   0.0000   0.0000   0.0000   0.0000   0.0000   0.0000   0.0000   0.0000   0.0000 
  0.0000   0.0000   0.0000   0.0000   0.0000   0.0000   0.0000   0.0000   0.0000   0.0000 
  0.0000   0.0000   0.0000   0.0000   0.0000   0.0000   0.0000   0.0000   0.0000   0.0000 
  0.0000   0.0000   0.0000   0.0000   0.0000   0.0000   0.0000   0.0000   0.0000   0.0000 
  0.0000   0.0000   0.0000   0.0000   0.0000   0.0000   0.0000   0.0000   0.0000   0.0000 
  0.0000   0.0000   0.0000   0.0000   0.0000   0.0000   0.0000   0.0000   0.0000   0.0000 
  0.0000   0.0000   0.0000   0.0000   0.0000   0.0000   0.0000   0.0000   0.0000   0.0000 
  0.0000   0.0000   0.0000   0.0000   0.0000   0.0000   0.0000   0.0000   0.0000   0.0000 
  0.0000   0.0000   0.0000   0.0000   0.0000   0.0000   0.0000   0.0000   0.0000   0.0000 
  0.0000   0.0000   0.0000   0.0000   0.0000   0.0000   0.0000   0.0000   0.0000   0.0000 
  0.0000   0.0000   0.0000   0.0000   0.0000   0.0000   0.0000   0.0000   0.0000   0.0000 
  0.0000   0.0000   0.0000   0.0000   0.0000   0.0000   0.0000   0.0000   0.0000   0.0000 
  0.0000   0.0000   0.0000   0.0000   0.0000   0.0000   0.0000   0.0000   0.0000   0.0000 
  0.0000   0.0000   0.0000   0.0000   0.0000   0.0000   0.0000   0.0000   0.0000   0.0000 
  0.0000   0.0000   0.0000   0.0000   0.0000   0.0000   0.0000   0.0000   0.0000   0.0000 
  0.0000   0.0000   0.0000   0.0000   0.0000   0.0000   0.0000   0.0000   0.0000   0.0000 
  0.0000   0.0000   0.0000   0.0000   0.0000   0.0000   0.0000   0.0000   0.0000   0.0000 
  0.0000   0.0000   0.0000   0.0000   0.0000   0.0000   0.0000   0.0000   0.0000   0.0000 
  0.0000   0.0000   0.0000   0.0000   0.0000   0.0000   0.0000   0.0000   0.0000   0.0000 
  0.0000   0.0000   0.0000   0.0000   0.0000   0.0000   0.0000   0.0000   0.0000   0.0000 
  0.0000   0.0000   0.0000   0.0000   0.0000   0.0000   0.0000   0.0000   0.0000   0.0000 
  0.0000   0.0000   0.0000   0.0000   0.0000   0.0000   0.0000   0.0000   0.0000   0.0000 
  0.0000   0.0000   0.0000   0.0000   0.0000   0.0000   0.0000   0.0000   0.0000   0.0000 
  0.0000   0.0000   0.0000   0.0000   0.0000   0.0000   0.0000   0.0000   0.0000   0.0000 
  0.0000   0.0000   0.0000   0.0000   0.0000   0.0000   0.0000   0.0000   0.0000   0.0000 
  0.0000   0.0000   0.0000   0.0000   0.0000   0.0000   0.0000   0.0000   0.0000   0.0000 
  0.0000   0.0000   0.0000   0.0000   0.0000   0.0000   0.0000   0.0000   0.0000   0.0000 
  0.0000   0.0000   0.0000   0.0000   0.0000   0.0000   0.0000   0.0000   0.0000   0.0000 
  0.0000   0.0000   0.0000   0.0000   0.0000   0.0000   0.0000   0.0000   0.0000   0.0000 
  0.0000   0.0000   0.0000   0.0000   0.0000   0.0000   0.0000   0.0000   0.0000   0.0000 
  0.0000   0.0000   0.0000   0.0000   0.0000   0.0000   0.0000   0.0000   0.0000   0.0000 
  0.0000   0.0000   0.0000   0.0000   0.0000   0.0000   0.0000   0.0000   0.0000   0.0000 
  0.0000   0.0000   0.0000   0.0000   0.0000   0.0000   0.0000   0.0000   0.0000   0.0000 
  0.0000   0.0000   0.0000   0.0000   0.0000   0.0000   0.0000   0.0000   0.0000   0.0000 
  0.0000   0.0000   0.0000   0.0000   0.0000   0.0000   0.0000   0.0000   0.0000   0.0000 
  0.0000   0.0000   0.0000   0.0000   0.0000   0.0000   0.0000   0.0000   0.0000   0.0000 
  0.0000   0.0000   0.0000   0.0000   0.0000   0.0000   0.0000   0.0000   0.0000   0.0000 
  0.0000   0.0000   0.0000   0.0000   0.0000   0.0000   0.0000   0.0000   0.0000   0.0000 
  0.0000   0.0000   0.0000   0.0000   0.0000   0.0000   0.0000   0.0000   0.0000   0.0000 
  0.0000   0.0000   0.0000   0.0000   0.0000   0.0000   0.0000   0.0000   0.0000   0.0000 
  0.0000   0.0000   0.0000   0.0000   0.0000   0.0000   0.0000   0.0000   0.0000   0.0000 
  0.0000   0.0000   0.0000   0.0000   0.0000   0.0000   0.0000   0.0000   0.0000   0.0000 
  0.0000   0.0000   0.0000   0.0000   0.0000   0.0000   0.0000   0.0000   0.0000   0.0000 
  0.0000   0.0000   0.0000   0.0000   0.0000   0.0000   0.0000   0.0000   0.0000   0.0000 
  0.0000   0.0000   0.0000   0.0000   0.0000   0.0000   0.0000   0.0000   0.0000   0.0000 
  0.0000   0.0000   0.0000   0.0000   0.0000   0.0000   0.0000   0.0000   0.0000   0.0000 
  0.0000   0.0000   0.0000   0.0000   0.0000   0.0000   0.0000   0.0000   0.0000   0.0000 
  0.0000   0.0000   0.0000   0.0000   0.0000   0.0000   0.0000   0.0000   0.0000   0.0000 
  0.0000   0.0000   0.0000   0.0000   0.0000   0.0000   0.0000   0.0000   0.0000   0.0000 
  0.0000   0.0000   0.0000   0.0000   0.0000   0.0000   0.0000   0.0000   0.0000   0.0000 
  0.0000   0.0000   0.0000   0.0000   0.0000   0.0000   0.0000   0.0000   0.0000   0.0000 
  0.0000   0.0000   0.0000   0.0000   0.0000   0.0000   0.0000   0.0000   0.0000   0.0000 
  0.0000   0.0000   0.0000   0.0000   0.0000   0.0000   0.0000   0.0000   0.0000   0.0000 
  0.0000   0.0000   0.0000   0.0000   0.0000   0.0000   0.0000   0.0000   0.0000   0.0000 
  0.0000   0.0000   0.0000   0.0000   0.0000   0.0000   0.0000   0.0000   0.0000   0.0000 
  0.0000   0.0000   0.0000   0.0000   0.0000   0.0000   0.0000   0.0000   0.0000   0.0000 
  0.0000   0.0000   0.0000   0.0000   0.0000   0.0000   0.0000   0.0000   0.0000   0.0000 
  0.0000   0.0000   0.0000   0.0000   0.0000   0.0000   0.0000   0.0000   0.0000   0.0000 
  0.0000   0.0000   0.0000   0.0000   0.0000   0.0000   0.0000   0.0000   0.0000   0.0000 
  0.0000   0.0000   0.0000   0.0000   0.0000   0.0000   0.0000   0.0000   0.0000   0.0000 
  0.0000   0.0000   0.0000   0.0000   0.0000   0.0000   0.0000   0.0000   0.0000   0.0000 
  0.0000   0.0000   0.0000   0.0000   0.0000   0.0000   0.0000   0.0000   0.0000   0.0000 
  0.0000   0.0000   0.0000   0.0000   0.0000   0.0000   0.0000   0.0000   0.0000   0.0000 
  0.0000   0.0000   0.0000   0.0000   0.0000   0.0000   0.0000   0.0000   0.0000   0.0000 
  0.0000   0.0000   0.0000   0.0000   0.0000   0.0000   0.0000   0.0000   0.0000   0.0000 
  0.0000   0.0000   0.0000   0.0000   0.0000   0.0000   0.0000   0.0000   0.0000   0.0000 
  0.0000   0.0000   0.0000   0.0000   0.0000   0.0000   0.0000   0.0000   0.0000   0.0000 
  0.0000   0.0000   0.0000   0.0000   0.0000   0.0000   0.0000   0.0000   0.0000   0.0000 
  0.0000   0.0000   0.0000   0.0000   0.0000   0.0000   0.0000   0.0000   0.0000   0.0000 
  0.0000   0.0000   0.0000   0.0000   0.0000   0.0000   0.0000   0.0000   0.0000   0.0000 
  0.0000   0.0000   0.0000   0.0000   0.0000   0.0000   0.0000   0.0000   0.0000   0.0000 
  0.0000   0.0000   0.0000   0.0000   0.0000   0.0000   0.0000   0.0000   0.0000   0.0000 
  0.0000   0.0000   0.0000   0.0000   0.0000   0.0000   0.0000   0.0000   0.0000   0.0000 
  0.0000   0.0000   0.0000   0.0000   0.0000   0.0000   0.0000   0.0000   0.0000   0.0000 
  0.0000   0.0000   0.0000   0.0000   0.0000   0.0000   0.0000   0.0000   0.0000   0.0000 
  0.0000   0.0000   0.0000   0.0000   0.0000   0.0000   0.0000   0.0000   0.0000   0.0000 
  0.0000   0.0000   0.0000   0.0000   0.0000   0.0000   0.0000   0.0000   0.0000   0.0000 
  0.0000   0.0000   0.0000   0.0000   0.0000   0.0000   0.0000   0.0000   0.0000   0.0000 
  0.0000   0.0000   0.0000   0.0000   0.0000   0.0000   0.0000   0.0000   0.0000   0.0000 
  0.0000   0.0000   0.0000   0.0000   0.0000   0.0000   0.0000   0.0000   0.0000   0.0000 
  0.0000   0.0000   0.0000   0.0000   0.0000   0.0000   0.0000   0.0000   0.0000   0.0000 
  0.0000   0.0000   0.0000   0.0000   0.0000   0.0000   0.0000   0.0000   0.0000   0.0000 
  0.0000   0.0000   0.0000   0.0000   0.0000   0.0000   0.0000   0.0000   0.0000   0.0000 
  0.0000   0.0000   0.0000   0.0000   0.0000   0.0000   0.0000   0.0000   0.0000   0.0000 
  0.0000   0.0000   0.0000   0.0000   0.0000   0.0000   0.0000   0.0000   0.0000   0.0000 
  0.0000   0.0000   0.0000   0.0000   0.0000   0.0000   0.0000   0.0000   0.0000   0.0000 
  0.0000   0.0000   0.0000   0.0000   0.0000   0.0000   0.0000   0.0000   0.0000   0.0000 
  0.0000   0.0000   0.0000   0.0000   0.0000   0.0000   0.0000   0.0000   0.0000   0.0000 
  0.0000   0.0000   0.0000   0.0000   0.0000   0.0000   0.0000   0.0000   0.0000   0.0000 
  0.0000   0.0000   0.0000   0.0000   0.0000   0.0000   0.0000   0.0000   0.0000   0.0000 
  0.0000   0.0000   0.0000   0.0000   0.0000   0.0000   0.0000   0.0000   0.0000   0.0000 
  0.0000   0.0000   0.0000   0.0000   0.0000   0.0000   0.0000   0.0000   0.0000   0.0000 
  0.0000   0.0000   0.0000   0.0000   0.0000   0.0000   0.0000   0.0000   0.0000   0.0000 
  0.0000   0.0000   0.0000   0.0000   0.0000   0.0000   0.0000   0.0000   0.0000   0.0000 
  0.0000   0.0000   0.0000   0.0000   0.0000   0.0000   0.0000   0.0000   0.0000   0.0000 
  0.0000   0.0000   0.0000   0.0000   0.0000   0.0000   0.0000   0.0000   0.0000   0.0000 
  0.0000   0.0000   0.0000   0.0000   0.0000   0.0000   0.0000   0.0000   0.0000   0.0000 
  0.0000   0.0000   0.0000   0.0000   0.0000   0.0000   0.0000   0.0000   0.0000   0.0000 
  0.0000   0.0000   0.0000   0.0000   0.0000   0.0000   0.0000   0.0000   0.0000   0.0000 
  0.0000   0.0000   0.0000   0.0000   0.0000   0.0000   0.0000   0.0000   0.0000   0.0000 
  0.0000   0.0000   0.0000   0.0000   0.0000   0.0000   0.0000   0.0000   0.0000   0.0000 
  0.0000   0.0000   0.0000   0.0000   0.0000   0.0000   0.0000   0.0000   0.0000   0.0000 
  0.0000   0.0000   0.0000   0.0000   0.0000   0.0000   0.0000   0.0000   0.0000   0.0000 
  0.0000   0.0000   0.0000   0.0000   0.0000   0.0000   0.0000   0.0000   0.0000   0.0000 
  0.0000   0.0000   0.0000   0.0000   0.0000   0.0000   0.0000   0.0000   0.0000   0.0000 
  0.0000   0.0000   0.0000   0.0000   0.0000   0.0000   0.0000   0.0000   0.0000   0.0000 
  0.0000   0.0000   0.0000   0.0000   0.0000   0.0000   0.0000   0.0000   0.0000   0.0000 
  0.0000   0.0000   0.0000   0.0000   0.0000   0.0000   0.0000   0.0000   0.0000   0.0000 
  0.0000   0.0000   0.0000   0.0000   0.0000   0.0000   0.0000   0.0000   0.0000   0.0000 
  0.0000   0.0000   0.0000   0.0000   0.0000   0.0000   0.0000   0.0000   0.0000   0.0000 
  0.0000   0.0000   0.0000   0.0000   0.0000   0.0000   0.0000   0.0000   0.0000   0.0000 
  0.0000   0.0000   0.0000   0.0000   0.0000   0.0000   0.0000   0.0000   0.0000   0.0000 
  0.0000   0.0000   0.0000   0.0000   0.0000   0.0000   0.0000   0.0000   0.0000   0.0000 
  0.0000   0.0000   0.0000   0.0000   0.0000   0.0000   0.0000   0.0000   0.0000   0.0000 
  0.0000   0.0000   0.0000   0.0000   0.0000   0.0000   0.0000   0.0000   0.0000   0.0000 
  0.0000   0.0000   0.0000   0.0000   0.0000   0.0000   0.0000   0.0000   0.0000   0.0000 
  0.0000   0.0000   0.0000   0.0000   0.0000   0.0000   0.0000   0.0000   0.0000   0.0000 
  0.0000   0.0000   0.0000   0.0000   0.0000   0.0000   0.0000   0.0000   0.0000   0.0000 
  0.0000   0.0000   0.0000   0.0000   0.0000   0.0000   0.0000   0.0000   0.0000   0.0000 
  0.0000   0.0000   0.0000   0.0000   0.0000   0.0000   0.0000   0.0000   0.0000   0.0000 
  0.0000   0.0000   0.0000   0.0000   0.0000   0.0000   0.0000   0.0000   0.0000   0.0000 
  0.0000   0.0000   0.0000   0.0000   0.0000   0.0000   0.0000   0.0000   0.0000   0.0000 
  0.0000   0.0000   0.0000   0.0000   0.0000   0.0000   0.0000   0.0000   0.0000   0.0000 
  0.0000   0.0000   0.0000   0.0000   0.0000   0.0000   0.0000   0.0000   0.0000   0.0000 
  0.0000   0.0000   0.0000   0.0000   0.0000   0.0000   0.0000   0.0000   0.0000   0.0000 
  0.0000   0.0000   0.0000   0.0000   0.0000   0.0000   0.0000   0.0000   0.0000   0.0000 
  0.0000   0.0000   0.0000   0.0000   0.0000   0.0000   0.0000   0.0000   0.0000   0.0000 
  0.0000   0.0000   0.0000   0.0000   0.0000   0.0000   0.0000   0.0000   0.0000   0.0000 
  0.0000   0.0000   0.0000   0.0000   0.0000   0.0000   0.0000   0.0000   0.0000   0.0000 
  0.0000   0.0000   0.0000   0.0000   0.0000   0.0000   0.0000   0.0000   0.0000   0.0000 
  0.0000   0.0000   0.0000   0.0000   0.0000   0.0000   0.0000   0.0000   0.0000   0.0000 
  0.0000   0.0000   0.0000   0.0000   0.0000   0.0000   0.0000   0.0000   0.0000   0.0000 
  0.0000   0.0000   0.0000   0.0000   0.0000   0.0000   0.0000   0.0000   0.0000   0.0000 
  0.0000   0.0000   0.0000   0.0000   0.0000   0.0000   0.0000   0.0000   0.0000   0.0000 
  0.0000   0.0000   0.0000   0.0000   0.0000   0.0000   0.0000   0.0000   0.0000   0.0000 
  0.0000   0.0000   0.0000   0.0000   0.0000   0.0000   0.0000   0.0000   0.0000   0.0000 
  0.0000   0.0000   0.0000   0.0000   0.0000   0.0000   0.0000   0.0000   0.0000   0.0000 
