y-axis acceleration data

 -0.5083  -0.2852   0.1895   0.0005  -0.0664   0.0049  -0.3887  -0.4121  -0.6343  -0.3818 
 -0.4238  -0.3257  -0.0317   0.0171  -0.1885   0.1753  -0.4712  -0.5410  -0.4429  -0.0986 
 -0.3403  -0.2261  -0.1162  -0.1045  -0.4434   0.0767  -0.2700  -0.5786  -0.2891   0.0430 
 -0.3853  -0.2021   0.0469  -0.0029  -0.6777   0.0054  -0.9902  -0.4546  -0.1870  -0.2183 
 -0.4873  -0.2432  -0.5640  -0.0786  -0.5303   0.1597  -0.2046  -0.5820  -0.1470  -0.5947 
 -0.4907   0.0698  -0.1836   0.1401  -0.1270   0.1763   0.6084  -0.5347  -0.1216  -0.4961 
 -0.4336  -0.0464  -0.8179   0.3013   0.4756  -0.0962   0.0962  -0.5103  -0.2769  -0.1797 
 -0.3926   0.0640  -0.0073  -0.0371   0.9233  -0.0605   0.0513  -0.4858  -0.1851  -0.0298 
 -0.4443  -0.1021   0.6504  -0.3525   0.0605  -0.3271   0.0703  -0.4961   0.1265  -0.1465 
 -0.4316  -0.3975   0.1396  -0.5039  -0.7275   0.0996  -0.0913  -0.4849  -0.1084  -0.5474 
 -0.3960   0.5190  -0.8970  -0.1094  -0.7705   0.1768   0.1289  -0.2266  -0.1880  -0.5913 
 -0.4370   0.3330  -0.4951  -0.0576  -0.4609  -0.3560   0.2900  -0.0747  -0.1460  -0.5210 
 -0.5264   0.8745  -0.3320   0.6187  -0.0630   0.9272   0.0361  -0.3486  -0.0166  -0.4424 
 -0.5996   0.1680  -0.0488   1.3428   0.5298   0.3486   0.0322  -0.5928   0.2041  -0.5039 
 -0.4180  -0.3940   0.2700  -0.0430   0.6924  -2.0703   0.0107   0.0645   0.3140  -0.3594 
 -0.2974  -0.9868   0.1235  -1.7852   0.2363  -0.4756  -0.4448  -0.1895  -0.1587  -0.3467 
 -0.4419  -0.1235  -0.2227  -0.4751  -0.5903   0.2432  -0.5054  -0.2964  -0.1660  -0.5391 
 -0.3701   0.4663  -0.9292   0.0952  -0.5557   0.7500  -0.5195  -0.0356   0.0352  -0.6753 
 -0.2236   0.2085  -0.9482  -0.0591  -0.6885   0.7612  -0.0254  -0.1743   0.3662   0.2632 
 -0.3018  -0.0864  -0.5000  -0.2559  -0.5313  -0.1196   0.6514  -0.1899   0.9814  -0.0347 
 -0.1528  -0.1523  -0.2285   0.3638  -0.3052  -0.6050   0.8403  -0.3672   0.8682  -0.5854 
 -0.1104  -0.0093  -0.2534   0.4150  -0.2119  -1.0522  -0.4121  -0.1924  -0.1069  -0.2788 
 -0.1167   0.3081  -0.1572  -0.3457  -0.9575  -0.7563  -1.6030  -0.1216  -1.4297   0.0488 
 -0.1255  -0.0127  -0.5986  -0.9331  -0.4595  -0.1719  -0.0225  -0.1987  -0.4634  -0.1973 
 -0.3628   0.0942   0.0498  -0.8018  -0.1377  -0.4844   0.1499  -0.2563   0.6768  -0.2271 
 -0.2969  -0.0767   0.3745  -0.2637   0.1743  -0.2808   0.0234  -0.1445   0.7910  -0.1758 
 -0.2695  -0.0972  -0.4229  -0.4507  -0.0317   0.1548   0.4258  -0.0747   0.3105  -0.1812 
 -0.1899   0.1406   0.0347  -0.3218   0.0962   0.1387   0.5688  -0.2051   0.2529  -0.1479 
 -0.0762  -0.0586   0.3750   0.1455   0.1470   0.0181   0.0195  -0.1904  -0.0679  -0.0591 
  0.0391  -0.3281   0.0215  -0.3076  -0.0127  -0.5049  -0.7671  -0.1597   0.0000  -0.0303 
  0.0957  -0.5278   0.1714   0.1138  -0.0664  -0.0625  -0.6836  -0.1611  -0.0415  -0.1089 
  0.0469  -0.0410   0.2500   0.2188   0.2061   0.7168  -0.2788  -0.1572  -0.3760  -0.1865 
  0.0244   0.7583  -0.0850  -0.1841   0.2222   0.6201  -0.2886  -0.1372  -0.7222  -0.0449 
  0.1226   0.3145  -0.3359  -0.2275  -0.1406   0.0000  -0.9136  -0.1411  -0.4907  -0.0034 
 -0.0903  -0.0742  -0.2437   0.4526  -0.3184  -0.3198  -0.3711  -0.1787   0.2749  -0.1758 
 -0.3843  -0.0757   0.1240   0.4741  -0.5850  -0.3003  -0.3916  -0.0649  -0.2627  -0.1655 
 -0.7603  -0.1396  -0.0840   0.1118   0.2173  -0.3047  -0.1719  -0.1040  -1.0884  -0.0684 
 -0.5454  -0.0513   0.7163   0.0522   0.2578  -0.0874  -0.2041  -0.1387  -1.2144  -0.0029 
 -0.1006   0.1660   1.0869   0.0259   0.4595   0.0845  -0.0015  -0.2241  -0.8335  -0.1494 
  0.0049  -0.0596  -0.8584  -0.1055   0.8042   0.2290  -0.0615  -0.1162  -0.5527  -0.1724 
 -0.3896  -0.2832  -0.9395  -0.0430   0.3979   0.8794  -0.1880  -0.0811  -0.3193   0.0547 
 -0.8364  -0.5649   0.0527   0.0933  -1.0649  -0.3657   0.0361  -0.1230  -0.3008  -0.0317 
 -1.0396  -0.1904   0.2627   0.1484  -0.1807  -1.4336   0.1230  -0.2139  -0.2246  -0.0483 
 -0.2695  -0.0352   0.1719   0.0146   0.6187   0.1729  -0.0200  -0.2192  -0.1997  -0.0190 
 -0.2422  -0.1304   0.5645   0.5889   0.4072   0.6484   0.1587  -0.0830  -0.0918  -0.1196 
 -1.0249   0.0298   0.0073  -0.6406   0.2134   0.6372   0.2983  -0.0483  -0.4380  -0.1143 
 -0.3057  -0.1221  -0.6650  -1.0078  -0.0332   0.1787   0.2720  -0.0703  -0.5361  -0.0474 
 -0.1196  -0.6680  -0.6938   0.2954  -0.2568   0.1113   0.1016   0.0034  -0.4048  -0.0815 
 -0.3569  -0.9233  -0.3506   0.0630  -0.8203  -0.1450   0.0498   0.2168   0.1182  -0.1606 
 -0.2134   0.2681   0.1958   0.0430  -0.5435  -0.4653   0.3486   0.3242  -0.1929  -0.0820 
 -0.1479   0.0522  -0.0049   0.1768  -0.4648  -0.5859   0.5889   0.2212  -0.5474   0.1538 
 -0.3213  -0.2949  -0.6553   0.2349  -0.0679  -0.5010   1.2158   0.3838  -0.8154   0.0879 
 -0.3457   0.0718  -0.9360  -0.3340  -0.3530  -0.1768   0.6587   0.5874  -0.4238   0.0220 
 -0.0537   0.4683  -0.7720  -1.1484  -0.7051  -0.1284  -1.5303   0.7104   0.0122   0.2432 
  0.0913  -0.2153  -0.4512  -1.0674  -0.7031  -0.2910  -1.2583   0.7925  -0.1035   0.3311 
  0.2246  -0.5024  -0.4321  -0.1372  -0.6460  -0.6577   0.5166   0.8169  -0.6807   0.3394 
 -0.3892  -0.7920  -0.3770  -0.1011  -0.6045  -0.6899   1.2441   0.7822  -0.5630   0.5098 
 -0.5918  -0.4229  -0.5674   0.0718  -0.4741  -0.4800   0.9048   0.5166  -0.1724   0.7031 
 -0.0415  -0.2065  -0.9736  -0.4126  -0.4077  -0.3330   0.3506   0.1060  -0.2104   0.8989 
  0.3882  -0.1860  -0.2153  -0.2437  -0.4521  -0.3833  -0.2256  -0.1641  -0.4067   0.8091 
  0.6206  -0.3623   0.0283   0.1611  -0.4136  -0.5776  -0.3677  -0.0400  -0.2783   0.6694 
  0.3301  -0.1133   0.2734  -0.0703  -0.1968  -0.6304  -0.2207  -0.1636  -0.0728   0.5215 
 -0.3301   0.7988   0.2124   0.1416  -0.4219  -0.5479  -0.1182  -0.3945  -0.4458   0.3613 
 -0.8687   0.1514  -0.5737   0.2402  -0.3125  -0.2500  -0.1367  -1.1914  -0.2886  -0.2754 
 -0.6597  -0.2124  -0.4692  -0.0620  -0.2256  -0.3325  -0.4048  -0.2275  -0.2036  -0.0669 
  0.0430  -0.3042  -0.1548   0.0771  -0.2695  -0.4961  -1.0098  -0.1753  -0.1763   0.2808 
  0.0757   0.3374  -0.2051  -0.0195  -0.4961  -0.3003  -1.0889   0.9858  -0.1592  -0.1699 
  0.0078   0.2324  -0.3633  -0.0635  -0.4868  -0.1494  -0.8491   0.7144  -0.2803  -3.0874 
  0.1377   0.3271  -0.4478  -0.0259  -0.2769  -0.5396  -0.5952   0.5068  -0.1899   0.7944 
  0.1558  -0.1357  -0.3809  -0.4258  -0.3042  -0.4717  -0.4180   0.6362  -0.0503  -0.1572 
 -0.0757  -0.3052   0.0508   0.3027  -0.2612  -0.4380  -0.4648   0.9873  -0.0859   0.3447 
  0.4604  -0.2993  -0.3965   0.0449  -0.2603  -0.3604  -0.7939   0.4595  -0.0557   0.9263 
  0.5596   0.0654  -0.4399   0.3262  -0.1416  -0.4121  -0.6030   0.0127  -0.0366   0.7134 
 -0.0303   0.0249   0.0503   0.9990  -0.4033  -0.4854   0.2310  -0.0264  -0.0747   0.5469 
 -0.6475   1.1191  -0.1387   0.3896  -0.3003  -0.4800  -0.0171   0.0513  -0.0635   0.6982 
 -0.4219   0.7368  -0.4790  -1.5376  -0.2178  -0.3877  -0.1255   0.1035  -0.0938   0.3325 
  0.1826  -0.5420  -0.1968  -1.0698  -0.0640  -0.2070   0.0752   0.3159  -0.0918   0.2271 
  0.1665  -0.7715   0.0049  -0.0063  -0.2729  -0.1626  -0.2227   0.4170  -0.0845   0.2202 
 -0.0234   0.4658  -0.0464   0.3257  -0.1934  -0.5015  -0.6099   0.4546  -0.1196   0.1968 
  0.0063   0.3013  -0.1245  -0.2676  -0.2979  -0.2007  -0.4116   0.4404  -0.0957   0.1494 
  0.0781   0.6431  -0.1128  -0.1812  -0.3223   0.1646  -0.1479   0.2529  -0.1069   0.1240 
  0.4565   0.6675  -0.1470   0.2920  -0.0894  -0.2837  -0.0884   0.1333  -0.0596   0.2856 
  0.1162  -0.1318  -0.2241  -0.1597  -0.1064  -0.4199  -0.0615   0.0732  -0.0229   0.4570 
 -0.0913  -0.2271  -0.1382  -0.5518  -0.2021  -0.1006  -0.5210   0.2095  -0.0234   0.3369 
  0.0396  -0.9595  -0.1182  -0.5903  -0.0439  -0.1558  -0.5356   0.2998  -0.0923   0.1606 
  0.1611  -0.6357  -0.0869  -0.5688  -0.0962  -0.2769  -0.3042   0.2886   0.0542   0.1812 
  0.0317  -0.6743  -0.1035  -0.2666  -0.1133  -0.1274  -0.2334   0.2358  -0.0723   0.1650 
  0.0498  -0.2744  -0.1387   0.2656  -0.0537  -0.0693  -0.3345   0.1865  -0.0630   0.1426 
 -0.1699  -0.3721  -0.1479  -0.0122  -0.0610  -0.0918  -0.5322   0.2432  -0.1362   0.2827 
 -0.4756  -0.7905  -0.1099  -0.8408  -0.1309  -0.1611  -0.5190   0.3481  -0.0396   0.2632 
 -0.4805  -0.8218  -0.0825  -0.9155  -0.1128  -0.0400  -0.1553   0.2612   0.1211   0.2993 
 -0.3779  -0.3984  -0.1611  -0.4365   0.0054  -0.0225   0.1357   0.1836   0.0308   0.3032 
 -0.2637  -0.3530  -0.1392  -0.1973  -0.0679   0.0029  -0.3145   0.1636   0.0938   0.3188 
  0.3789  -0.7046  -0.0703  -0.1377  -0.1538  -0.1323  -0.3687   0.2568   0.3164   0.3018 
  0.2798  -0.7837  -0.0640  -0.2241  -0.1016  -0.1924  -0.1440   0.3589   0.4277   0.2861 
 -0.3965  -0.5806  -0.2026  -0.7681  -0.0605  -0.1177  -0.1045   0.2515   0.2925   0.2271 
 -2.0410  -0.5337  -0.2075  -0.5596  -0.0425  -0.0029  -0.1670   0.1514   0.5513   0.2764 
 -0.2993  -0.4692  -0.1089  -0.3325  -0.0503  -0.1284  -0.2285   0.1709   0.8379   0.3027 
  0.6763  -0.2793  -0.1655   0.2217  -0.0518  -0.1685  -0.1294   0.2822   0.7334   0.2749 
  0.0981  -0.1880  -0.2456  -0.1011  -0.0352  -0.0610  -0.0430   0.2466   0.6494   0.2280 
  0.0215  -0.3330  -0.2759  -0.3179  -0.1318  -0.0063  -0.1030   0.2339   0.7969   0.3408 
  0.1948  -0.3535  -0.3042  -0.2896  -0.1782  -0.1108  -0.1250   0.2290   0.5669   0.3599 
  0.1235  -0.6787  -0.1519  -0.4517  -0.0112  -0.2275  -0.0493   0.2759   0.1650   0.2939 
 -0.1777  -0.4209  -0.0835  -0.7690   0.0542  -0.1045   0.0024   0.3164  -0.3784   0.3105 
 -0.0493  -0.0762  -0.1157  -0.8599  -0.0278  -0.0288  -0.0381   0.2847  -0.5210   0.3555 
 -0.2466  -0.2402   0.0469  -0.4072   0.0591   0.0093  -0.1006   0.2476   2.3579   0.3457 
 -0.6187  -0.5552   0.2529  -0.1777   0.2632   0.0845  -0.0732   0.2124   0.0029   0.2412 
 -0.0767  -0.4370   0.2012  -0.2192   0.3154   0.1655   0.0132   0.2734  -5.6177   0.3057 
 -0.6763  -0.1162   0.2651  -0.6255   0.2632   0.1953  -0.0444   0.3369   1.1387   0.3662 
 -0.1567  -0.1650   0.4966  -0.7402   0.4473   0.2046  -0.1260   0.3232  -0.0327   0.3159 
  0.1587  -0.1724   0.6445  -0.2378   0.7026   0.3711  -0.0469   0.2949   0.2168   0.1934 
 -0.1582  -0.2192   0.7769   0.4854   0.8359   0.5332  -0.0024   0.2754   1.1313   0.2041 
 -0.1680  -0.2388   0.9365  -0.2432   0.7441   0.6724  -0.0864   0.2739   1.0967   0.3188 
 -0.0430  -0.1646   1.0127  -0.7192   0.8174   0.9370  -0.1216   0.2920   1.2480   0.3042 
 -0.1592  -0.0942   0.5908  -0.2256   0.6870   0.9253  -0.0850   0.2842   0.7695   0.2202 
  0.4282  -0.1563   0.5298   0.0410   0.1294   0.7612  -0.1304   0.3003   0.3696   0.1157 
  0.4077  -0.2280  -0.3193  -0.2188  -0.5107   0.5776   0.0293   0.3130   0.1689   0.2705 
  0.1455  -0.1602  -0.8252  -0.2388  -0.1621   0.4170   0.0938   0.3438   0.1743   0.3281 
  0.0615  -0.0596  -0.8501  -0.2603   0.1387   0.0674   0.1392   0.3584   0.1265   0.2451 
 -0.0195  -0.0278   0.5801  -0.1372  -0.8794  -0.5259   0.1689   0.3496  -0.0415   0.1069 
  0.2275  -0.0249  -2.3164  -0.1157  -2.1895   1.1348   0.3076   0.3291   0.0571  -0.0093 
  0.1089  -0.1504   1.7842  -0.1660   0.1738   1.6694   0.3975   0.2935   0.4551   0.0332 
 -0.3413  -0.3018  -1.3838  -0.1543  -0.0557  -4.2344   0.4346   0.3232   0.5698  -0.0444 
  0.0923  -0.0557  -0.5669  -0.0542   0.2871  -2.2231   0.7046   0.3301   0.4272  -0.1025 
 -0.9702   0.2637   0.9858  -0.0459   1.2051   0.3530   0.9106   0.3672   0.3418  -0.1313 
  0.0273  -0.3574   1.6973  -0.0747   0.9116   1.0815   0.8721   0.3989   0.3101  -0.1128 
  1.6387  -0.3672   0.4185  -0.1406   0.2007   1.7769   0.7769   0.3003   0.2163  -0.0298 
  0.6987  -0.0425   0.3384  -0.1270   0.7749  -0.1255   0.6523   0.0996   0.1772   0.0703 
 -1.7007   0.0269   0.6211  -0.0835   0.5352  -0.0488   0.6436   0.0376   0.1050   0.1079 
 -1.6855  -0.1855   0.2192  -0.1626   0.0405   0.5811  -0.0425   0.0259   0.2510   0.1396 
  0.1118  -0.3545   0.0439  -0.2256   0.0376   0.7388  -0.5415   0.0298   0.3613   0.0840 
  0.7031  -0.2266   0.1089  -0.1250   0.1006   0.3979   0.1855  -0.0752   0.3364  -0.1084 
  0.7583  -0.1777   0.1851  -0.0313   0.1187   0.1465   0.6436  -0.0352   0.2231  -0.3486 
  0.5293  -0.2148   0.2393  -0.1270   0.2524   0.2061  -2.3101   0.1812   0.2295  -0.4038 
 -0.2158  -0.1187   0.3960  -0.2070   0.4307   0.2817   0.2686   0.2671   0.3638  -0.2041 
 -0.1743  -0.0547   0.4570  -0.0483   0.4487   0.3857  -1.6265   0.1533   0.3931   0.0327 
 -0.4624   0.0586   0.3486  -0.0684   0.3750   0.3857   1.4214  -0.0264   0.2583   0.1763 
 -0.9575   0.2144   0.2637  -0.2549   0.4180   0.3604   1.8438  -0.0698   0.2949   0.6396 
 -0.7124   0.2554   0.1919  -0.1758   0.2861   0.3745   0.5317  -0.0244   0.4370   1.1255 
 -0.1870   0.2739   0.1470  -0.1597   0.1016   0.3101   0.1816  -0.0264   0.3921   1.2944 
 -0.0493   0.4858   0.1514  -0.0410   0.1138   0.2598   0.6763  -0.1133   0.2871   0.9424 
 -0.5195   0.6084   0.1709  -0.0459   0.1987   0.3169   0.7480   0.2173   0.2754   0.7520 
 -0.9741   0.6255   0.2334  -0.0044   0.3340   0.2080   0.3257   0.3525   0.3467   0.3066 
 -0.9536   0.7817   0.2651   0.0884   0.3320   0.1279   0.2573   0.2388   0.3950  -0.2173 
 -0.6943   0.8696   0.2661   0.2271   0.3223   0.2095   0.1772  -0.0601   0.2949  -0.3345 
 -0.5498   0.8853   0.3096   0.2808   0.3320   0.2720  -0.1685  -0.3833   0.3335   0.3687 
 -0.4233   0.6714   0.2896   0.2573   0.3364   0.1582   0.0791  -0.4175   0.3804   0.7432 
 -0.4390   0.2227   0.1758   0.4551   0.2598   0.1733   0.2397  -0.2930   0.3799   0.8066 
 -0.4248   0.0020   0.1587   0.6821   0.2139   0.2178   0.2910   0.3672   0.2856   0.6885 
 -0.3022  -0.7285   0.2988   0.7476   0.2402   0.3110   0.3018   0.6045   0.2524   0.5679 
 -0.1904   0.5747   0.3086   0.8887   0.2896   0.3481   0.2505   0.3276   0.3003   0.3926 
 -0.4399   1.2090   0.2148   0.8584   0.3281   0.1860   0.3315  -0.0703   0.3076   0.0908 
 -0.4858  -3.0684   0.1865   0.6626   0.3120   0.2441   0.1602  -0.2192   0.2891  -0.1665 
 -0.2832  -1.4385   0.1924   0.6128   0.3511   0.1958   0.0654  -0.1016   0.3145  -0.4409 
 -0.1426  -0.5327   0.3608   0.0664   0.3472   0.2241   0.0894   0.2134   0.2876  -0.5713 
 -0.4375   0.9751   0.2993  -0.4819   0.3535   0.2925   0.1533   0.2119   0.2861  -0.3350 
 -0.4771   1.2217   0.2822   0.0693   0.3149   0.2988   0.2451   0.0000   0.3413   0.0820 
 -0.3359   0.9336   0.2979   0.0308   0.2871   0.3564   0.2334   0.0000   0.3477   0.0195 
 -0.2134   0.9453   0.2905  -2.8174   0.2354   0.2720   0.2236   0.0000   0.3467  -0.4067 
 -0.3945   0.8901   0.2646   0.2432   0.1777   0.3013   0.2046   0.0000   0.2729  -0.4766 
 -0.2705   0.4810   0.2939   0.2979   0.3228   0.4150   0.1729   0.0000   0.2554  -0.1938 
 -0.1606   0.1460   0.2930  -0.0063   0.3472   0.2944   0.2104   0.0000   0.3105  -0.0298 
 -0.4839   0.2119   0.2271   1.1177   0.2954   0.1719   0.3188   0.0000   0.3652  -0.1831 
 -0.3613   0.2100   0.2544   0.6602   0.3208   0.2134   0.3345   0.0000   0.2837  -0.3799 
 -0.1738   0.1123   0.2686   0.6348   0.3120   0.3433   0.2124   0.0000   0.2041  -0.4800 
 -0.1914   0.2593   0.2192   0.6797   0.3340   0.3174   0.1602   0.0000   0.2739  -0.5015 
 -0.1553   0.5181   0.2300   0.6743   0.3599   0.2905   0.2222   0.0000   0.2769  -0.4131 
 -0.1782   0.5425   0.1445   0.4043   0.3057   0.2813   0.2944   0.0000   0.1299  -0.1924 
 -0.2549   0.5991   0.2905   0.1929   0.2539   0.3740   0.2271   0.0000   0.0020  -0.0200 
 -0.2676   0.4302   0.3125   0.1475   0.3145   0.3682   0.1182   0.0000   0.0635   0.0342 
 -0.2212   0.2500   0.3281   0.3394   0.3809   0.2886   0.2417   0.0000   0.0815   0.0718 
 -0.0483   0.2090   0.2256   0.3037   0.3950   0.2642   0.3936   0.0000   0.0571   0.1128 
 -0.1206   0.2891   0.2334   0.1738   0.4180   0.2441   0.3535   0.0000   0.0000   0.0000 
 -0.2036   0.2119   0.3374   0.1929   0.3789   0.4204   0.2427   0.0000   0.1147   0.0000 
 -0.1929   0.3394   0.2842   0.5293   0.4087   0.3887   0.2129   0.0000   0.1851   0.0000 
 -0.0659   0.3442   0.3037   0.5479   0.4609   0.2778   0.2476   0.0000   0.2236   0.0000 
 -0.1172   0.3638   0.2686   0.3438   0.4170   0.3115   0.2974   0.0000   0.1934   0.0000 
 -0.2363   0.3257   0.2617   0.1450   0.3418   0.4106   0.2563   0.0000   0.2231   0.0000 
 -0.2241   0.3306   0.4194   0.2759   0.2510   0.3857   0.1992   0.0000   0.2388   0.0000 
 -0.1709   0.2729   0.3906   0.3545   0.2583   0.2759   0.1694   0.0000   0.3120   0.0000 
 -0.1050   0.1460   0.2422   0.3296   0.2568   0.2505   0.2246   0.0000   0.2529   0.0000 
 -0.0464   0.2178   0.0820   0.2393   0.1792   0.3047   0.2349   0.0000   0.1250   0.0000 
 -0.1030   0.3843   0.0483   0.3491   0.0728   0.3125   0.2295   0.0000   0.1709   0.0000 
 -0.1416   0.4038   0.0376   0.4268  -0.0688   0.2783   0.2759   0.0000   0.3516   0.0000 
 -0.0522   0.2314  -0.0747   0.4111  -0.0708   0.2515   0.3506   0.0000   0.5000   0.0000 
 -0.1899   0.2461  -0.1523   0.3223  -0.0166   0.3105   0.3579   0.0000   0.5059   0.0000 
 -0.2227   0.3052  -0.0850   0.1890   0.0171   0.2803   0.3423   0.0000   0.6743   0.0000 
 -0.2788   0.3325  -0.0498   0.2129   0.0596   0.2803   0.4033   0.0000   0.5166   0.0000 
 -0.2402   0.2104  -0.0444   0.3652  -0.0747   0.2896   0.3794   0.0000   0.6230   0.0000 
 -0.2900   0.1963   0.0278   0.3784   0.0786   0.2993   0.4209   0.0000   0.8037   0.0000 
 -0.3540   0.2759   0.1484   0.3208   0.1616   0.2813   0.4048   0.0000   0.6719   0.0000 
 -0.0981   0.3774   0.0229   0.4111   0.1782   0.2852   0.3354   0.0000   0.5234   0.0000 
 -0.0200   0.2671   0.0020   0.4541   0.0898   0.3247   0.2451   0.0000   0.3037   0.0000 
  0.0063   0.2627  -0.0396   0.4077  -0.0322   0.3096   0.2539   0.0000   0.2651   0.0000 
  0.2178   0.2891  -0.2651   0.3423  -0.1162   0.2988   0.3022   0.0000   0.0239   0.0000 
  0.3750   0.3477  -0.3828   0.2354   0.0894   0.2632   0.2749   0.0000   0.4150   0.0000 
  0.2432   0.2593   0.0044   0.2817   0.1997   0.2393   0.1978   0.0000   0.7642   0.0000 
  0.2881   0.2256   0.3491   0.3657   0.2207   0.2773   0.0957   0.0000   0.5366   0.0000 
  0.5908   0.2900   0.2148   0.3521   0.2632   0.3174  -0.0645   0.0000   0.3315   0.0000 
  0.7686   0.3311   0.1523   0.2690   0.3926   0.2524  -0.0142   0.0000   0.1914   0.0000 
  0.9604   0.3442   0.2295   0.3047  -0.0225   0.2280   0.1030   0.0000   0.2080   0.0000 
  0.6606   0.2554   0.1201   0.4043  -0.2124   0.2397   0.0747   0.0000   0.3477   0.0000 
  0.8975   0.2515   0.5049   0.3892   0.0298   0.2974  -0.0576   0.0000   0.2178   0.0000 
  0.8569   0.3223   1.2271   0.2734   0.5278   0.2529  -0.1436   0.0000   0.0430   0.0000 
 -0.2271   0.2900   1.6270   0.2090   1.0640   0.1016  -0.0254   0.0000  -0.1157   0.0000 
 -0.0127   0.2739   1.1050   0.2593   0.7603   0.0444   0.0098   0.0000  -0.1729   0.0000 
 -0.3379   0.3457   0.1948   0.2925  -0.1396   0.1245  -0.1465   0.0000  -0.1709   0.0000 
  1.0547   0.3525   0.3184   0.2163   0.3315   0.1978  -0.2695   0.0000  -0.1748   0.0000 
 -0.3677   0.3018   0.0845   0.2471   1.1279   0.2002  -0.1846   0.0000  -0.1943   0.0000 
 -2.4399   0.2563  -0.1724   0.2876   1.2129   0.1992  -0.1846   0.0000  -0.2212   0.0000 
 -0.7666   0.2642  -0.0562   0.3164   0.0000   0.2158  -0.1787   0.0000  -0.1743   0.0000 
  0.5376   0.2310   0.0986   0.3086   0.0000   0.2319  -0.0459   0.0000  -0.1401   0.0000 
  0.8652   0.1538   0.0811   0.3306   0.0000   0.2612   0.1968   0.0000  -0.1333   0.0000 
  0.7778   0.0732  -0.0625   0.4429   0.0000   0.3208   0.2207   0.0000  -0.0933   0.0000 
  1.1938   0.0796  -0.0801   0.4673   0.0000   0.4019   0.1523   0.0000  -0.0352   0.0000 
  0.8994   0.3345   0.0283   0.5273   0.0000   0.3569   0.6245   0.0000  -0.0225   0.0000 
  0.2563   0.3560   0.1060   0.4409   0.0000   0.2866   1.6460   0.0000   0.0000   0.0000 
  0.2925   0.1650   0.1050   0.3628   0.0000   0.2700   1.5332   0.0000   0.0000   0.0000 
  0.4253   0.0176   0.0415   0.2207   0.0000   0.2866   0.3555   0.0000   0.0000   0.0000 
  0.2671   0.0200  -0.0532   0.1372   0.0000   0.3076   0.4683   0.0000   0.0000   0.0000 
  0.1079   0.0474  -0.1143   0.2764   0.0000   0.2319   0.5176   0.0000   0.0000   0.0000 
  0.4277  -0.0215  -0.1377   0.2485   0.0000   0.1738   0.0854   0.0000   0.0000   0.0000 
  0.4395  -0.2344   0.0000   0.1289   0.0000   0.1504   0.0967   0.0000   0.0000   0.0000 
  0.5801  -0.4072   0.0000  -0.0054   0.0000   0.1846   0.3101   0.0000   0.0000   0.0000 
  0.4102  -0.2939   0.0000  -0.0005   0.0000   0.2539   0.2710   0.0000   0.0000   0.0000 
  0.2583  -0.1880   0.0000   0.1328   0.0000   0.2778   0.1807   0.0000   0.0000   0.0000 
  0.1665  -0.0884   0.0000   0.1362   0.0000   0.2920   0.2334   0.0000   0.0000   0.0000 
  0.2065   0.0244   0.0000   0.0894   0.0000   0.2773   0.2852   0.0000   0.0000   0.0000 
  0.0845  -0.0444   0.0000  -0.0303   0.0000   0.2749   0.2314   0.0000   0.0000   0.0000 
  0.2100   0.0093   0.0000  -0.0698   0.0000   0.2749   0.0850   0.0000   0.0000   0.0000 
  0.1968   0.2749   0.0000   0.0889   0.0000   0.2793  -0.0566   0.0000   0.0000   0.0000 
  0.4033  -0.4146   0.0000   0.0996   0.0000   0.1929  -0.1699   0.0000   0.0000   0.0000 
  0.2261  -0.1348   0.0000   0.0317   0.0000   0.1309  -0.2314   0.0000   0.0000   0.0000 
  0.3506   0.3774   0.0000  -0.1929   0.0000   0.1416  -0.2373   0.0000   0.0000   0.0000 
  0.2310   0.5762   0.0000  -0.2383   0.0000   0.1987  -0.1958   0.0000   0.0000   0.0000 
  0.3403   0.7212   0.0000   0.0479   0.0000   0.1416  -0.1382   0.0000   0.0000   0.0000 
  0.1035   0.8672   0.0000   0.1836   0.0000   0.0972  -0.0918   0.0000   0.0000   0.0000 
  0.2832   0.2461   0.0000  -0.0020   0.0000   0.0298  -0.0459   0.0000   0.0000   0.0000 
  0.1050  -0.0044   0.0000   0.0068   0.0000   0.0337  -0.0054   0.0000   0.0000   0.0000 
  0.3799   0.3096   0.0000   0.6382   0.0000   0.0039   0.0464   0.0000   0.0000   0.0000 
  0.1055   0.4146   0.0000   0.8989   0.0000  -0.1055   0.0830   0.0000   0.0000   0.0000 
  0.2158   0.6157   0.0000   0.9277   0.0000  -0.1987   0.1069   0.0000   0.0000   0.0000 
  0.2705   0.4082   0.0000   0.8555   0.0000  -0.2583   0.1299   0.0000   0.0000   0.0000 
  0.3203  -0.0493   0.0000   0.5020   0.0000  -0.1890   0.1094   0.0000   0.0000   0.0000 
  0.2422  -0.4023   0.0000   0.2407   0.0000  -0.1470   0.0649   0.0000   0.0000   0.0000 
  0.2485  -0.5181   0.0000   0.0698   0.0000  -0.1416   0.0000   0.0000   0.0000   0.0000 
  0.3091  -0.5122   0.0000   0.1709   0.0000  -0.1865   0.0000   0.0000   0.0000   0.0000 
  0.3350  -0.4092   0.0000   0.4814   0.0000  -0.2549   0.0000   0.0000   0.0000   0.0000 
  0.3296  -0.2690   0.0000   0.6602   0.0000  -0.2144   0.0000   0.0000   0.0000   0.0000 
  0.2700  -0.2207   0.0000   0.4438   0.0000  -0.1475   0.0000   0.0000   0.0000   0.0000 
  0.3042  -0.2104   0.0000   0.0947   0.0000  -0.2280   0.0000   0.0000   0.0000   0.0000 
  0.4302  -0.1890   0.0000  -0.1328   0.0000  -0.1504   0.0000   0.0000   0.0000   0.0000 
  0.2627  -0.1523   0.0000  -0.1899   0.0000  -0.2271   0.0000   0.0000   0.0000   0.0000 
  0.3257  -0.0952   0.0000  -0.1865   0.0000  -0.2505   0.0000   0.0000   0.0000   0.0000 
  0.2671  -0.0430   0.0000  -0.1704   0.0000  -0.0322   0.0000   0.0000   0.0000   0.0000 
  0.3213  -0.0313   0.0000  -0.1978   0.0000   0.4346   0.0000   0.0000   0.0000   0.0000 
  0.3740  -0.0205   0.0000  -0.2593   0.0000   0.7778   0.0000   0.0000   0.0000   0.0000 
  0.2188   0.0288   0.0000  -0.2881   0.0000   0.6445   0.0000   0.0000   0.0000   0.0000 
  0.2437   0.0337   0.0000  -0.2837   0.0000   0.4482   0.0000   0.0000   0.0000   0.0000 
  0.3467  -0.0239   0.0000   0.0000   0.0000   0.0830   0.0000   0.0000   0.0000   0.0000 
  0.1602  -0.0718   0.0000   0.0000   0.0000  -0.2500   0.0000   0.0000   0.0000   0.0000 
  0.2173  -0.0283   0.0000   0.0000   0.0000  -0.5244   0.0000   0.0000   0.0000   0.0000 
  0.2065  -0.0142   0.0000   0.0000   0.0000  -0.6738   0.0000   0.0000   0.0000   0.0000 
  0.2974  -0.0190   0.0000   0.0000   0.0000  -0.6460   0.0000   0.0000   0.0000   0.0000 
  0.2593   0.0034   0.0000   0.0000   0.0000  -0.2944   0.0000   0.0000   0.0000   0.0000 
  0.2012   0.0649   0.0000   0.0000   0.0000   0.0376   0.0000   0.0000   0.0000   0.0000 
  0.1431   0.1050   0.0000   0.0000   0.0000   0.1543   0.0000   0.0000   0.0000   0.0000 
 -0.0200   0.0889   0.0000   0.0000   0.0000   0.1982   0.0000   0.0000   0.0000   0.0000 
  0.1221   0.0503   0.0000   0.0000   0.0000   0.3394   0.0000   0.0000   0.0000   0.0000 
  0.0752   0.0059   0.0000   0.0000   0.0000   0.4980   0.0000   0.0000   0.0000   0.0000 
 -0.0469  -0.0415   0.0000   0.0000   0.0000   0.0000   0.0000   0.0000   0.0000   0.0000 
 -0.0903  -0.0874   0.0000   0.0000   0.0000   0.0000   0.0000   0.0000   0.0000   0.0000 
 -0.0015  -0.1182   0.0000   0.0000   0.0000   0.0000   0.0000   0.0000   0.0000   0.0000 
  0.0103  -0.1270   0.0000   0.0000   0.0000   0.0000   0.0000   0.0000   0.0000   0.0000 
 -0.0171  -0.1265   0.0000   0.0000   0.0000   0.0000   0.0000   0.0000   0.0000   0.0000 
  0.0015  -0.1484   0.0000   0.0000   0.0000   0.0000   0.0000   0.0000   0.0000   0.0000 
  0.0469  -0.1406   0.0000   0.0000   0.0000   0.0000   0.0000   0.0000   0.0000   0.0000 
  0.1016  -0.1494   0.0000   0.0000   0.0000   0.0000   0.0000   0.0000   0.0000   0.0000 
  0.1235  -0.1719   0.0000   0.0000   0.0000   0.0000   0.0000   0.0000   0.0000   0.0000 
  0.0610  -0.2139   0.0000   0.0000   0.0000   0.0000   0.0000   0.0000   0.0000   0.0000 
 -0.0859  -0.2651   0.0000   0.0000   0.0000   0.0000   0.0000   0.0000   0.0000   0.0000 
  0.0635  -0.2803   0.0000   0.0000   0.0000   0.0000   0.0000   0.0000   0.0000   0.0000 
  0.5146  -0.2539   0.0000   0.0000   0.0000   0.0000   0.0000   0.0000   0.0000   0.0000 
  0.7021  -0.2505   0.0000   0.0000   0.0000   0.0000   0.0000   0.0000   0.0000   0.0000 
  0.3213  -0.2520   0.0000   0.0000   0.0000   0.0000   0.0000   0.0000   0.0000   0.0000 
  0.4756  -0.2769   0.0000   0.0000   0.0000   0.0000   0.0000   0.0000   0.0000   0.0000 
  0.9009  -0.2930   0.0000   0.0000   0.0000   0.0000   0.0000   0.0000   0.0000   0.0000 
  1.1050  -0.3110   0.0000   0.0000   0.0000   0.0000   0.0000   0.0000   0.0000   0.0000 
  1.0161  -0.3003   0.0000   0.0000   0.0000   0.0000   0.0000   0.0000   0.0000   0.0000 
  1.0259  -0.2959   0.0000   0.0000   0.0000   0.0000   0.0000   0.0000   0.0000   0.0000 
  1.2207  -0.2734   0.0000   0.0000   0.0000   0.0000   0.0000   0.0000   0.0000   0.0000 
  0.9448  -0.2847   0.0000   0.0000   0.0000   0.0000   0.0000   0.0000   0.0000   0.0000 
  0.3740  -0.2505   0.0000   0.0000   0.0000   0.0000   0.0000   0.0000   0.0000   0.0000 
  0.1123  -0.1899   0.0000   0.0000   0.0000   0.0000   0.0000   0.0000   0.0000   0.0000 
  0.0298  -0.1357   0.0000   0.0000   0.0000   0.0000   0.0000   0.0000   0.0000   0.0000 
 -0.1465  -0.0933   0.0000   0.0000   0.0000   0.0000   0.0000   0.0000   0.0000   0.0000 
 -0.1631  -0.0151   0.0000   0.0000   0.0000   0.0000   0.0000   0.0000   0.0000   0.0000 
  0.0688   0.0459   0.0000   0.0000   0.0000   0.0000   0.0000   0.0000   0.0000   0.0000 
  0.1475   0.0659   0.0000   0.0000   0.0000   0.0000   0.0000   0.0000   0.0000   0.0000 
  0.0605   0.0786   0.0000   0.0000   0.0000   0.0000   0.0000   0.0000   0.0000   0.0000 
 -0.0430   0.1069   0.0000   0.0000   0.0000   0.0000   0.0000   0.0000   0.0000   0.0000 
 -0.0273   0.0850   0.0000   0.0000   0.0000   0.0000   0.0000   0.0000   0.0000   0.0000 
 -0.0308   0.0645   0.0000   0.0000   0.0000   0.0000   0.0000   0.0000   0.0000   0.0000 
 -0.1563   0.0884   0.0000   0.0000   0.0000   0.0000   0.0000   0.0000   0.0000   0.0000 
 -0.2920   0.1733   0.0000   0.0000   0.0000   0.0000   0.0000   0.0000   0.0000   0.0000 
 -0.3750   0.1274   0.0000   0.0000   0.0000   0.0000   0.0000   0.0000   0.0000   0.0000 
 -0.3755   0.0547   0.0000   0.0000   0.0000   0.0000   0.0000   0.0000   0.0000   0.0000 
 -0.3384   0.0181   0.0000   0.0000   0.0000   0.0000   0.0000   0.0000   0.0000   0.0000 
 -0.2803   0.0444   0.0000   0.0000   0.0000   0.0000   0.0000   0.0000   0.0000   0.0000 
  0.0000   0.0376   0.0000   0.0000   0.0000   0.0000   0.0000   0.0000   0.0000   0.0000 
  0.0000   0.0298   0.0000   0.0000   0.0000   0.0000   0.0000   0.0000   0.0000   0.0000 
  0.0000   0.0601   0.0000   0.0000   0.0000   0.0000   0.0000   0.0000   0.0000   0.0000 
  0.0000   0.0957   0.0000   0.0000   0.0000   0.0000   0.0000   0.0000   0.0000   0.0000 
  0.0000   0.0703   0.0000   0.0000   0.0000   0.0000   0.0000   0.0000   0.0000   0.0000 
  0.0000   0.0283   0.0000   0.0000   0.0000   0.0000   0.0000   0.0000   0.0000   0.0000 
  0.0000   0.0264   0.0000   0.0000   0.0000   0.0000   0.0000   0.0000   0.0000   0.0000 
  0.0000   0.0459   0.0000   0.0000   0.0000   0.0000   0.0000   0.0000   0.0000   0.0000 
  0.0000   0.0332   0.0000   0.0000   0.0000   0.0000   0.0000   0.0000   0.0000   0.0000 
  0.0000  -0.0249   0.0000   0.0000   0.0000   0.0000   0.0000   0.0000   0.0000   0.0000 
  0.0000   0.0000   0.0000   0.0000   0.0000   0.0000   0.0000   0.0000   0.0000   0.0000 
  0.0000   0.0000   0.0000   0.0000   0.0000   0.0000   0.0000   0.0000   0.0000   0.0000 
  0.0000   0.0000   0.0000   0.0000   0.0000   0.0000   0.0000   0.0000   0.0000   0.0000 
  0.0000   0.0000   0.0000   0.0000   0.0000   0.0000   0.0000   0.0000   0.0000   0.0000 
  0.0000   0.0000   0.0000   0.0000   0.0000   0.0000   0.0000   0.0000   0.0000   0.0000 
  0.0000   0.0000   0.0000   0.0000   0.0000   0.0000   0.0000   0.0000   0.0000   0.0000 
  0.0000   0.0000   0.0000   0.0000   0.0000   0.0000   0.0000   0.0000   0.0000   0.0000 
  0.0000   0.0000   0.0000   0.0000   0.0000   0.0000   0.0000   0.0000   0.0000   0.0000 
  0.0000   0.0000   0.0000   0.0000   0.0000   0.0000   0.0000   0.0000   0.0000   0.0000 
  0.0000   0.0000   0.0000   0.0000   0.0000   0.0000   0.0000   0.0000   0.0000   0.0000 
  0.0000   0.0000   0.0000   0.0000   0.0000   0.0000   0.0000   0.0000   0.0000   0.0000 
  0.0000   0.0000   0.0000   0.0000   0.0000   0.0000   0.0000   0.0000   0.0000   0.0000 
  0.0000   0.0000   0.0000   0.0000   0.0000   0.0000   0.0000   0.0000   0.0000   0.0000 
  0.0000   0.0000   0.0000   0.0000   0.0000   0.0000   0.0000   0.0000   0.0000   0.0000 
  0.0000   0.0000   0.0000   0.0000   0.0000   0.0000   0.0000   0.0000   0.0000   0.0000 
  0.0000   0.0000   0.0000   0.0000   0.0000   0.0000   0.0000   0.0000   0.0000   0.0000 
  0.0000   0.0000   0.0000   0.0000   0.0000   0.0000   0.0000   0.0000   0.0000   0.0000 
  0.0000   0.0000   0.0000   0.0000   0.0000   0.0000   0.0000   0.0000   0.0000   0.0000 
  0.0000   0.0000   0.0000   0.0000   0.0000   0.0000   0.0000   0.0000   0.0000   0.0000 
  0.0000   0.0000   0.0000   0.0000   0.0000   0.0000   0.0000   0.0000   0.0000   0.0000 
  0.0000   0.0000   0.0000   0.0000   0.0000   0.0000   0.0000   0.0000   0.0000   0.0000 
  0.0000   0.0000   0.0000   0.0000   0.0000   0.0000   0.0000   0.0000   0.0000   0.0000 
  0.0000   0.0000   0.0000   0.0000   0.0000   0.0000   0.0000   0.0000   0.0000   0.0000 
  0.0000   0.0000   0.0000   0.0000   0.0000   0.0000   0.0000   0.0000   0.0000   0.0000 
  0.0000   0.0000   0.0000   0.0000   0.0000   0.0000   0.0000   0.0000   0.0000   0.0000 
  0.0000   0.0000   0.0000   0.0000   0.0000   0.0000   0.0000   0.0000   0.0000   0.0000 
  0.0000   0.0000   0.0000   0.0000   0.0000   0.0000   0.0000   0.0000   0.0000   0.0000 
  0.0000   0.0000   0.0000   0.0000   0.0000   0.0000   0.0000   0.0000   0.0000   0.0000 
  0.0000   0.0000   0.0000   0.0000   0.0000   0.0000   0.0000   0.0000   0.0000   0.0000 
  0.0000   0.0000   0.0000   0.0000   0.0000   0.0000   0.0000   0.0000   0.0000   0.0000 
  0.0000   0.0000   0.0000   0.0000   0.0000   0.0000   0.0000   0.0000   0.0000   0.0000 
  0.0000   0.0000   0.0000   0.0000   0.0000   0.0000   0.0000   0.0000   0.0000   0.0000 
  0.0000   0.0000   0.0000   0.0000   0.0000   0.0000   0.0000   0.0000   0.0000   0.0000 
  0.0000   0.0000   0.0000   0.0000   0.0000   0.0000   0.0000   0.0000   0.0000   0.0000 
  0.0000   0.0000   0.0000   0.0000   0.0000   0.0000   0.0000   0.0000   0.0000   0.0000 
  0.0000   0.0000   0.0000   0.0000   0.0000   0.0000   0.0000   0.0000   0.0000   0.0000 
  0.0000   0.0000   0.0000   0.0000   0.0000   0.0000   0.0000   0.0000   0.0000   0.0000 
  0.0000   0.0000   0.0000   0.0000   0.0000   0.0000   0.0000   0.0000   0.0000   0.0000 
  0.0000   0.0000   0.0000   0.0000   0.0000   0.0000   0.0000   0.0000   0.0000   0.0000 
  0.0000   0.0000   0.0000   0.0000   0.0000   0.0000   0.0000   0.0000   0.0000   0.0000 
  0.0000   0.0000   0.0000   0.0000   0.0000   0.0000   0.0000   0.0000   0.0000   0.0000 
  0.0000   0.0000   0.0000   0.0000   0.0000   0.0000   0.0000   0.0000   0.0000   0.0000 
  0.0000   0.0000   0.0000   0.0000   0.0000   0.0000   0.0000   0.0000   0.0000   0.0000 
  0.0000   0.0000   0.0000   0.0000   0.0000   0.0000   0.0000   0.0000   0.0000   0.0000 
  0.0000   0.0000   0.0000   0.0000   0.0000   0.0000   0.0000   0.0000   0.0000   0.0000 
  0.0000   0.0000   0.0000   0.0000   0.0000   0.0000   0.0000   0.0000   0.0000   0.0000 
  0.0000   0.0000   0.0000   0.0000   0.0000   0.0000   0.0000   0.0000   0.0000   0.0000 
  0.0000   0.0000   0.0000   0.0000   0.0000   0.0000   0.0000   0.0000   0.0000   0.0000 
  0.0000   0.0000   0.0000   0.0000   0.0000   0.0000   0.0000   0.0000   0.0000   0.0000 
  0.0000   0.0000   0.0000   0.0000   0.0000   0.0000   0.0000   0.0000   0.0000   0.0000 
  0.0000   0.0000   0.0000   0.0000   0.0000   0.0000   0.0000   0.0000   0.0000   0.0000 
  0.0000   0.0000   0.0000   0.0000   0.0000   0.0000   0.0000   0.0000   0.0000   0.0000 
  0.0000   0.0000   0.0000   0.0000   0.0000   0.0000   0.0000   0.0000   0.0000   0.0000 
  0.0000   0.0000   0.0000   0.0000   0.0000   0.0000   0.0000   0.0000   0.0000   0.0000 
  0.0000   0.0000   0.0000   0.0000   0.0000   0.0000   0.0000   0.0000   0.0000   0.0000 
  0.0000   0.0000   0.0000   0.0000   0.0000   0.0000   0.0000   0.0000   0.0000   0.0000 
  0.0000   0.0000   0.0000   0.0000   0.0000   0.0000   0.0000   0.0000   0.0000   0.0000 
  0.0000   0.0000   0.0000   0.0000   0.0000   0.0000   0.0000   0.0000   0.0000   0.0000 
  0.0000   0.0000   0.0000   0.0000   0.0000   0.0000   0.0000   0.0000   0.0000   0.0000 
  0.0000   0.0000   0.0000   0.0000   0.0000   0.0000   0.0000   0.0000   0.0000   0.0000 
  0.0000   0.0000   0.0000   0.0000   0.0000   0.0000   0.0000   0.0000   0.0000   0.0000 
  0.0000   0.0000   0.0000   0.0000   0.0000   0.0000   0.0000   0.0000   0.0000   0.0000 
  0.0000   0.0000   0.0000   0.0000   0.0000   0.0000   0.0000   0.0000   0.0000   0.0000 
  0.0000   0.0000   0.0000   0.0000   0.0000   0.0000   0.0000   0.0000   0.0000   0.0000 
  0.0000   0.0000   0.0000   0.0000   0.0000   0.0000   0.0000   0.0000   0.0000   0.0000 
  0.0000   0.0000   0.0000   0.0000   0.0000   0.0000   0.0000   0.0000   0.0000   0.0000 
  0.0000   0.0000   0.0000   0.0000   0.0000   0.0000   0.0000   0.0000   0.0000   0.0000 
  0.0000   0.0000   0.0000   0.0000   0.0000   0.0000   0.0000   0.0000   0.0000   0.0000 
  0.0000   0.0000   0.0000   0.0000   0.0000   0.0000   0.0000   0.0000   0.0000   0.0000 
  0.0000   0.0000   0.0000   0.0000   0.0000   0.0000   0.0000   0.0000   0.0000   0.0000 
  0.0000   0.0000   0.0000   0.0000   0.0000   0.0000   0.0000   0.0000   0.0000   0.0000 
  0.0000   0.0000   0.0000   0.0000   0.0000   0.0000   0.0000   0.0000   0.0000   0.0000 
  0.0000   0.0000   0.0000   0.0000   0.0000   0.0000   0.0000   0.0000   0.0000   0.0000 
  0.0000   0.0000   0.0000   0.0000   0.0000   0.0000   0.0000   0.0000   0.0000   0.0000 
  0.0000   0.0000   0.0000   0.0000   0.0000   0.0000   0.0000   0.0000   0.0000   0.0000 
  0.0000   0.0000   0.0000   0.0000   0.0000   0.0000   0.0000   0.0000   0.0000   0.0000 
  0.0000   0.0000   0.0000   0.0000   0.0000   0.0000   0.0000   0.0000   0.0000   0.0000 
  0.0000   0.0000   0.0000   0.0000   0.0000   0.0000   0.0000   0.0000   0.0000   0.0000 
  0.0000   0.0000   0.0000   0.0000   0.0000   0.0000   0.0000   0.0000   0.0000   0.0000 
  0.0000   0.0000   0.0000   0.0000   0.0000   0.0000   0.0000   0.0000   0.0000   0.0000 
  0.0000   0.0000   0.0000   0.0000   0.0000   0.0000   0.0000   0.0000   0.0000   0.0000 
  0.0000   0.0000   0.0000   0.0000   0.0000   0.0000   0.0000   0.0000   0.0000   0.0000 
  0.0000   0.0000   0.0000   0.0000   0.0000   0.0000   0.0000   0.0000   0.0000   0.0000 
  0.0000   0.0000   0.0000   0.0000   0.0000   0.0000   0.0000   0.0000   0.0000   0.0000 
  0.0000   0.0000   0.0000   0.0000   0.0000   0.0000   0.0000   0.0000   0.0000   0.0000 
  0.0000   0.0000   0.0000   0.0000   0.0000   0.0000   0.0000   0.0000   0.0000   0.0000 
  0.0000   0.0000   0.0000   0.0000   0.0000   0.0000   0.0000   0.0000   0.0000   0.0000 
  0.0000   0.0000   0.0000   0.0000   0.0000   0.0000   0.0000   0.0000   0.0000   0.0000 
  0.0000   0.0000   0.0000   0.0000   0.0000   0.0000   0.0000   0.0000   0.0000   0.0000 
  0.0000   0.0000   0.0000   0.0000   0.0000   0.0000   0.0000   0.0000   0.0000   0.0000 
  0.0000   0.0000   0.0000   0.0000   0.0000   0.0000   0.0000   0.0000   0.0000   0.0000 
  0.0000   0.0000   0.0000   0.0000   0.0000   0.0000   0.0000   0.0000   0.0000   0.0000 
  0.0000   0.0000   0.0000   0.0000   0.0000   0.0000   0.0000   0.0000   0.0000   0.0000 
  0.0000   0.0000   0.0000   0.0000   0.0000   0.0000   0.0000   0.0000   0.0000   0.0000 
  0.0000   0.0000   0.0000   0.0000   0.0000   0.0000   0.0000   0.0000   0.0000   0.0000 
  0.0000   0.0000   0.0000   0.0000   0.0000   0.0000   0.0000   0.0000   0.0000   0.0000 
  0.0000   0.0000   0.0000   0.0000   0.0000   0.0000   0.0000   0.0000   0.0000   0.0000 
  0.0000   0.0000   0.0000   0.0000   0.0000   0.0000   0.0000   0.0000   0.0000   0.0000 
  0.0000   0.0000   0.0000   0.0000   0.0000   0.0000   0.0000   0.0000   0.0000   0.0000 
  0.0000   0.0000   0.0000   0.0000   0.0000   0.0000   0.0000   0.0000   0.0000   0.0000 
  0.0000   0.0000   0.0000   0.0000   0.0000   0.0000   0.0000   0.0000   0.0000   0.0000 
  0.0000   0.0000   0.0000   0.0000   0.0000   0.0000   0.0000   0.0000   0.0000   0.0000 
  0.0000   0.0000   0.0000   0.0000   0.0000   0.0000   0.0000   0.0000   0.0000   0.0000 
  0.0000   0.0000   0.0000   0.0000   0.0000   0.0000   0.0000   0.0000   0.0000   0.0000 
  0.0000   0.0000   0.0000   0.0000   0.0000   0.0000   0.0000   0.0000   0.0000   0.0000 
  0.0000   0.0000   0.0000   0.0000   0.0000   0.0000   0.0000   0.0000   0.0000   0.0000 
  0.0000   0.0000   0.0000   0.0000   0.0000   0.0000   0.0000   0.0000   0.0000   0.0000 
  0.0000   0.0000   0.0000   0.0000   0.0000   0.0000   0.0000   0.0000   0.0000   0.0000 
  0.0000   0.0000   0.0000   0.0000   0.0000   0.0000   0.0000   0.0000   0.0000   0.0000 
  0.0000   0.0000   0.0000   0.0000   0.0000   0.0000   0.0000   0.0000   0.0000   0.0000 
  0.0000   0.0000   0.0000   0.0000   0.0000   0.0000   0.0000   0.0000   0.0000   0.0000 
  0.0000   0.0000   0.0000   0.0000   0.0000   0.0000   0.0000   0.0000   0.0000   0.0000 
  0.0000   0.0000   0.0000   0.0000   0.0000   0.0000   0.0000   0.0000   0.0000   0.0000 
  0.0000   0.0000   0.0000   0.0000   0.0000   0.0000   0.0000   0.0000   0.0000   0.0000 
  0.0000   0.0000   0.0000   0.0000   0.0000   0.0000   0.0000   0.0000   0.0000   0.0000 
  0.0000   0.0000   0.0000   0.0000   0.0000   0.0000   0.0000   0.0000   0.0000   0.0000 
  0.0000   0.0000   0.0000   0.0000   0.0000   0.0000   0.0000   0.0000   0.0000   0.0000 
  0.0000   0.0000   0.0000   0.0000   0.0000   0.0000   0.0000   0.0000   0.0000   0.0000 
  0.0000   0.0000   0.0000   0.0000   0.0000   0.0000   0.0000   0.0000   0.0000   0.0000 
  0.0000   0.0000   0.0000   0.0000   0.0000   0.0000   0.0000   0.0000   0.0000   0.0000 
  0.0000   0.0000   0.0000   0.0000   0.0000   0.0000   0.0000   0.0000   0.0000   0.0000 
  0.0000   0.0000   0.0000   0.0000   0.0000   0.0000   0.0000   0.0000   0.0000   0.0000 
  0.0000   0.0000   0.0000   0.0000   0.0000   0.0000   0.0000   0.0000   0.0000   0.0000 
  0.0000   0.0000   0.0000   0.0000   0.0000   0.0000   0.0000   0.0000   0.0000   0.0000 
  0.0000   0.0000   0.0000   0.0000   0.0000   0.0000   0.0000   0.0000   0.0000   0.0000 
  0.0000   0.0000   0.0000   0.0000   0.0000   0.0000   0.0000   0.0000   0.0000   0.0000 
  0.0000   0.0000   0.0000   0.0000   0.0000   0.0000   0.0000   0.0000   0.0000   0.0000 
  0.0000   0.0000   0.0000   0.0000   0.0000   0.0000   0.0000   0.0000   0.0000   0.0000 
  0.0000   0.0000   0.0000   0.0000   0.0000   0.0000   0.0000   0.0000   0.0000   0.0000 
  0.0000   0.0000   0.0000   0.0000   0.0000   0.0000   0.0000   0.0000   0.0000   0.0000 
  0.0000   0.0000   0.0000   0.0000   0.0000   0.0000   0.0000   0.0000   0.0000   0.0000 
  0.0000   0.0000   0.0000   0.0000   0.0000   0.0000   0.0000   0.0000   0.0000   0.0000 
  0.0000   0.0000   0.0000   0.0000   0.0000   0.0000   0.0000   0.0000   0.0000   0.0000 
  0.0000   0.0000   0.0000   0.0000   0.0000   0.0000   0.0000   0.0000   0.0000   0.0000 
  0.0000   0.0000   0.0000   0.0000   0.0000   0.0000   0.0000   0.0000   0.0000   0.0000 
  0.0000   0.0000   0.0000   0.0000   0.0000   0.0000   0.0000   0.0000   0.0000   0.0000 
  0.0000   0.0000   0.0000   0.0000   0.0000   0.0000   0.0000   0.0000   0.0000   0.0000 
  0.0000   0.0000   0.0000   0.0000   0.0000   0.0000   0.0000   0.0000   0.0000   0.0000 
  0.0000   0.0000   0.0000   0.0000   0.0000   0.0000   0.0000   0.0000   0.0000   0.0000 
  0.0000   0.0000   0.0000   0.0000   0.0000   0.0000   0.0000   0.0000   0.0000   0.0000 
  0.0000   0.0000   0.0000   0.0000   0.0000   0.0000   0.0000   0.0000   0.0000   0.0000 
  0.0000   0.0000   0.0000   0.0000   0.0000   0.0000   0.0000   0.0000   0.0000   0.0000 
  0.0000   0.0000   0.0000   0.0000   0.0000   0.0000   0.0000   0.0000   0.0000   0.0000 
  0.0000   0.0000   0.0000   0.0000   0.0000   0.0000   0.0000   0.0000   0.0000   0.0000 
  0.0000   0.0000   0.0000   0.0000   0.0000   0.0000   0.0000   0.0000   0.0000   0.0000 
  0.0000   0.0000   0.0000   0.0000   0.0000   0.0000   0.0000   0.0000   0.0000   0.0000 
  0.0000   0.0000   0.0000   0.0000   0.0000   0.0000   0.0000   0.0000   0.0000   0.0000 
  0.0000   0.0000   0.0000   0.0000   0.0000   0.0000   0.0000   0.0000   0.0000   0.0000 
  0.0000   0.0000   0.0000   0.0000   0.0000   0.0000   0.0000   0.0000   0.0000   0.0000 
  0.0000   0.0000   0.0000   0.0000   0.0000   0.0000   0.0000   0.0000   0.0000   0.0000 
  0.0000   0.0000   0.0000   0.0000   0.0000   0.0000   0.0000   0.0000   0.0000   0.0000 
  0.0000   0.0000   0.0000   0.0000   0.0000   0.0000   0.0000   0.0000   0.0000   0.0000 
  0.0000   0.0000   0.0000   0.0000   0.0000   0.0000   0.0000   0.0000   0.0000   0.0000 
  0.0000   0.0000   0.0000   0.0000   0.0000   0.0000   0.0000   0.0000   0.0000   0.0000 
  0.0000   0.0000   0.0000   0.0000   0.0000   0.0000   0.0000   0.0000   0.0000   0.0000 
  0.0000   0.0000   0.0000   0.0000   0.0000   0.0000   0.0000   0.0000   0.0000   0.0000 
  0.0000   0.0000   0.0000   0.0000   0.0000   0.0000   0.0000   0.0000   0.0000   0.0000 
  0.0000   0.0000   0.0000   0.0000   0.0000   0.0000   0.0000   0.0000   0.0000   0.0000 
  0.0000   0.0000   0.0000   0.0000   0.0000   0.0000   0.0000   0.0000   0.0000   0.0000 
  0.0000   0.0000   0.0000   0.0000   0.0000   0.0000   0.0000   0.0000   0.0000   0.0000 
  0.0000   0.0000   0.0000   0.0000   0.0000   0.0000   0.0000   0.0000   0.0000   0.0000 
  0.0000   0.0000   0.0000   0.0000   0.0000   0.0000   0.0000   0.0000   0.0000   0.0000 
  0.0000   0.0000   0.0000   0.0000   0.0000   0.0000   0.0000   0.0000   0.0000   0.0000 
  0.0000   0.0000   0.0000   0.0000   0.0000   0.0000   0.0000   0.0000   0.0000   0.0000 
  0.0000   0.0000   0.0000   0.0000   0.0000   0.0000   0.0000   0.0000   0.0000   0.0000 
  0.0000   0.0000   0.0000   0.0000   0.0000   0.0000   0.0000   0.0000   0.0000   0.0000 
  0.0000   0.0000   0.0000   0.0000   0.0000   0.0000   0.0000   0.0000   0.0000   0.0000 
  0.0000   0.0000   0.0000   0.0000   0.0000   0.0000   0.0000   0.0000   0.0000   0.0000 
  0.0000   0.0000   0.0000   0.0000   0.0000   0.0000   0.0000   0.0000   0.0000   0.0000 
  0.0000   0.0000   0.0000   0.0000   0.0000   0.0000   0.0000   0.0000   0.0000   0.0000 
  0.0000   0.0000   0.0000   0.0000   0.0000   0.0000   0.0000   0.0000   0.0000   0.0000 
  0.0000   0.0000   0.0000   0.0000   0.0000   0.0000   0.0000   0.0000   0.0000   0.0000 
  0.0000   0.0000   0.0000   0.0000   0.0000   0.0000   0.0000   0.0000   0.0000   0.0000 
  0.0000   0.0000   0.0000   0.0000   0.0000   0.0000   0.0000   0.0000   0.0000   0.0000 
  0.0000   0.0000   0.0000   0.0000   0.0000   0.0000   0.0000   0.0000   0.0000   0.0000 
  0.0000   0.0000   0.0000   0.0000   0.0000   0.0000   0.0000   0.0000   0.0000   0.0000 
  0.0000   0.0000   0.0000   0.0000   0.0000   0.0000   0.0000   0.0000   0.0000   0.0000 
  0.0000   0.0000   0.0000   0.0000   0.0000   0.0000   0.0000   0.0000   0.0000   0.0000 
  0.0000   0.0000   0.0000   0.0000   0.0000   0.0000   0.0000   0.0000   0.0000   0.0000 
  0.0000   0.0000   0.0000   0.0000   0.0000   0.0000   0.0000   0.0000   0.0000   0.0000 
  0.0000   0.0000   0.0000   0.0000   0.0000   0.0000   0.0000   0.0000   0.0000   0.0000 
  0.0000   0.0000   0.0000   0.0000   0.0000   0.0000   0.0000   0.0000   0.0000   0.0000 
  0.0000   0.0000   0.0000   0.0000   0.0000   0.0000   0.0000   0.0000   0.0000   0.0000 
  0.0000   0.0000   0.0000   0.0000   0.0000   0.0000   0.0000   0.0000   0.0000   0.0000 
  0.0000   0.0000   0.0000   0.0000   0.0000   0.0000   0.0000   0.0000   0.0000   0.0000 
  0.0000   0.0000   0.0000   0.0000   0.0000   0.0000   0.0000   0.0000   0.0000   0.0000 
  0.0000   0.0000   0.0000   0.0000   0.0000   0.0000   0.0000   0.0000   0.0000   0.0000 
  0.0000   0.0000   0.0000   0.0000   0.0000   0.0000   0.0000   0.0000   0.0000   0.0000 
  0.0000   0.0000   0.0000   0.0000   0.0000   0.0000   0.0000   0.0000   0.0000   0.0000 
  0.0000   0.0000   0.0000   0.0000   0.0000   0.0000   0.0000   0.0000   0.0000   0.0000 
  0.0000   0.0000   0.0000   0.0000   0.0000   0.0000   0.0000   0.0000   0.0000   0.0000 
  0.0000   0.0000   0.0000   0.0000   0.0000   0.0000   0.0000   0.0000   0.0000   0.0000 
  0.0000   0.0000   0.0000   0.0000   0.0000   0.0000   0.0000   0.0000   0.0000   0.0000 
  0.0000   0.0000   0.0000   0.0000   0.0000   0.0000   0.0000   0.0000   0.0000   0.0000 
  0.0000   0.0000   0.0000   0.0000   0.0000   0.0000   0.0000   0.0000   0.0000   0.0000 
  0.0000   0.0000   0.0000   0.0000   0.0000   0.0000   0.0000   0.0000   0.0000   0.0000 
  0.0000   0.0000   0.0000   0.0000   0.0000   0.0000   0.0000   0.0000   0.0000   0.0000 
  0.0000   0.0000   0.0000   0.0000   0.0000   0.0000   0.0000   0.0000   0.0000   0.0000 
  0.0000   0.0000   0.0000   0.0000   0.0000   0.0000   0.0000   0.0000   0.0000   0.0000 
  0.0000   0.0000   0.0000   0.0000   0.0000   0.0000   0.0000   0.0000   0.0000   0.0000 
  0.0000   0.0000   0.0000   0.0000   0.0000   0.0000   0.0000   0.0000   0.0000   0.0000 
  0.0000   0.0000   0.0000   0.0000   0.0000   0.0000   0.0000   0.0000   0.0000   0.0000 
  0.0000   0.0000   0.0000   0.0000   0.0000   0.0000   0.0000   0.0000   0.0000   0.0000 
  0.0000   0.0000   0.0000   0.0000   0.0000   0.0000   0.0000   0.0000   0.0000   0.0000 
  0.0000   0.0000   0.0000   0.0000   0.0000   0.0000   0.0000   0.0000   0.0000   0.0000 
  0.0000   0.0000   0.0000   0.0000   0.0000   0.0000   0.0000   0.0000   0.0000   0.0000 
  0.0000   0.0000   0.0000   0.0000   0.0000   0.0000   0.0000   0.0000   0.0000   0.0000 
  0.0000   0.0000   0.0000   0.0000   0.0000   0.0000   0.0000   0.0000   0.0000   0.0000 
  0.0000   0.0000   0.0000   0.0000   0.0000   0.0000   0.0000   0.0000   0.0000   0.0000 
  0.0000   0.0000   0.0000   0.0000   0.0000   0.0000   0.0000   0.0000   0.0000   0.0000 
  0.0000   0.0000   0.0000   0.0000   0.0000   0.0000   0.0000   0.0000   0.0000   0.0000 
  0.0000   0.0000   0.0000   0.0000   0.0000   0.0000   0.0000   0.0000   0.0000   0.0000 
  0.0000   0.0000   0.0000   0.0000   0.0000   0.0000   0.0000   0.0000   0.0000   0.0000 
  0.0000   0.0000   0.0000   0.0000   0.0000   0.0000   0.0000   0.0000   0.0000   0.0000 
  0.0000   0.0000   0.0000   0.0000   0.0000   0.0000   0.0000   0.0000   0.0000   0.0000 
  0.0000   0.0000   0.0000   0.0000   0.0000   0.0000   0.0000   0.0000   0.0000   0.0000 
  0.0000   0.0000   0.0000   0.0000   0.0000   0.0000   0.0000   0.0000   0.0000   0.0000 
  0.0000   0.0000   0.0000   0.0000   0.0000   0.0000   0.0000   0.0000   0.0000   0.0000 
  0.0000   0.0000   0.0000   0.0000   0.0000   0.0000   0.0000   0.0000   0.0000   0.0000 
  0.0000   0.0000   0.0000   0.0000   0.0000   0.0000   0.0000   0.0000   0.0000   0.0000 
  0.0000   0.0000   0.0000   0.0000   0.0000   0.0000   0.0000   0.0000   0.0000   0.0000 
  0.0000   0.0000   0.0000   0.0000   0.0000   0.0000   0.0000   0.0000   0.0000   0.0000 
  0.0000   0.0000   0.0000   0.0000   0.0000   0.0000   0.0000   0.0000   0.0000   0.0000 
  0.0000   0.0000   0.0000   0.0000   0.0000   0.0000   0.0000   0.0000   0.0000   0.0000 
  0.0000   0.0000   0.0000   0.0000   0.0000   0.0000   0.0000   0.0000   0.0000   0.0000 
  0.0000   0.0000   0.0000   0.0000   0.0000   0.0000   0.0000   0.0000   0.0000   0.0000 
  0.0000   0.0000   0.0000   0.0000   0.0000   0.0000   0.0000   0.0000   0.0000   0.0000 
  0.0000   0.0000   0.0000   0.0000   0.0000   0.0000   0.0000   0.0000   0.0000   0.0000 
  0.0000   0.0000   0.0000   0.0000   0.0000   0.0000   0.0000   0.0000   0.0000   0.0000 
  0.0000   0.0000   0.0000   0.0000   0.0000   0.0000   0.0000   0.0000   0.0000   0.0000 
  0.0000   0.0000   0.0000   0.0000   0.0000   0.0000   0.0000   0.0000   0.0000   0.0000 
  0.0000   0.0000   0.0000   0.0000   0.0000   0.0000   0.0000   0.0000   0.0000   0.0000 
  0.0000   0.0000   0.0000   0.0000   0.0000   0.0000   0.0000   0.0000   0.0000   0.0000 
  0.0000   0.0000   0.0000   0.0000   0.0000   0.0000   0.0000   0.0000   0.0000   0.0000 
  0.0000   0.0000   0.0000   0.0000   0.0000   0.0000   0.0000   0.0000   0.0000   0.0000 
  0.0000   0.0000   0.0000   0.0000   0.0000   0.0000   0.0000   0.0000   0.0000   0.0000 
  0.0000   0.0000   0.0000   0.0000   0.0000   0.0000   0.0000   0.0000   0.0000   0.0000 
  0.0000   0.0000   0.0000   0.0000   0.0000   0.0000   0.0000   0.0000   0.0000   0.0000 
  0.0000   0.0000   0.0000   0.0000   0.0000   0.0000   0.0000   0.0000   0.0000   0.0000 
  0.0000   0.0000   0.0000   0.0000   0.0000   0.0000   0.0000   0.0000   0.0000   0.0000 
  0.0000   0.0000   0.0000   0.0000   0.0000   0.0000   0.0000   0.0000   0.0000   0.0000 
  0.0000   0.0000   0.0000   0.0000   0.0000   0.0000   0.0000   0.0000   0.0000   0.0000 
  0.0000   0.0000   0.0000   0.0000   0.0000   0.0000   0.0000   0.0000   0.0000   0.0000 
  0.0000   0.0000   0.0000   0.0000   0.0000   0.0000   0.0000   0.0000   0.0000   0.0000 
  0.0000   0.0000   0.0000   0.0000   0.0000   0.0000   0.0000   0.0000   0.0000   0.0000 
  0.0000   0.0000   0.0000   0.0000   0.0000   0.0000   0.0000   0.0000   0.0000   0.0000 
  0.0000   0.0000   0.0000   0.0000   0.0000   0.0000   0.0000   0.0000   0.0000   0.0000 
  0.0000   0.0000   0.0000   0.0000   0.0000   0.0000   0.0000   0.0000   0.0000   0.0000 
  0.0000   0.0000   0.0000   0.0000   0.0000   0.0000   0.0000   0.0000   0.0000   0.0000 
  0.0000   0.0000   0.0000   0.0000   0.0000   0.0000   0.0000   0.0000   0.0000   0.0000 
  0.0000   0.0000   0.0000   0.0000   0.0000   0.0000   0.0000   0.0000   0.0000   0.0000 
  0.0000   0.0000   0.0000   0.0000   0.0000   0.0000   0.0000   0.0000   0.0000   0.0000 
  0.0000   0.0000   0.0000   0.0000   0.0000   0.0000   0.0000   0.0000   0.0000   0.0000 
  0.0000   0.0000   0.0000   0.0000   0.0000   0.0000   0.0000   0.0000   0.0000   0.0000 
  0.0000   0.0000   0.0000   0.0000   0.0000   0.0000   0.0000   0.0000   0.0000   0.0000 
  0.0000   0.0000   0.0000   0.0000   0.0000   0.0000   0.0000   0.0000   0.0000   0.0000 
  0.0000   0.0000   0.0000   0.0000   0.0000   0.0000   0.0000   0.0000   0.0000   0.0000 
  0.0000   0.0000   0.0000   0.0000   0.0000   0.0000   0.0000   0.0000   0.0000   0.0000 
  0.0000   0.0000   0.0000   0.0000   0.0000   0.0000   0.0000   0.0000   0.0000   0.0000 
  0.0000   0.0000   0.0000   0.0000   0.0000   0.0000   0.0000   0.0000   0.0000   0.0000 
  0.0000   0.0000   0.0000   0.0000   0.0000   0.0000   0.0000   0.0000   0.0000   0.0000 
  0.0000   0.0000   0.0000   0.0000   0.0000   0.0000   0.0000   0.0000   0.0000   0.0000 
  0.0000   0.0000   0.0000   0.0000   0.0000   0.0000   0.0000   0.0000   0.0000   0.0000 
  0.0000   0.0000   0.0000   0.0000   0.0000   0.0000   0.0000   0.0000   0.0000   0.0000 
  0.0000   0.0000   0.0000   0.0000   0.0000   0.0000   0.0000   0.0000   0.0000   0.0000 
  0.0000   0.0000   0.0000   0.0000   0.0000   0.0000   0.0000   0.0000   0.0000   0.0000 
  0.0000   0.0000   0.0000   0.0000   0.0000   0.0000   0.0000   0.0000   0.0000   0.0000 
  0.0000   0.0000   0.0000   0.0000   0.0000   0.0000   0.0000   0.0000   0.0000   0.0000 
  0.0000   0.0000   0.0000   0.0000   0.0000   0.0000   0.0000   0.0000   0.0000   0.0000 
  0.0000   0.0000   0.0000   0.0000   0.0000   0.0000   0.0000   0.0000   0.0000   0.0000 
  0.0000   0.0000   0.0000   0.0000   0.0000   0.0000   0.0000   0.0000   0.0000   0.0000 
  0.0000   0.0000   0.0000   0.0000   0.0000   0.0000   0.0000   0.0000   0.0000   0.0000 
  0.0000   0.0000   0.0000   0.0000   0.0000   0.0000   0.0000   0.0000   0.0000   0.0000 
  0.0000   0.0000   0.0000   0.0000   0.0000   0.0000   0.0000   0.0000   0.0000   0.0000 
  0.0000   0.0000   0.0000   0.0000   0.0000   0.0000   0.0000   0.0000   0.0000   0.0000 
  0.0000   0.0000   0.0000   0.0000   0.0000   0.0000   0.0000   0.0000   0.0000   0.0000 
  0.0000   0.0000   0.0000   0.0000   0.0000   0.0000   0.0000   0.0000   0.0000   0.0000 
  0.0000   0.0000   0.0000   0.0000   0.0000   0.0000   0.0000   0.0000   0.0000   0.0000 
  0.0000   0.0000   0.0000   0.0000   0.0000   0.0000   0.0000   0.0000   0.0000   0.0000 
  0.0000   0.0000   0.0000   0.0000   0.0000   0.0000   0.0000   0.0000   0.0000   0.0000 
  0.0000   0.0000   0.0000   0.0000   0.0000   0.0000   0.0000   0.0000   0.0000   0.0000 
  0.0000   0.0000   0.0000   0.0000   0.0000   0.0000   0.0000   0.0000   0.0000   0.0000 
  0.0000   0.0000   0.0000   0.0000   0.0000   0.0000   0.0000   0.0000   0.0000   0.0000 
  0.0000   0.0000   0.0000   0.0000   0.0000   0.0000   0.0000   0.0000   0.0000   0.0000 
  0.0000   0.0000   0.0000   0.0000   0.0000   0.0000   0.0000   0.0000   0.0000   0.0000 
  0.0000   0.0000   0.0000   0.0000   0.0000   0.0000   0.0000   0.0000   0.0000   0.0000 
  0.0000   0.0000   0.0000   0.0000   0.0000   0.0000   0.0000   0.0000   0.0000   0.0000 
  0.0000   0.0000   0.0000   0.0000   0.0000   0.0000   0.0000   0.0000   0.0000   0.0000 
  0.0000   0.0000   0.0000   0.0000   0.0000   0.0000   0.0000   0.0000   0.0000   0.0000 
  0.0000   0.0000   0.0000   0.0000   0.0000   0.0000   0.0000   0.0000   0.0000   0.0000 
  0.0000   0.0000   0.0000   0.0000   0.0000   0.0000   0.0000   0.0000   0.0000   0.0000 
  0.0000   0.0000   0.0000   0.0000   0.0000   0.0000   0.0000   0.0000   0.0000   0.0000 
  0.0000   0.0000   0.0000   0.0000   0.0000   0.0000   0.0000   0.0000   0.0000   0.0000 
  0.0000   0.0000   0.0000   0.0000   0.0000   0.0000   0.0000   0.0000   0.0000   0.0000 
  0.0000   0.0000   0.0000   0.0000   0.0000   0.0000   0.0000   0.0000   0.0000   0.0000 
  0.0000   0.0000   0.0000   0.0000   0.0000   0.0000   0.0000   0.0000   0.0000   0.0000 
  0.0000   0.0000   0.0000   0.0000   0.0000   0.0000   0.0000   0.0000   0.0000   0.0000 
  0.0000   0.0000   0.0000   0.0000   0.0000   0.0000   0.0000   0.0000   0.0000   0.0000 
  0.0000   0.0000   0.0000   0.0000   0.0000   0.0000   0.0000   0.0000   0.0000   0.0000 
  0.0000   0.0000   0.0000   0.0000   0.0000   0.0000   0.0000   0.0000   0.0000   0.0000 
  0.0000   0.0000   0.0000   0.0000   0.0000   0.0000   0.0000   0.0000   0.0000   0.0000 
  0.0000   0.0000   0.0000   0.0000   0.0000   0.0000   0.0000   0.0000   0.0000   0.0000 
  0.0000   0.0000   0.0000   0.0000   0.0000   0.0000   0.0000   0.0000   0.0000   0.0000 
  0.0000   0.0000   0.0000   0.0000   0.0000   0.0000   0.0000   0.0000   0.0000   0.0000 
  0.0000   0.0000   0.0000   0.0000   0.0000   0.0000   0.0000   0.0000   0.0000   0.0000 
  0.0000   0.0000   0.0000   0.0000   0.0000   0.0000   0.0000   0.0000   0.0000   0.0000 
  0.0000   0.0000   0.0000   0.0000   0.0000   0.0000   0.0000   0.0000   0.0000   0.0000 
  0.0000   0.0000   0.0000   0.0000   0.0000   0.0000   0.0000   0.0000   0.0000   0.0000 
  0.0000   0.0000   0.0000   0.0000   0.0000   0.0000   0.0000   0.0000   0.0000   0.0000 
  0.0000   0.0000   0.0000   0.0000   0.0000   0.0000   0.0000   0.0000   0.0000   0.0000 
  0.0000   0.0000   0.0000   0.0000   0.0000   0.0000   0.0000   0.0000   0.0000   0.0000 
  0.0000   0.0000   0.0000   0.0000   0.0000   0.0000   0.0000   0.0000   0.0000   0.0000 
  0.0000   0.0000   0.0000   0.0000   0.0000   0.0000   0.0000   0.0000   0.0000   0.0000 
  0.0000   0.0000   0.0000   0.0000   0.0000   0.0000   0.0000   0.0000   0.0000   0.0000 
  0.0000   0.0000   0.0000   0.0000   0.0000   0.0000   0.0000   0.0000   0.0000   0.0000 
  0.0000   0.0000   0.0000   0.0000   0.0000   0.0000   0.0000   0.0000   0.0000   0.0000 
  0.0000   0.0000   0.0000   0.0000   0.0000   0.0000   0.0000   0.0000   0.0000   0.0000 
  0.0000   0.0000   0.0000   0.0000   0.0000   0.0000   0.0000   0.0000   0.0000   0.0000 
  0.0000   0.0000   0.0000   0.0000   0.0000   0.0000   0.0000   0.0000   0.0000   0.0000 
  0.0000   0.0000   0.0000   0.0000   0.0000   0.0000   0.0000   0.0000   0.0000   0.0000 
  0.0000   0.0000   0.0000   0.0000   0.0000   0.0000   0.0000   0.0000   0.0000   0.0000 
  0.0000   0.0000   0.0000   0.0000   0.0000   0.0000   0.0000   0.0000   0.0000   0.0000 
  0.0000   0.0000   0.0000   0.0000   0.0000   0.0000   0.0000   0.0000   0.0000   0.0000 
  0.0000   0.0000   0.0000   0.0000   0.0000   0.0000   0.0000   0.0000   0.0000   0.0000 
  0.0000   0.0000   0.0000   0.0000   0.0000   0.0000   0.0000   0.0000   0.0000   0.0000 
  0.0000   0.0000   0.0000   0.0000   0.0000   0.0000   0.0000   0.0000   0.0000   0.0000 
  0.0000   0.0000   0.0000   0.0000   0.0000   0.0000   0.0000   0.0000   0.0000   0.0000 
  0.0000   0.0000   0.0000   0.0000   0.0000   0.0000   0.0000   0.0000   0.0000   0.0000 
  0.0000   0.0000   0.0000   0.0000   0.0000   0.0000   0.0000   0.0000   0.0000   0.0000 
  0.0000   0.0000   0.0000   0.0000   0.0000   0.0000   0.0000   0.0000   0.0000   0.0000 
  0.0000   0.0000   0.0000   0.0000   0.0000   0.0000   0.0000   0.0000   0.0000   0.0000 
  0.0000   0.0000   0.0000   0.0000   0.0000   0.0000   0.0000   0.0000   0.0000   0.0000 
  0.0000   0.0000   0.0000   0.0000   0.0000   0.0000   0.0000   0.0000   0.0000   0.0000 
  0.0000   0.0000   0.0000   0.0000   0.0000   0.0000   0.0000   0.0000   0.0000   0.0000 
  0.0000   0.0000   0.0000   0.0000   0.0000   0.0000   0.0000   0.0000   0.0000   0.0000 
  0.0000   0.0000   0.0000   0.0000   0.0000   0.0000   0.0000   0.0000   0.0000   0.0000 
  0.0000   0.0000   0.0000   0.0000   0.0000   0.0000   0.0000   0.0000   0.0000   0.0000 
  0.0000   0.0000   0.0000   0.0000   0.0000   0.0000   0.0000   0.0000   0.0000   0.0000 
  0.0000   0.0000   0.0000   0.0000   0.0000   0.0000   0.0000   0.0000   0.0000   0.0000 
  0.0000   0.0000   0.0000   0.0000   0.0000   0.0000   0.0000   0.0000   0.0000   0.0000 
  0.0000   0.0000   0.0000   0.0000   0.0000   0.0000   0.0000   0.0000   0.0000   0.0000 
  0.0000   0.0000   0.0000   0.0000   0.0000   0.0000   0.0000   0.0000   0.0000   0.0000 
  0.0000   0.0000   0.0000   0.0000   0.0000   0.0000   0.0000   0.0000   0.0000   0.0000 
  0.0000   0.0000   0.0000   0.0000   0.0000   0.0000   0.0000   0.0000   0.0000   0.0000 
  0.0000   0.0000   0.0000   0.0000   0.0000   0.0000   0.0000   0.0000   0.0000   0.0000 
  0.0000   0.0000   0.0000   0.0000   0.0000   0.0000   0.0000   0.0000   0.0000   0.0000 
  0.0000   0.0000   0.0000   0.0000   0.0000   0.0000   0.0000   0.0000   0.0000   0.0000 
  0.0000   0.0000   0.0000   0.0000   0.0000   0.0000   0.0000   0.0000   0.0000   0.0000 
  0.0000   0.0000   0.0000   0.0000   0.0000   0.0000   0.0000   0.0000   0.0000   0.0000 
  0.0000   0.0000   0.0000   0.0000   0.0000   0.0000   0.0000   0.0000   0.0000   0.0000 
  0.0000   0.0000   0.0000   0.0000   0.0000   0.0000   0.0000   0.0000   0.0000   0.0000 
  0.0000   0.0000   0.0000   0.0000   0.0000   0.0000   0.0000   0.0000   0.0000   0.0000 
  0.0000   0.0000   0.0000   0.0000   0.0000   0.0000   0.0000   0.0000   0.0000   0.0000 
  0.0000   0.0000   0.0000   0.0000   0.0000   0.0000   0.0000   0.0000   0.0000   0.0000 
  0.0000   0.0000   0.0000   0.0000   0.0000   0.0000   0.0000   0.0000   0.0000   0.0000 
  0.0000   0.0000   0.0000   0.0000   0.0000   0.0000   0.0000   0.0000   0.0000   0.0000 
  0.0000   0.0000   0.0000   0.0000   0.0000   0.0000   0.0000   0.0000   0.0000   0.0000 
  0.0000   0.0000   0.0000   0.0000   0.0000   0.0000   0.0000   0.0000   0.0000   0.0000 
  0.0000   0.0000   0.0000   0.0000   0.0000   0.0000   0.0000   0.0000   0.0000   0.0000 
  0.0000   0.0000   0.0000   0.0000   0.0000   0.0000   0.0000   0.0000   0.0000   0.0000 
  0.0000   0.0000   0.0000   0.0000   0.0000   0.0000   0.0000   0.0000   0.0000   0.0000 
  0.0000   0.0000   0.0000   0.0000   0.0000   0.0000   0.0000   0.0000   0.0000   0.0000 
  0.0000   0.0000   0.0000   0.0000   0.0000   0.0000   0.0000   0.0000   0.0000   0.0000 
  0.0000   0.0000   0.0000   0.0000   0.0000   0.0000   0.0000   0.0000   0.0000   0.0000 
  0.0000   0.0000   0.0000   0.0000   0.0000   0.0000   0.0000   0.0000   0.0000   0.0000 
  0.0000   0.0000   0.0000   0.0000   0.0000   0.0000   0.0000   0.0000   0.0000   0.0000 
  0.0000   0.0000   0.0000   0.0000   0.0000   0.0000   0.0000   0.0000   0.0000   0.0000 
  0.0000   0.0000   0.0000   0.0000   0.0000   0.0000   0.0000   0.0000   0.0000   0.0000 
  0.0000   0.0000   0.0000   0.0000   0.0000   0.0000   0.0000   0.0000   0.0000   0.0000 
  0.0000   0.0000   0.0000   0.0000   0.0000   0.0000   0.0000   0.0000   0.0000   0.0000 
  0.0000   0.0000   0.0000   0.0000   0.0000   0.0000   0.0000   0.0000   0.0000   0.0000 
  0.0000   0.0000   0.0000   0.0000   0.0000   0.0000   0.0000   0.0000   0.0000   0.0000 
  0.0000   0.0000   0.0000   0.0000   0.0000   0.0000   0.0000   0.0000   0.0000   0.0000 
  0.0000   0.0000   0.0000   0.0000   0.0000   0.0000   0.0000   0.0000   0.0000   0.0000 
  0.0000   0.0000   0.0000   0.0000   0.0000   0.0000   0.0000   0.0000   0.0000   0.0000 
  0.0000   0.0000   0.0000   0.0000   0.0000   0.0000   0.0000   0.0000   0.0000   0.0000 
  0.0000   0.0000   0.0000   0.0000   0.0000   0.0000   0.0000   0.0000   0.0000   0.0000 
  0.0000   0.0000   0.0000   0.0000   0.0000   0.0000   0.0000   0.0000   0.0000   0.0000 
  0.0000   0.0000   0.0000   0.0000   0.0000   0.0000   0.0000   0.0000   0.0000   0.0000 
  0.0000   0.0000   0.0000   0.0000   0.0000   0.0000   0.0000   0.0000   0.0000   0.0000 
  0.0000   0.0000   0.0000   0.0000   0.0000   0.0000   0.0000   0.0000   0.0000   0.0000 
  0.0000   0.0000   0.0000   0.0000   0.0000   0.0000   0.0000   0.0000   0.0000   0.0000 
  0.0000   0.0000   0.0000   0.0000   0.0000   0.0000   0.0000   0.0000   0.0000   0.0000 
  0.0000   0.0000   0.0000   0.0000   0.0000   0.0000   0.0000   0.0000   0.0000   0.0000 
  0.0000   0.0000   0.0000   0.0000   0.0000   0.0000   0.0000   0.0000   0.0000   0.0000 
  0.0000   0.0000   0.0000   0.0000   0.0000   0.0000   0.0000   0.0000   0.0000   0.0000 
  0.0000   0.0000   0.0000   0.0000   0.0000   0.0000   0.0000   0.0000   0.0000   0.0000 
  0.0000   0.0000   0.0000   0.0000   0.0000   0.0000   0.0000   0.0000   0.0000   0.0000 
  0.0000   0.0000   0.0000   0.0000   0.0000   0.0000   0.0000   0.0000   0.0000   0.0000 
  0.0000   0.0000   0.0000   0.0000   0.0000   0.0000   0.0000   0.0000   0.0000   0.0000 
  0.0000   0.0000   0.0000   0.0000   0.0000   0.0000   0.0000   0.0000   0.0000   0.0000 
  0.0000   0.0000   0.0000   0.0000   0.0000   0.0000   0.0000   0.0000   0.0000   0.0000 
  0.0000   0.0000   0.0000   0.0000   0.0000   0.0000   0.0000   0.0000   0.0000   0.0000 
  0.0000   0.0000   0.0000   0.0000   0.0000   0.0000   0.0000   0.0000   0.0000   0.0000 
  0.0000   0.0000   0.0000   0.0000   0.0000   0.0000   0.0000   0.0000   0.0000   0.0000 
  0.0000   0.0000   0.0000   0.0000   0.0000   0.0000   0.0000   0.0000   0.0000   0.0000 
  0.0000   0.0000   0.0000   0.0000   0.0000   0.0000   0.0000   0.0000   0.0000   0.0000 
  0.0000   0.0000   0.0000   0.0000   0.0000   0.0000   0.0000   0.0000   0.0000   0.0000 
  0.0000   0.0000   0.0000   0.0000   0.0000   0.0000   0.0000   0.0000   0.0000   0.0000 
  0.0000   0.0000   0.0000   0.0000   0.0000   0.0000   0.0000   0.0000   0.0000   0.0000 
  0.0000   0.0000   0.0000   0.0000   0.0000   0.0000   0.0000   0.0000   0.0000   0.0000 
  0.0000   0.0000   0.0000   0.0000   0.0000   0.0000   0.0000   0.0000   0.0000   0.0000 
  0.0000   0.0000   0.0000   0.0000   0.0000   0.0000   0.0000   0.0000   0.0000   0.0000 
  0.0000   0.0000   0.0000   0.0000   0.0000   0.0000   0.0000   0.0000   0.0000   0.0000 
  0.0000   0.0000   0.0000   0.0000   0.0000   0.0000   0.0000   0.0000   0.0000   0.0000 
  0.0000   0.0000   0.0000   0.0000   0.0000   0.0000   0.0000   0.0000   0.0000   0.0000 
  0.0000   0.0000   0.0000   0.0000   0.0000   0.0000   0.0000   0.0000   0.0000   0.0000 
  0.0000   0.0000   0.0000   0.0000   0.0000   0.0000   0.0000   0.0000   0.0000   0.0000 
  0.0000   0.0000   0.0000   0.0000   0.0000   0.0000   0.0000   0.0000   0.0000   0.0000 
  0.0000   0.0000   0.0000   0.0000   0.0000   0.0000   0.0000   0.0000   0.0000   0.0000 
  0.0000   0.0000   0.0000   0.0000   0.0000   0.0000   0.0000   0.0000   0.0000   0.0000 
  0.0000   0.0000   0.0000   0.0000   0.0000   0.0000   0.0000   0.0000   0.0000   0.0000 
  0.0000   0.0000   0.0000   0.0000   0.0000   0.0000   0.0000   0.0000   0.0000   0.0000 
  0.0000   0.0000   0.0000   0.0000   0.0000   0.0000   0.0000   0.0000   0.0000   0.0000 
  0.0000   0.0000   0.0000   0.0000   0.0000   0.0000   0.0000   0.0000   0.0000   0.0000 
  0.0000   0.0000   0.0000   0.0000   0.0000   0.0000   0.0000   0.0000   0.0000   0.0000 
  0.0000   0.0000   0.0000   0.0000   0.0000   0.0000   0.0000   0.0000   0.0000   0.0000 
  0.0000   0.0000   0.0000   0.0000   0.0000   0.0000   0.0000   0.0000   0.0000   0.0000 
  0.0000   0.0000   0.0000   0.0000   0.0000   0.0000   0.0000   0.0000   0.0000   0.0000 
  0.0000   0.0000   0.0000   0.0000   0.0000   0.0000   0.0000   0.0000   0.0000   0.0000 
  0.0000   0.0000   0.0000   0.0000   0.0000   0.0000   0.0000   0.0000   0.0000   0.0000 
  0.0000   0.0000   0.0000   0.0000   0.0000   0.0000   0.0000   0.0000   0.0000   0.0000 
  0.0000   0.0000   0.0000   0.0000   0.0000   0.0000   0.0000   0.0000   0.0000   0.0000 
  0.0000   0.0000   0.0000   0.0000   0.0000   0.0000   0.0000   0.0000   0.0000   0.0000 
  0.0000   0.0000   0.0000   0.0000   0.0000   0.0000   0.0000   0.0000   0.0000   0.0000 
  0.0000   0.0000   0.0000   0.0000   0.0000   0.0000   0.0000   0.0000   0.0000   0.0000 
  0.0000   0.0000   0.0000   0.0000   0.0000   0.0000   0.0000   0.0000   0.0000   0.0000 
  0.0000   0.0000   0.0000   0.0000   0.0000   0.0000   0.0000   0.0000   0.0000   0.0000 
  0.0000   0.0000   0.0000   0.0000   0.0000   0.0000   0.0000   0.0000   0.0000   0.0000 
  0.0000   0.0000   0.0000   0.0000   0.0000   0.0000   0.0000   0.0000   0.0000   0.0000 
  0.0000   0.0000   0.0000   0.0000   0.0000   0.0000   0.0000   0.0000   0.0000   0.0000 
