z-axis acceleration data

  0.9126   0.4243   0.0679   0.0425   0.1758   0.4966   0.8252   1.1240   0.6685   0.7026 
  0.9038   0.3311   0.1572  -0.0439   0.3389   0.1123   0.9531   1.0620   0.4507   0.9736 
  0.9277   0.1152   0.4375  -0.1689   0.7383   0.0273   0.6060   0.9839   0.4995   0.8521 
  0.9438   0.1885   0.9863   0.0073   1.3086  -0.1001   1.4175   0.6816   1.0894   1.0181 
  0.9478  -0.0576   1.4780  -0.0557   1.8623  -0.0854   0.5952   0.8867   0.8608   0.8140 
  0.9409  -0.0234   1.9170  -0.1631   1.7427   0.2383   0.7109   0.7188   0.5537   1.0542 
  0.8916   0.0073   1.1387  -0.0146   0.5698   0.6753  -0.0190   0.7266   0.4805   1.0513 
  0.9277   0.1382   0.3750   0.5356  -0.7446   1.2651   0.0942   0.8970   0.1831   0.9624 
  0.9194   1.0000  -0.9082   0.9429  -1.2676   1.4141  -0.0210   0.9561   0.2769   0.9126 
  0.8755   1.6802  -0.9707   1.5972  -1.1152   1.9746   0.3252   0.9551   0.2856   0.9185 
  0.8804   2.4302  -1.0410   2.4902  -0.8535   1.7891  -0.1011   1.0674   0.2598   1.0562 
  0.9287   1.7148  -0.7544   2.1187  -0.5928   0.0781   0.0591   0.9053   0.4517   1.0962 
  0.9834   0.1631  -0.8716   0.0088  -0.6992  -1.1401   0.0562   0.8784   0.5181   1.0303 
  0.8730  -1.0317  -0.6909  -1.7178  -0.6265  -1.1313   0.0981   1.0381   0.3950   0.9780 
  0.8315  -0.1616  -0.4849  -0.7490  -0.4346  -1.6489   0.5811   0.9756   0.5962   1.0752 
  0.8647  -0.2432  -0.0923  -0.8892  -0.2744  -0.8599   1.1216   0.8931   0.7686   1.0239 
  0.8110   0.0244   0.2070  -0.6680   0.2148  -0.8657   1.8208   0.9106   1.7813   0.7236 
  0.8379  -0.0293   0.6099  -1.0181   0.7412  -0.4282   2.2788   0.8687   2.0034   1.0664 
  0.8159  -0.0601   0.8960  -0.6987   0.9688  -0.3960   1.4360   0.8716   1.4365   1.0024 
  0.9141   0.0762   0.7080  -0.4766   0.6162   0.0894  -0.1665   0.8950  -0.3955   1.0703 
  0.8955   0.1943   0.6680  -0.3643   0.2744   0.4146  -1.4614   0.9019  -1.1196   0.9448 
  1.0322   0.3228   0.3999   0.0830   0.7979   0.5610  -0.9526   0.9292  -0.4180   0.8828 
  0.9263   0.4424   0.7129   0.5381   1.3091   0.6621  -0.9604   0.9683  -0.5376   0.9438 
  1.0093   0.5498   1.1519   0.6362   0.6230   0.4546  -0.4678   0.9834  -0.4204   0.9780 
  0.9497   0.8320   0.2300   0.5952   0.5317   0.8247  -0.4717   0.9595  -0.4316   0.9956 
  0.9644   0.6895   0.5098   0.2368   0.2729   0.8408  -0.4824   0.9736  -0.3262   1.0000 
  0.9932   0.4692   0.2441   1.3599   0.5562   0.5269  -0.1836   1.0015  -0.1812   0.9653 
  0.9751   0.4355  -0.0054   0.7163   0.3169  -0.1777  -0.1172   1.0752   0.1670   0.9238 
  0.9238   0.4331   0.2817   0.6812   0.2808   0.0815  -0.0518   1.0684   0.4126   0.9419 
  1.1060   0.3228  -0.0049   0.1641   0.2358   0.2720   0.5264   1.0825   0.3467   0.9229 
  1.1270   0.9829   0.0669  -0.1553   0.1685   0.4019   0.7764   1.0962   0.2979   0.8921 
  1.2207   0.4985   0.1948   0.0728   0.0840   0.0566   0.6445   1.1499   0.1855   0.8877 
  1.0605   0.5195   0.8032   0.1948   0.3320   0.1113   0.5776   1.1406   1.5239   0.9077 
  0.8916   0.3755   1.6641   0.3374   0.7329   0.2417   0.0244   1.2036   0.6934   0.9561 
  0.7969   0.1489   1.8809   0.1147   1.3501   0.7451   1.3877   1.3052   0.5581   1.0435 
  0.8018   0.0898   2.1045   0.0522   1.6177   1.1685   0.3286   1.3618   0.2876   1.0752 
  0.7178   0.2559   0.7627   0.0698   1.9028   1.6807   0.3618   1.3862   0.3628   1.0859 
  0.7524   0.1558  -0.9893   0.3364   1.2915   1.9058   0.1108   1.4771   0.4395   1.1084 
  0.9224   0.0791  -0.4609   0.8379  -0.2329   1.2241   0.2007   1.6191   0.5498   1.1992 
  0.9600   0.2432  -0.8320   1.4946  -1.1655  -0.2920   0.4385   1.6206   0.5669   1.2578 
  0.7583   0.6611  -0.3208   1.7432  -0.8887  -0.8491   0.2319   1.7271   0.5684   1.3213 
  0.9551   1.1968  -0.3018   2.3843  -0.9360  -0.6616  -0.0352   1.6841   0.4346   1.4546 
  0.7817   1.8677  -0.5098   0.9907  -0.5659  -0.3652   0.1226   1.7686   0.6372   1.4443 
  0.9111   2.0132   0.2090  -0.6855  -0.4321  -0.2573   0.1206   1.7529   0.7236   1.5298 
  1.1860   0.9434   0.4927  -0.9185  -0.0796  -0.3472   0.1914   1.5981   0.7720   1.6558 
  0.9424  -0.1924   0.3809  -0.8540   0.1992   0.0483   0.5313   1.3789   0.7256   1.8662 
  0.8213  -0.7656   0.0747  -0.8882   0.3340   0.0601   1.0239   1.2134   0.8716   1.7588 
  0.6079  -0.7593   0.5571  -0.8232   0.4058   0.1699   2.0303   1.0049   0.6968   1.6660 
  0.4409  -0.8516   1.3418  -0.9155  -0.0957   0.4473   2.1748   0.6753   0.9092   1.5034 
  0.3647  -0.6533   0.6953  -0.6230   1.2759   0.0762   2.0161   0.4487   0.8418   1.3545 
  0.1851  -0.6821   0.5200  -0.4292   0.8535  -0.0283   0.8013   0.3271   0.9917   1.1572 
  0.2549  -0.5918   0.4165  -0.1104   0.8115   1.1069  -1.1133   0.0835   0.8540   0.9966 
  0.0376  -0.3784   0.5234   0.2612   0.4419   0.7593  -0.5215  -0.1699   0.9160   0.8091 
 -0.1626   0.1021   0.4800   0.4385   0.5156   0.7192  -0.8281  -0.3833   1.0020   0.6104 
 -0.1338   0.5293   0.4932   0.3003   0.5132   0.4727  -0.3354  -0.3511   1.0083   0.4004 
  0.2124   0.9180   0.5605   0.4580   0.5376   0.5884  -0.3247  -0.4722   1.0522   0.1426 
  0.8687   0.9419   0.6660   0.9521   0.5527   0.5869  -0.1987   0.0747   1.0273  -0.0933 
  1.7441   0.6348   0.8418   0.8848   0.4766   0.5566   0.0605   0.4263   0.9434  -0.2739 
  1.9712   0.5361   0.6021   0.6069   0.4990   0.6582   0.3882   1.1787   1.0874  -0.2334 
  1.9658   0.3677   0.8838   0.0811   0.5991   0.6440   0.6289   1.9292   1.0176  -0.4756 
  0.7793   1.3643   0.6587   0.2241   0.6313   0.6938   0.2988   1.3569   1.0479  -0.0498 
 -0.7935   0.4780   1.0127   0.2852   0.7437   0.6992   0.4487  -1.8120   0.9429   0.4370 
 -0.7686  -0.4277   0.6660   0.4092   0.5771   0.6670   1.2144  -1.6230   0.9780   1.0371 
 -0.7646  -0.1646   0.8018   0.2891   0.8223   0.7993   0.6704  -3.5503   0.9946   1.9795 
 -0.4453  -0.1978   0.7915   0.3892   0.8403   0.8638   0.3613  -0.5483   0.9507   1.8730 
 -0.1343   0.1821   0.7778   0.2622   1.0225   0.8271   0.1812  -0.5503   0.9360  -2.4424 
 -0.2104  -0.1689   0.8887   0.3887   0.8901   0.7896   0.2383  -0.4893   0.9575  -1.4370 
 -0.1802  -0.2080   0.8950   0.5596   1.0059   0.9038   0.3081   0.3701   0.8677  -3.2524 
 -0.1294  -0.1328   0.8979   1.0903   1.1108   0.6348   0.3760   0.2798   0.9507  -0.6123 
 -0.2266   0.7153   0.9463   1.5708   1.1206   0.7715   0.4541  -0.2095   0.9404  -0.3765 
  0.1113   1.6138   1.0391   2.1343   1.1069   0.7412   0.5200  -0.1392   0.9678  -0.4316 
  0.5244   1.8901   0.8008   2.0640   1.1030   0.9141   0.4907  -0.0044   0.9302   0.1284 
  0.5303   2.0200   1.0479   0.7612   0.9482   0.8584   0.4346   0.2222   0.8809   0.1328 
  0.5610   0.5776   1.1143  -0.8877   1.0342   1.0718   0.9702   0.3662   0.8623  -0.0474 
  0.6768  -0.7520   0.9922  -0.0098   1.0103   1.0967   1.0742   0.4497   0.8906  -0.1157 
  0.8481  -1.0215   0.8662  -0.2490   1.1533   1.0488   0.9868   0.3794   0.9429  -0.0181 
  0.5410  -0.9883   0.8696   0.2524   1.0005   0.9688   0.8857   0.2686   1.0229   0.2085 
  1.0464  -0.6357   1.0327   0.1743   0.9399   0.9834   1.0503   0.2676   1.0981   0.3306 
  0.7568  -0.6094   1.0117   0.4146   0.8672   1.1597   1.0068   0.3086   1.1016   0.3325 
  0.7827  -0.3281   0.9766   0.3643   0.9204   1.1431   1.0015   0.3179   1.1484   0.3066 
  0.2847   0.3564   0.7832   0.5796   0.9575   0.8472   1.0112   0.3120   1.2778   0.3350 
  0.3120   0.2935   0.8311   0.4966   0.8711   0.9087   1.0190   0.3511   1.4028   0.3945 
  0.2632   0.5083   0.8965   0.5132   0.9243   0.8794   1.1372   0.3926   1.4409   0.3711 
  0.1455   0.1885   0.9575   0.5132   0.9170   0.8672   1.0703   0.3657   1.5493   0.3579 
 -0.0366   0.0151   0.9268   0.1548   0.8730   0.9033   0.9351   0.3452   1.6445   0.4033 
 -0.1567   1.4785   0.9575   1.1587   0.8433   0.9546   0.9199   0.3457   1.6631   0.4009 
 -0.1821   0.8076   0.9775   0.6763   0.8696   0.8833   0.8521   0.3628   1.6787   0.4395 
  0.0581   0.7588   0.9990   0.5620   0.9316   0.9043   1.0371   0.3882   1.6880   0.4219 
  0.5381   0.3286   1.0400   0.4404   0.9502   0.9282   0.8438   0.4175   1.6064   0.3906 
  1.0918   0.7612   1.0781   0.3267   0.9971   0.9619   0.9521   0.4067   1.5186   0.4692 
  1.7583   0.4971   1.2070   0.4697   1.0674   0.8936   1.0830   0.3936   1.2715   0.4263 
  2.3438   0.5933   1.2690   0.5645   1.1021   0.9370   1.1255   0.4292   1.0210   0.3921 
  1.9658   0.6729   1.3428   0.6372   1.2388   1.0259   0.9419   0.4482   0.7695   0.3979 
 -0.3105   0.7578   1.4155   0.6528   1.3682   1.1758   0.9063   0.4810   0.5522   0.4507 
 -1.2915   0.7925   1.5273   0.7832   1.4312   1.2822   0.8452   0.4229   0.3696   0.4253 
 -0.4663   0.7388   1.6611   0.8442   1.4512   1.3013   0.9409   0.4092   0.2686   0.3896 
 -0.8667   0.7793   1.7505   0.9839   1.5723   1.4375   0.9019   0.4785  -0.0854   0.3770 
 -0.4321   0.7349   1.7886   0.9932   1.7383   1.5405   0.8789   0.5254  -0.4077   0.4224 
 -0.5742   0.7920   1.9082   1.0859   1.8105   1.6050   0.8633   0.4893  -0.3545   0.3906 
 -0.6909   0.9189   1.9531   0.7397   1.7832   1.6689   0.9048   0.4692  -0.1709   0.3608 
 -0.5835   0.6138   1.9707   0.8442   1.7490   1.7656   0.9351   0.4775   0.2065   0.3506 
 -0.3242   0.7632   1.9116   0.8037   1.6597   1.7637   0.9712   0.5156   0.5659   0.3496 
 -0.2075   0.8267   1.5820   0.9146   1.5063   1.7881   0.9805   0.5376   0.7373   0.3379 
  0.0205   0.9390   1.4331   0.8271   1.3032   1.6846   1.0313   0.5044   1.8203   0.3198 
  0.4814   0.9814   1.2124   1.1050   1.1504   1.4956   1.0879   0.5054   2.4043   0.3140 
  0.3296   1.0073   1.0498   1.1118   0.8740   1.2500   1.1372   0.5269  -2.9600   0.3335 
  0.1948   1.0464   0.7080   1.0190   0.5156   1.1143   1.2539   0.5630  -1.8916   0.3354 
  1.2725   1.0107   0.3984   1.0044   0.2563   0.8877   1.3169   0.5205  -3.7939   0.3003 
  1.0464   0.9692   0.1797   0.9556   0.1387   0.6890   1.4448   0.5063  -1.2119   0.3047 
  0.8662   0.9946  -0.1479   0.9673  -0.0576   0.4702   1.5151   0.5024  -0.6592   0.3086 
  0.3550   0.8872  -0.4346   1.0098  -0.4526   0.1938   1.5776   0.5127  -0.5010   0.3281 
  0.4204   0.9028  -0.5449   1.4043  -0.4707  -0.0293   1.6460   0.5322  -0.1753   0.3281 
  0.3423   0.9097  -0.5854   0.8525  -0.2939  -0.2563   1.6821   0.5171  -0.0469   0.2910 
  0.5649   0.8672  -0.2930   0.8687   0.0581  -0.4458   1.6953   0.4985  -0.0698   0.2886 
  0.4214   0.8838   0.2646   0.7754   0.6123  -0.5117   1.6235   0.4995  -0.2563   0.2925 
  0.1406   0.9092   0.9946   1.0005   1.1445  -0.1626   1.5610   0.4800  -0.0835   0.3052 
  0.1992   0.9106   0.9204   1.0508   1.4600   0.3359   1.3784   0.4897   0.1255   0.2705 
  0.0000   0.8779   2.0791   0.8979   1.7378   1.1763   1.1226   0.4917   0.2690   0.2012 
  0.1880   0.9146  -0.1016   0.8486  -1.9883   1.5723   0.8989   0.4683   0.3350   0.1431 
  0.2163   1.0049  -1.4004   0.8794  -1.4517   1.7856   0.7314   0.4292   0.3706   0.0767 
  0.4150   1.0820  -3.3364   0.9751  -4.3516   0.4692   0.5425   0.4160   0.3696   0.0039 
  0.6904   1.0684  -0.5107   0.9844   0.1602  -1.7178   0.2559   0.3975   0.3379  -0.1401 
  1.1270   1.2314  -0.4624   0.9688  -0.0513  -6.9556   0.0688   0.3970   0.2773  -0.2285 
  1.7534   1.2217  -0.7505   0.9541  -0.7803   0.8691  -0.2124   0.2949   0.3159  -0.2817 
  1.5151   1.3203   0.3418   0.9717   0.1733  -1.1299  -0.3916   0.1709   0.3540  -0.3096 
  0.9346   1.4888   0.0889   0.9697   0.2871  -0.2505  -0.4819   0.0791   0.3481  -0.3213 
 -1.5649   1.5288  -0.1094   1.0093   0.0005   0.1553  -0.2690   0.0107   0.3291  -0.3438 
 -1.0083   1.5825  -0.0630   1.0269  -0.1587  -0.1055   0.3667  -0.0840   0.3354  -0.3687 
 -1.0317   1.6978   0.0229   1.1040  -0.0679  -0.2764   1.0444  -0.1108   0.3335  -0.3462 
 -0.6245   1.7793   0.2002   1.1494   0.1260  -0.1582   0.8530  -0.1167   0.3535  -0.3130 
 -0.5537   1.8311   0.3369   1.2285   0.2905   0.0444   1.8940  -0.0576   0.3467  -0.2227 
 -0.6963   1.7891   0.3555   1.3164   0.3428   0.2485   1.8608  -0.0093   0.3672  -0.0688 
 -0.2056   1.7397   0.3604   1.4541   0.3120   0.2827  -2.4766  -0.0054   0.3774   0.0918 
  0.0767   1.5820   0.2549   1.5742   0.2173   0.2705  -3.4575   0.0288   0.3975   0.2197 
  0.2813   1.4243   0.2993   1.6357   0.1699   0.2637   0.9404   0.0156   0.4038   0.3882 
  0.4937   1.2998   0.2847   1.6714   0.2178   0.2744  -0.6255   0.0161   0.4077   0.5093 
 -0.4385   1.0435   0.3047   1.8447   0.2808   0.3018  -1.3037  -0.0698   0.4346   0.4800 
  0.1978   0.6733   0.3267   1.9121   0.2559   0.2603  -0.0698  -0.0679   0.4390   0.4673 
  1.4814   0.5146   0.3169   1.8364   0.2285   0.3037   0.4961   0.0698   0.4233   0.3550 
  0.7759   0.3120   0.3535   1.7549   0.2764   0.2905  -0.0981   0.3838   0.4385   0.3091 
  0.4238  -0.0151   0.3779   1.6143   0.3350   0.3105  -0.2397   0.6914   0.4443   0.2656 
  0.3525  -0.2935   0.3501   1.3965   0.3179   0.2646  -0.3027   0.9395   0.4590   0.2480 
  0.3696  -0.4561   0.3521   1.1938   0.2822   0.2554  -0.0259   1.0938   0.4507   0.3799 
  0.4819  -0.4346   0.3765   1.0713   0.2832   0.3442   0.1333   1.0903   0.4194   0.6411 
  0.5903  -0.4697   0.4165   0.8618   0.3730   0.3311   0.1914   0.7329   0.4102   0.8970 
  0.5430  -0.2578   0.3955   0.5688   0.3823   0.2998   0.2866   1.1211   0.4048   0.7510 
  0.4678   0.1968   0.3882   0.4097   0.3652   0.2935   0.2690   1.7847   0.4189   0.7363 
  0.6260   1.2168   0.3926   0.0801   0.3872   0.3262   0.1851   1.3662   0.3862   0.6646 
  0.6655   1.3379   0.4487  -0.2153   0.4253   0.3511   0.1548   1.2246   0.3721   0.6025 
  0.7627   2.0122   0.4297  -0.5342   0.4404   0.3638   0.1924   1.1895   0.4067   0.5957 
  0.7778   0.7139   0.4072  -0.4766   0.4204   0.3110   0.1489   1.0615   0.4043   0.5879 
  0.8389  -2.3721   0.4209  -0.3579   0.3799   0.3501   0.1606   0.9419   0.3828   0.6050 
  0.8462  -5.3877   0.4897   0.3062   0.3838   0.3940   0.1787   0.7881   0.3618   0.6221 
  0.8247   1.2480   0.5220   1.0684   0.3794   0.4365   0.2109   0.7178   0.3657   0.5908 
  0.9131  -0.8647   0.5073   1.1772   0.3633   0.4180   0.2334   0.7021   0.3931   0.4829 
  0.9512  -0.8237   0.5078   2.0396   0.3472   0.3906   0.2354   0.6367   0.3774   0.3398 
  0.9751  -0.1670   0.5298   1.2495   0.3408   0.3701   0.2153   0.0000   0.3271   0.1636 
  1.0532   0.1890   0.5615  -2.3169   0.3413   0.3540   0.2646   0.0000   0.3477   0.1089 
  0.9429   0.2393   0.5288  -2.4595   0.3672   0.3853   0.3140   0.0000   0.3735   0.1455 
  0.9775  -0.1602   0.5259  -1.6978   0.3853   0.3804   0.3179   0.0000   0.3569   0.2310 
  0.9487  -0.1050   0.5010  -0.6636   0.3755   0.3110   0.3369   0.0000   0.3296   0.2441 
  0.8789   0.1167   0.5186  -0.4814   0.3389   0.3301   0.3667   0.0000   0.3076   0.1826 
  0.9917   0.3438   0.5645  -0.3853   0.3613   0.4165   0.3560   0.0000   0.3022   0.1792 
  0.9844   0.4150   0.5371   0.2979   0.4038   0.4258   0.3530   0.0000   0.2397   0.2573 
  0.9946   0.4561   0.5054   0.2065   0.4023   0.3589   0.3677   0.0000   0.1899   0.2983 
  0.9712   0.3608   0.5181  -0.0889   0.3926   0.3667   0.3857   0.0000   0.1284   0.3496 
  0.9321   0.3340   0.5474  -0.2378   0.3853   0.4189   0.3960   0.0000   0.0522   0.3979 
  0.9429   0.3174   0.5610  -0.1030   0.4414   0.4590   0.3672   0.0000   0.0078   0.4009 
  0.9487   0.3394   0.5176   0.1421   0.4810   0.4453   0.3716   0.0000  -0.0566   0.3740 
  0.9482   0.3584   0.4697   0.2681   0.4717   0.4297   0.3916   0.0000  -0.1079   0.3130 
  0.9658   0.3452   0.4951   0.2588   0.4141   0.4414   0.3955   0.0000  -0.1572   0.2329 
  1.0068   0.3521   0.5234   0.2017   0.4189   0.4800   0.3364   0.0000  -0.1772   0.1484 
  0.8945   0.3672   0.5283   0.2197   0.4263   0.5376   0.3286   0.0000  -0.1899   0.0000 
  0.8828   0.3916   0.4341   0.2456   0.4038   0.4731   0.3354   0.0000  -0.1846   0.0000 
  0.8774   0.3848   0.4175   0.2197   0.3550   0.4517   0.3794   0.0000  -0.1592   0.0000 
  0.9766   0.3481   0.4033   0.1558   0.2656   0.4507   0.3682   0.0000  -0.1362   0.0000 
  1.0161   0.3784   0.3921   0.2471   0.2109   0.4795   0.3325   0.0000  -0.1001   0.0000 
  1.0239   0.3862   0.3208   0.2773   0.1470   0.4355   0.3296   0.0000  -0.0083   0.0000 
  1.0859   0.3984   0.1543   0.2793   0.0679   0.4087   0.3911   0.0000   0.0356   0.0000 
  1.2139   0.3677   0.0635   0.2617  -0.0518   0.3975   0.4321   0.0000   0.0679   0.0000 
  1.4053   0.3589   0.0288   0.2544  -0.1436   0.4106   0.4531   0.0000   0.1436   0.0000 
  1.5293   0.3936  -0.0137   0.2930  -0.2402   0.4150   0.4233   0.0000   0.3662   0.0000 
  1.5908   0.3706  -0.1030   0.3047  -0.2534   0.4082   0.4717   0.0000   0.3799   0.0000 
  1.6274   0.3237  -0.2324   0.3047  -0.2588   0.4014   0.5352   0.0000   0.2305   0.0000 
  1.7661   0.3408  -0.3452   0.3281  -0.2461   0.4204   0.5669   0.0000   0.5908   0.0000 
  1.8428   0.3740  -0.4478   0.3120  -0.3047   0.4380   0.5493   0.0000   0.4316   0.0000 
  1.9297   0.3779  -0.5552   0.3623  -0.3101   0.4575   0.5615   0.0000   0.3511   0.0000 
  2.0894   0.3560  -0.4810   0.4023  -0.2651   0.4673   0.5469   0.0000   0.2271   0.0000 
  1.9834   0.3877  -0.3574   0.4102  -0.2764   0.4683   0.5645   0.0000   0.3735   0.0000 
  1.8521   0.3970  -0.2207   0.3853  -0.2466   0.4717   0.4668   0.0000   0.3872   0.0000 
  1.7017   0.4199  -0.0640   0.4058  -0.1963   0.5088   0.3779   0.0000   0.3794   0.0000 
  1.4893   0.3784   0.0400   0.3916  -0.1504   0.5063   0.3198   0.0000   0.3770   0.0000 
  1.2646   0.3892   0.0645   0.4282  -0.0913   0.5195   0.2358   0.0000   0.4199   0.0000 
  1.0830   0.4102   0.1021   0.4253   0.0605   0.4883   0.1226   0.0000   0.5527   0.0000 
  0.7402   0.4307   0.2666   0.4463   0.1719   0.4790  -0.0356   0.0000   0.6533   0.0000 
  0.4385   0.4194   0.3877   0.4717   0.2490   0.4907  -0.1768   0.0000   0.7192   0.0000 
  0.2144   0.4048   0.4995   0.4824   0.4868   0.5039  -0.2720   0.0000   0.7480   0.0000 
  0.0308   0.4136   0.7100   0.4390   0.4102   0.4971  -0.3203   0.0000   0.7378   0.0000 
 -0.3975   0.4458   0.6680   0.4146   0.3271   0.4648  -0.2964   0.0000   0.7173   0.0000 
 -0.3511   0.4443   0.5103   0.4229   0.4624   0.4541  -0.2778   0.0000   0.7437   0.0000 
 -0.5273   0.4243   0.4468   0.4565   0.6948   0.4653  -0.2876   0.0000   0.7417   0.0000 
 -0.4956   0.4229   0.5527   0.4067   0.7646   0.4780  -0.3252   0.0000   0.7295   0.0000 
 -0.0278   0.4556   0.3125   0.3721   0.5220   0.4551  -0.2520   0.0000   0.6563   0.0000 
  0.1938   0.4272   0.0283   0.3809   0.3604   0.4824  -0.1753   0.0000   0.6465   0.0000 
  0.9932   0.4312  -0.0566   0.4292   0.2881   0.5254  -0.0815   0.0000   0.6294   0.0000 
  1.9517   0.3936  -0.0005   0.4292   0.0352   0.6025  -0.0132   0.0000   0.6021   0.0000 
  2.3257   0.3584   0.2905   0.3970   0.2969   0.6528   0.1255   0.0000   0.5767   0.0000 
 -1.1621   0.3105   0.5273   0.3975   0.5405   0.6636   0.2822   0.0000   0.5381   0.0000 
 -3.0093   0.3110   0.5762   0.4365   0.5391   0.7085   0.4316   0.0000   0.4971   0.0000 
 -3.6909   0.2568   0.7383   0.4116   0.6553   0.7817   0.4702   0.0000   0.4497   0.0000 
 -0.6270   0.1792   0.7432   0.4390   0.0000   0.8364   0.4829   0.0000   0.4150   0.0000 
 -0.9458   0.0874   0.7607   0.4634   0.0000   0.8291   0.3677   0.0000   0.3696   0.0000 
 -0.6606   0.0039   0.7720   0.4888   0.0000   0.8462   0.3467   0.0000   0.3203   0.0000 
  0.1680  -0.0762   0.7744   0.4497   0.0000   0.7871   0.0610   0.0000   0.2598   0.0000 
  0.2500  -0.1582   0.7578   0.3975   0.0000   0.6890  -0.3506   0.0000   0.2456   0.0000 
 -0.2109  -0.3276   0.6904   0.3457   0.0000   0.6519  -0.4780   0.0000   0.2153   0.0000 
 -0.0181  -0.4258   0.6196   0.2534   0.0000   0.6201  -0.3193   0.0000   0.0000   0.0000 
  0.6006  -0.3862   0.5605   0.1655   0.0000   0.5757  -0.0381   0.0000   0.0000   0.0000 
  0.0005  -0.2798   0.4692   0.1113   0.0000   0.5176   0.0122   0.0000   0.0000   0.0000 
  0.7954  -0.1807   0.3823   0.0142   0.0000   0.4683   0.3271   0.0000   0.0000   0.0000 
 -0.0552  -0.1182   0.3115  -0.1372   0.0000   0.4580   0.4106   0.0000   0.0000   0.0000 
  0.7900  -0.0068   0.2573  -0.2661   0.0000   0.4502   0.6978   0.0000   0.0000   0.0000 
 -0.0752   0.1875   0.0000  -0.2993   0.0000   0.4521   0.7979   0.0000   0.0000   0.0000 
  0.7832   0.3887   0.0000  -0.2461   0.0000   0.4736   0.8877   0.0000   0.0000   0.0000 
 -0.1157   0.3857   0.0000  -0.2681   0.0000   0.4741   0.9453   0.0000   0.0000   0.0000 
  0.7837   0.3125   0.0000  -0.3042   0.0000   0.4702   0.9351   0.0000   0.0000   0.0000 
 -0.0820   0.4741   0.0000  -0.3428   0.0000   0.4663   0.9585   0.0000   0.0000   0.0000 
  0.8096   0.6406   0.0000  -0.3481   0.0000   0.4497   0.8691   0.0000   0.0000   0.0000 
 -0.1152   0.5913   0.0000  -0.3315   0.0000   0.4482   0.7466   0.0000   0.0000   0.0000 
  0.7881   0.5635   0.0000  -0.2681   0.0000   0.4399   0.6426   0.0000   0.0000   0.0000 
 -0.0669   0.4189   0.0000  -0.2686   0.0000   0.3779   0.5454   0.0000   0.0000   0.0000 
  0.7588   0.9194   0.0000  -0.3188   0.0000   0.3511   0.4697   0.0000   0.0000   0.0000 
 -0.0313   0.7300   0.0000  -0.2275   0.0000   0.3594   0.4146   0.0000   0.0000   0.0000 
  0.7188   0.3755   0.0000   0.0601   0.0000   0.3184   0.3633   0.0000   0.0000   0.0000 
  0.1079   0.2485   0.0000   0.2012   0.0000   0.2510   0.2974   0.0000   0.0000   0.0000 
  0.6699   0.1128   0.0000   0.1919   0.0000   0.1943   0.2368   0.0000   0.0000   0.0000 
  0.2642   0.4385   0.0000   0.3623   0.0000   0.1401   0.1768   0.0000   0.0000   0.0000 
  0.4634   0.4126   0.0000   0.6025   0.0000   0.0889   0.1396   0.0000   0.0000   0.0000 
  0.4683   0.8291   0.0000   0.4331   0.0000   0.0210   0.1167   0.0000   0.0000   0.0000 
  0.2910   0.6733   0.0000   0.3706   0.0000  -0.0225   0.0884   0.0000   0.0000   0.0000 
  0.7104   0.7583   0.0000   0.3481   0.0000  -0.0474   0.0957   0.0000   0.0000   0.0000 
  0.5889   0.7456   0.0000   0.3550   0.0000  -0.0522   0.0820   0.0000   0.0000   0.0000 
  0.4551   0.7100   0.0000   0.4463   0.0000  -0.0337   0.1016   0.0000   0.0000   0.0000 
  0.4160   0.6152   0.0000   0.3452   0.0000  -0.0317   0.1313   0.0000   0.0000   0.0000 
  0.4482   0.6577   0.0000   0.3799   0.0000  -0.0425   0.1465   0.0000   0.0000   0.0000 
  0.4370   0.7158   0.0000   0.4087   0.0000  -0.0586   0.0000   0.0000   0.0000   0.0000 
  0.4531   0.6865   0.0000   0.3384   0.0000  -0.0327   0.0000   0.0000   0.0000   0.0000 
  0.4570   0.6396   0.0000   0.4053   0.0000   0.1274   0.0000   0.0000   0.0000   0.0000 
  0.4067   0.5957   0.0000   0.5361   0.0000   0.2437   0.0000   0.0000   0.0000   0.0000 
  0.3071   0.5322   0.0000   0.5977   0.0000   0.2725   0.0000   0.0000   0.0000   0.0000 
  0.8408   0.4839   0.0000   0.6709   0.0000   0.1753   0.0000   0.0000   0.0000   0.0000 
  0.2036   0.4282   0.0000   0.7271   0.0000   0.4106   0.0000   0.0000   0.0000   0.0000 
  0.6245   0.3647   0.0000   0.7583   0.0000   0.8730   0.0000   0.0000   0.0000   0.0000 
  0.6748   0.2935   0.0000   0.7207   0.0000   0.5957   0.0000   0.0000   0.0000   0.0000 
  0.2222   0.2324   0.0000   0.6685   0.0000   0.4292   0.0000   0.0000   0.0000   0.0000 
  0.7700   0.1787   0.0000   0.6201   0.0000   0.6440   0.0000   0.0000   0.0000   0.0000 
  0.4238   0.1226   0.0000   0.5459   0.0000   0.5352   0.0000   0.0000   0.0000   0.0000 
  0.2822   0.0781   0.0000   0.4814   0.0000   0.3823   0.0000   0.0000   0.0000   0.0000 
  0.8232   0.0869   0.0000   0.4194   0.0000   0.3271   0.0000   0.0000   0.0000   0.0000 
  0.2427   0.1069   0.0000   0.0000   0.0000   0.3887   0.0000   0.0000   0.0000   0.0000 
  0.3999   0.1304   0.0000   0.0000   0.0000   0.5229   0.0000   0.0000   0.0000   0.0000 
  0.6577   0.1572   0.0000   0.0000   0.0000   0.6992   0.0000   0.0000   0.0000   0.0000 
  0.1479   0.1802   0.0000   0.0000   0.0000   0.8701   0.0000   0.0000   0.0000   0.0000 
  0.3643   0.2168   0.0000   0.0000   0.0000   0.8613   0.0000   0.0000   0.0000   0.0000 
  0.3081   0.2236   0.0000   0.0000   0.0000   0.6748   0.0000   0.0000   0.0000   0.0000 
  0.2148   0.2183   0.0000   0.0000   0.0000   0.5317   0.0000   0.0000   0.0000   0.0000 
  0.2080   0.2412   0.0000   0.0000   0.0000   0.4912   0.0000   0.0000   0.0000   0.0000 
  0.1440   0.2598   0.0000   0.0000   0.0000   0.4556   0.0000   0.0000   0.0000   0.0000 
  0.0635   0.2769   0.0000   0.0000   0.0000   0.3882   0.0000   0.0000   0.0000   0.0000 
 -0.0146   0.2856   0.0000   0.0000   0.0000   0.3755   0.0000   0.0000   0.0000   0.0000 
 -0.1016   0.3096   0.0000   0.0000   0.0000   0.0000   0.0000   0.0000   0.0000   0.0000 
 -0.1211   0.3169   0.0000   0.0000   0.0000   0.0000   0.0000   0.0000   0.0000   0.0000 
 -0.2505   0.3267   0.0000   0.0000   0.0000   0.0000   0.0000   0.0000   0.0000   0.0000 
 -0.3481   0.3535   0.0000   0.0000   0.0000   0.0000   0.0000   0.0000   0.0000   0.0000 
 -0.1987   0.3511   0.0000   0.0000   0.0000   0.0000   0.0000   0.0000   0.0000   0.0000 
 -0.1221   0.3521   0.0000   0.0000   0.0000   0.0000   0.0000   0.0000   0.0000   0.0000 
 -0.1646   0.3711   0.0000   0.0000   0.0000   0.0000   0.0000   0.0000   0.0000   0.0000 
 -0.0146   0.4019   0.0000   0.0000   0.0000   0.0000   0.0000   0.0000   0.0000   0.0000 
 -0.1465   0.4116   0.0000   0.0000   0.0000   0.0000   0.0000   0.0000   0.0000   0.0000 
  0.2188   0.4126   0.0000   0.0000   0.0000   0.0000   0.0000   0.0000   0.0000   0.0000 
  0.2734   0.4243   0.0000   0.0000   0.0000   0.0000   0.0000   0.0000   0.0000   0.0000 
  0.1685   0.4375   0.0000   0.0000   0.0000   0.0000   0.0000   0.0000   0.0000   0.0000 
  0.0776   0.4370   0.0000   0.0000   0.0000   0.0000   0.0000   0.0000   0.0000   0.0000 
  0.4258   0.4438   0.0000   0.0000   0.0000   0.0000   0.0000   0.0000   0.0000   0.0000 
  0.5991   0.4634   0.0000   0.0000   0.0000   0.0000   0.0000   0.0000   0.0000   0.0000 
  0.3770   0.4888   0.0000   0.0000   0.0000   0.0000   0.0000   0.0000   0.0000   0.0000 
  0.1685   0.4932   0.0000   0.0000   0.0000   0.0000   0.0000   0.0000   0.0000   0.0000 
  0.3154   0.4727   0.0000   0.0000   0.0000   0.0000   0.0000   0.0000   0.0000   0.0000 
  0.4478   0.4531   0.0000   0.0000   0.0000   0.0000   0.0000   0.0000   0.0000   0.0000 
  0.2944   0.4478   0.0000   0.0000   0.0000   0.0000   0.0000   0.0000   0.0000   0.0000 
  0.1846   0.4209   0.0000   0.0000   0.0000   0.0000   0.0000   0.0000   0.0000   0.0000 
  0.1855   0.3789   0.0000   0.0000   0.0000   0.0000   0.0000   0.0000   0.0000   0.0000 
  0.2129   0.3311   0.0000   0.0000   0.0000   0.0000   0.0000   0.0000   0.0000   0.0000 
  0.3379   0.2847   0.0000   0.0000   0.0000   0.0000   0.0000   0.0000   0.0000   0.0000 
  0.5332   0.2480   0.0000   0.0000   0.0000   0.0000   0.0000   0.0000   0.0000   0.0000 
  0.5840   0.2046   0.0000   0.0000   0.0000   0.0000   0.0000   0.0000   0.0000   0.0000 
  0.6372   0.1465   0.0000   0.0000   0.0000   0.0000   0.0000   0.0000   0.0000   0.0000 
  0.7754   0.1206   0.0000   0.0000   0.0000   0.0000   0.0000   0.0000   0.0000   0.0000 
  0.8799   0.1108   0.0000   0.0000   0.0000   0.0000   0.0000   0.0000   0.0000   0.0000 
  0.9609   0.0947   0.0000   0.0000   0.0000   0.0000   0.0000   0.0000   0.0000   0.0000 
  1.0161   0.0713   0.0000   0.0000   0.0000   0.0000   0.0000   0.0000   0.0000   0.0000 
  1.0410   0.0791   0.0000   0.0000   0.0000   0.0000   0.0000   0.0000   0.0000   0.0000 
  1.0122   0.0635   0.0000   0.0000   0.0000   0.0000   0.0000   0.0000   0.0000   0.0000 
  0.9692   0.0425   0.0000   0.0000   0.0000   0.0000   0.0000   0.0000   0.0000   0.0000 
  0.8931   0.0376   0.0000   0.0000   0.0000   0.0000   0.0000   0.0000   0.0000   0.0000 
  0.7813   0.0562   0.0000   0.0000   0.0000   0.0000   0.0000   0.0000   0.0000   0.0000 
  0.6675   0.0635   0.0000   0.0000   0.0000   0.0000   0.0000   0.0000   0.0000   0.0000 
  0.5762   0.0586   0.0000   0.0000   0.0000   0.0000   0.0000   0.0000   0.0000   0.0000 
  0.4575   0.0493   0.0000   0.0000   0.0000   0.0000   0.0000   0.0000   0.0000   0.0000 
  0.0000   0.0464   0.0000   0.0000   0.0000   0.0000   0.0000   0.0000   0.0000   0.0000 
  0.0000   0.0366   0.0000   0.0000   0.0000   0.0000   0.0000   0.0000   0.0000   0.0000 
  0.0000   0.0283   0.0000   0.0000   0.0000   0.0000   0.0000   0.0000   0.0000   0.0000 
  0.0000   0.0220   0.0000   0.0000   0.0000   0.0000   0.0000   0.0000   0.0000   0.0000 
  0.0000   0.0439   0.0000   0.0000   0.0000   0.0000   0.0000   0.0000   0.0000   0.0000 
  0.0000   0.0630   0.0000   0.0000   0.0000   0.0000   0.0000   0.0000   0.0000   0.0000 
  0.0000   0.0728   0.0000   0.0000   0.0000   0.0000   0.0000   0.0000   0.0000   0.0000 
  0.0000   0.0767   0.0000   0.0000   0.0000   0.0000   0.0000   0.0000   0.0000   0.0000 
  0.0000   0.0938   0.0000   0.0000   0.0000   0.0000   0.0000   0.0000   0.0000   0.0000 
  0.0000   0.1079   0.0000   0.0000   0.0000   0.0000   0.0000   0.0000   0.0000   0.0000 
  0.0000   0.0000   0.0000   0.0000   0.0000   0.0000   0.0000   0.0000   0.0000   0.0000 
  0.0000   0.0000   0.0000   0.0000   0.0000   0.0000   0.0000   0.0000   0.0000   0.0000 
  0.0000   0.0000   0.0000   0.0000   0.0000   0.0000   0.0000   0.0000   0.0000   0.0000 
  0.0000   0.0000   0.0000   0.0000   0.0000   0.0000   0.0000   0.0000   0.0000   0.0000 
  0.0000   0.0000   0.0000   0.0000   0.0000   0.0000   0.0000   0.0000   0.0000   0.0000 
  0.0000   0.0000   0.0000   0.0000   0.0000   0.0000   0.0000   0.0000   0.0000   0.0000 
  0.0000   0.0000   0.0000   0.0000   0.0000   0.0000   0.0000   0.0000   0.0000   0.0000 
  0.0000   0.0000   0.0000   0.0000   0.0000   0.0000   0.0000   0.0000   0.0000   0.0000 
  0.0000   0.0000   0.0000   0.0000   0.0000   0.0000   0.0000   0.0000   0.0000   0.0000 
  0.0000   0.0000   0.0000   0.0000   0.0000   0.0000   0.0000   0.0000   0.0000   0.0000 
  0.0000   0.0000   0.0000   0.0000   0.0000   0.0000   0.0000   0.0000   0.0000   0.0000 
  0.0000   0.0000   0.0000   0.0000   0.0000   0.0000   0.0000   0.0000   0.0000   0.0000 
  0.0000   0.0000   0.0000   0.0000   0.0000   0.0000   0.0000   0.0000   0.0000   0.0000 
  0.0000   0.0000   0.0000   0.0000   0.0000   0.0000   0.0000   0.0000   0.0000   0.0000 
  0.0000   0.0000   0.0000   0.0000   0.0000   0.0000   0.0000   0.0000   0.0000   0.0000 
  0.0000   0.0000   0.0000   0.0000   0.0000   0.0000   0.0000   0.0000   0.0000   0.0000 
  0.0000   0.0000   0.0000   0.0000   0.0000   0.0000   0.0000   0.0000   0.0000   0.0000 
  0.0000   0.0000   0.0000   0.0000   0.0000   0.0000   0.0000   0.0000   0.0000   0.0000 
  0.0000   0.0000   0.0000   0.0000   0.0000   0.0000   0.0000   0.0000   0.0000   0.0000 
  0.0000   0.0000   0.0000   0.0000   0.0000   0.0000   0.0000   0.0000   0.0000   0.0000 
  0.0000   0.0000   0.0000   0.0000   0.0000   0.0000   0.0000   0.0000   0.0000   0.0000 
  0.0000   0.0000   0.0000   0.0000   0.0000   0.0000   0.0000   0.0000   0.0000   0.0000 
  0.0000   0.0000   0.0000   0.0000   0.0000   0.0000   0.0000   0.0000   0.0000   0.0000 
  0.0000   0.0000   0.0000   0.0000   0.0000   0.0000   0.0000   0.0000   0.0000   0.0000 
  0.0000   0.0000   0.0000   0.0000   0.0000   0.0000   0.0000   0.0000   0.0000   0.0000 
  0.0000   0.0000   0.0000   0.0000   0.0000   0.0000   0.0000   0.0000   0.0000   0.0000 
  0.0000   0.0000   0.0000   0.0000   0.0000   0.0000   0.0000   0.0000   0.0000   0.0000 
  0.0000   0.0000   0.0000   0.0000   0.0000   0.0000   0.0000   0.0000   0.0000   0.0000 
  0.0000   0.0000   0.0000   0.0000   0.0000   0.0000   0.0000   0.0000   0.0000   0.0000 
  0.0000   0.0000   0.0000   0.0000   0.0000   0.0000   0.0000   0.0000   0.0000   0.0000 
  0.0000   0.0000   0.0000   0.0000   0.0000   0.0000   0.0000   0.0000   0.0000   0.0000 
  0.0000   0.0000   0.0000   0.0000   0.0000   0.0000   0.0000   0.0000   0.0000   0.0000 
  0.0000   0.0000   0.0000   0.0000   0.0000   0.0000   0.0000   0.0000   0.0000   0.0000 
  0.0000   0.0000   0.0000   0.0000   0.0000   0.0000   0.0000   0.0000   0.0000   0.0000 
  0.0000   0.0000   0.0000   0.0000   0.0000   0.0000   0.0000   0.0000   0.0000   0.0000 
  0.0000   0.0000   0.0000   0.0000   0.0000   0.0000   0.0000   0.0000   0.0000   0.0000 
  0.0000   0.0000   0.0000   0.0000   0.0000   0.0000   0.0000   0.0000   0.0000   0.0000 
  0.0000   0.0000   0.0000   0.0000   0.0000   0.0000   0.0000   0.0000   0.0000   0.0000 
  0.0000   0.0000   0.0000   0.0000   0.0000   0.0000   0.0000   0.0000   0.0000   0.0000 
  0.0000   0.0000   0.0000   0.0000   0.0000   0.0000   0.0000   0.0000   0.0000   0.0000 
  0.0000   0.0000   0.0000   0.0000   0.0000   0.0000   0.0000   0.0000   0.0000   0.0000 
  0.0000   0.0000   0.0000   0.0000   0.0000   0.0000   0.0000   0.0000   0.0000   0.0000 
  0.0000   0.0000   0.0000   0.0000   0.0000   0.0000   0.0000   0.0000   0.0000   0.0000 
  0.0000   0.0000   0.0000   0.0000   0.0000   0.0000   0.0000   0.0000   0.0000   0.0000 
  0.0000   0.0000   0.0000   0.0000   0.0000   0.0000   0.0000   0.0000   0.0000   0.0000 
  0.0000   0.0000   0.0000   0.0000   0.0000   0.0000   0.0000   0.0000   0.0000   0.0000 
  0.0000   0.0000   0.0000   0.0000   0.0000   0.0000   0.0000   0.0000   0.0000   0.0000 
  0.0000   0.0000   0.0000   0.0000   0.0000   0.0000   0.0000   0.0000   0.0000   0.0000 
  0.0000   0.0000   0.0000   0.0000   0.0000   0.0000   0.0000   0.0000   0.0000   0.0000 
  0.0000   0.0000   0.0000   0.0000   0.0000   0.0000   0.0000   0.0000   0.0000   0.0000 
  0.0000   0.0000   0.0000   0.0000   0.0000   0.0000   0.0000   0.0000   0.0000   0.0000 
  0.0000   0.0000   0.0000   0.0000   0.0000   0.0000   0.0000   0.0000   0.0000   0.0000 
  0.0000   0.0000   0.0000   0.0000   0.0000   0.0000   0.0000   0.0000   0.0000   0.0000 
  0.0000   0.0000   0.0000   0.0000   0.0000   0.0000   0.0000   0.0000   0.0000   0.0000 
  0.0000   0.0000   0.0000   0.0000   0.0000   0.0000   0.0000   0.0000   0.0000   0.0000 
  0.0000   0.0000   0.0000   0.0000   0.0000   0.0000   0.0000   0.0000   0.0000   0.0000 
  0.0000   0.0000   0.0000   0.0000   0.0000   0.0000   0.0000   0.0000   0.0000   0.0000 
  0.0000   0.0000   0.0000   0.0000   0.0000   0.0000   0.0000   0.0000   0.0000   0.0000 
  0.0000   0.0000   0.0000   0.0000   0.0000   0.0000   0.0000   0.0000   0.0000   0.0000 
  0.0000   0.0000   0.0000   0.0000   0.0000   0.0000   0.0000   0.0000   0.0000   0.0000 
  0.0000   0.0000   0.0000   0.0000   0.0000   0.0000   0.0000   0.0000   0.0000   0.0000 
  0.0000   0.0000   0.0000   0.0000   0.0000   0.0000   0.0000   0.0000   0.0000   0.0000 
  0.0000   0.0000   0.0000   0.0000   0.0000   0.0000   0.0000   0.0000   0.0000   0.0000 
  0.0000   0.0000   0.0000   0.0000   0.0000   0.0000   0.0000   0.0000   0.0000   0.0000 
  0.0000   0.0000   0.0000   0.0000   0.0000   0.0000   0.0000   0.0000   0.0000   0.0000 
  0.0000   0.0000   0.0000   0.0000   0.0000   0.0000   0.0000   0.0000   0.0000   0.0000 
  0.0000   0.0000   0.0000   0.0000   0.0000   0.0000   0.0000   0.0000   0.0000   0.0000 
  0.0000   0.0000   0.0000   0.0000   0.0000   0.0000   0.0000   0.0000   0.0000   0.0000 
  0.0000   0.0000   0.0000   0.0000   0.0000   0.0000   0.0000   0.0000   0.0000   0.0000 
  0.0000   0.0000   0.0000   0.0000   0.0000   0.0000   0.0000   0.0000   0.0000   0.0000 
  0.0000   0.0000   0.0000   0.0000   0.0000   0.0000   0.0000   0.0000   0.0000   0.0000 
  0.0000   0.0000   0.0000   0.0000   0.0000   0.0000   0.0000   0.0000   0.0000   0.0000 
  0.0000   0.0000   0.0000   0.0000   0.0000   0.0000   0.0000   0.0000   0.0000   0.0000 
  0.0000   0.0000   0.0000   0.0000   0.0000   0.0000   0.0000   0.0000   0.0000   0.0000 
  0.0000   0.0000   0.0000   0.0000   0.0000   0.0000   0.0000   0.0000   0.0000   0.0000 
  0.0000   0.0000   0.0000   0.0000   0.0000   0.0000   0.0000   0.0000   0.0000   0.0000 
  0.0000   0.0000   0.0000   0.0000   0.0000   0.0000   0.0000   0.0000   0.0000   0.0000 
  0.0000   0.0000   0.0000   0.0000   0.0000   0.0000   0.0000   0.0000   0.0000   0.0000 
  0.0000   0.0000   0.0000   0.0000   0.0000   0.0000   0.0000   0.0000   0.0000   0.0000 
  0.0000   0.0000   0.0000   0.0000   0.0000   0.0000   0.0000   0.0000   0.0000   0.0000 
  0.0000   0.0000   0.0000   0.0000   0.0000   0.0000   0.0000   0.0000   0.0000   0.0000 
  0.0000   0.0000   0.0000   0.0000   0.0000   0.0000   0.0000   0.0000   0.0000   0.0000 
  0.0000   0.0000   0.0000   0.0000   0.0000   0.0000   0.0000   0.0000   0.0000   0.0000 
  0.0000   0.0000   0.0000   0.0000   0.0000   0.0000   0.0000   0.0000   0.0000   0.0000 
  0.0000   0.0000   0.0000   0.0000   0.0000   0.0000   0.0000   0.0000   0.0000   0.0000 
  0.0000   0.0000   0.0000   0.0000   0.0000   0.0000   0.0000   0.0000   0.0000   0.0000 
  0.0000   0.0000   0.0000   0.0000   0.0000   0.0000   0.0000   0.0000   0.0000   0.0000 
  0.0000   0.0000   0.0000   0.0000   0.0000   0.0000   0.0000   0.0000   0.0000   0.0000 
  0.0000   0.0000   0.0000   0.0000   0.0000   0.0000   0.0000   0.0000   0.0000   0.0000 
  0.0000   0.0000   0.0000   0.0000   0.0000   0.0000   0.0000   0.0000   0.0000   0.0000 
  0.0000   0.0000   0.0000   0.0000   0.0000   0.0000   0.0000   0.0000   0.0000   0.0000 
  0.0000   0.0000   0.0000   0.0000   0.0000   0.0000   0.0000   0.0000   0.0000   0.0000 
  0.0000   0.0000   0.0000   0.0000   0.0000   0.0000   0.0000   0.0000   0.0000   0.0000 
  0.0000   0.0000   0.0000   0.0000   0.0000   0.0000   0.0000   0.0000   0.0000   0.0000 
  0.0000   0.0000   0.0000   0.0000   0.0000   0.0000   0.0000   0.0000   0.0000   0.0000 
  0.0000   0.0000   0.0000   0.0000   0.0000   0.0000   0.0000   0.0000   0.0000   0.0000 
  0.0000   0.0000   0.0000   0.0000   0.0000   0.0000   0.0000   0.0000   0.0000   0.0000 
  0.0000   0.0000   0.0000   0.0000   0.0000   0.0000   0.0000   0.0000   0.0000   0.0000 
  0.0000   0.0000   0.0000   0.0000   0.0000   0.0000   0.0000   0.0000   0.0000   0.0000 
  0.0000   0.0000   0.0000   0.0000   0.0000   0.0000   0.0000   0.0000   0.0000   0.0000 
  0.0000   0.0000   0.0000   0.0000   0.0000   0.0000   0.0000   0.0000   0.0000   0.0000 
  0.0000   0.0000   0.0000   0.0000   0.0000   0.0000   0.0000   0.0000   0.0000   0.0000 
  0.0000   0.0000   0.0000   0.0000   0.0000   0.0000   0.0000   0.0000   0.0000   0.0000 
  0.0000   0.0000   0.0000   0.0000   0.0000   0.0000   0.0000   0.0000   0.0000   0.0000 
  0.0000   0.0000   0.0000   0.0000   0.0000   0.0000   0.0000   0.0000   0.0000   0.0000 
  0.0000   0.0000   0.0000   0.0000   0.0000   0.0000   0.0000   0.0000   0.0000   0.0000 
  0.0000   0.0000   0.0000   0.0000   0.0000   0.0000   0.0000   0.0000   0.0000   0.0000 
  0.0000   0.0000   0.0000   0.0000   0.0000   0.0000   0.0000   0.0000   0.0000   0.0000 
  0.0000   0.0000   0.0000   0.0000   0.0000   0.0000   0.0000   0.0000   0.0000   0.0000 
  0.0000   0.0000   0.0000   0.0000   0.0000   0.0000   0.0000   0.0000   0.0000   0.0000 
  0.0000   0.0000   0.0000   0.0000   0.0000   0.0000   0.0000   0.0000   0.0000   0.0000 
  0.0000   0.0000   0.0000   0.0000   0.0000   0.0000   0.0000   0.0000   0.0000   0.0000 
  0.0000   0.0000   0.0000   0.0000   0.0000   0.0000   0.0000   0.0000   0.0000   0.0000 
  0.0000   0.0000   0.0000   0.0000   0.0000   0.0000   0.0000   0.0000   0.0000   0.0000 
  0.0000   0.0000   0.0000   0.0000   0.0000   0.0000   0.0000   0.0000   0.0000   0.0000 
  0.0000   0.0000   0.0000   0.0000   0.0000   0.0000   0.0000   0.0000   0.0000   0.0000 
  0.0000   0.0000   0.0000   0.0000   0.0000   0.0000   0.0000   0.0000   0.0000   0.0000 
  0.0000   0.0000   0.0000   0.0000   0.0000   0.0000   0.0000   0.0000   0.0000   0.0000 
  0.0000   0.0000   0.0000   0.0000   0.0000   0.0000   0.0000   0.0000   0.0000   0.0000 
  0.0000   0.0000   0.0000   0.0000   0.0000   0.0000   0.0000   0.0000   0.0000   0.0000 
  0.0000   0.0000   0.0000   0.0000   0.0000   0.0000   0.0000   0.0000   0.0000   0.0000 
  0.0000   0.0000   0.0000   0.0000   0.0000   0.0000   0.0000   0.0000   0.0000   0.0000 
  0.0000   0.0000   0.0000   0.0000   0.0000   0.0000   0.0000   0.0000   0.0000   0.0000 
  0.0000   0.0000   0.0000   0.0000   0.0000   0.0000   0.0000   0.0000   0.0000   0.0000 
  0.0000   0.0000   0.0000   0.0000   0.0000   0.0000   0.0000   0.0000   0.0000   0.0000 
  0.0000   0.0000   0.0000   0.0000   0.0000   0.0000   0.0000   0.0000   0.0000   0.0000 
  0.0000   0.0000   0.0000   0.0000   0.0000   0.0000   0.0000   0.0000   0.0000   0.0000 
  0.0000   0.0000   0.0000   0.0000   0.0000   0.0000   0.0000   0.0000   0.0000   0.0000 
  0.0000   0.0000   0.0000   0.0000   0.0000   0.0000   0.0000   0.0000   0.0000   0.0000 
  0.0000   0.0000   0.0000   0.0000   0.0000   0.0000   0.0000   0.0000   0.0000   0.0000 
  0.0000   0.0000   0.0000   0.0000   0.0000   0.0000   0.0000   0.0000   0.0000   0.0000 
  0.0000   0.0000   0.0000   0.0000   0.0000   0.0000   0.0000   0.0000   0.0000   0.0000 
  0.0000   0.0000   0.0000   0.0000   0.0000   0.0000   0.0000   0.0000   0.0000   0.0000 
  0.0000   0.0000   0.0000   0.0000   0.0000   0.0000   0.0000   0.0000   0.0000   0.0000 
  0.0000   0.0000   0.0000   0.0000   0.0000   0.0000   0.0000   0.0000   0.0000   0.0000 
  0.0000   0.0000   0.0000   0.0000   0.0000   0.0000   0.0000   0.0000   0.0000   0.0000 
  0.0000   0.0000   0.0000   0.0000   0.0000   0.0000   0.0000   0.0000   0.0000   0.0000 
  0.0000   0.0000   0.0000   0.0000   0.0000   0.0000   0.0000   0.0000   0.0000   0.0000 
  0.0000   0.0000   0.0000   0.0000   0.0000   0.0000   0.0000   0.0000   0.0000   0.0000 
  0.0000   0.0000   0.0000   0.0000   0.0000   0.0000   0.0000   0.0000   0.0000   0.0000 
  0.0000   0.0000   0.0000   0.0000   0.0000   0.0000   0.0000   0.0000   0.0000   0.0000 
  0.0000   0.0000   0.0000   0.0000   0.0000   0.0000   0.0000   0.0000   0.0000   0.0000 
  0.0000   0.0000   0.0000   0.0000   0.0000   0.0000   0.0000   0.0000   0.0000   0.0000 
  0.0000   0.0000   0.0000   0.0000   0.0000   0.0000   0.0000   0.0000   0.0000   0.0000 
  0.0000   0.0000   0.0000   0.0000   0.0000   0.0000   0.0000   0.0000   0.0000   0.0000 
  0.0000   0.0000   0.0000   0.0000   0.0000   0.0000   0.0000   0.0000   0.0000   0.0000 
  0.0000   0.0000   0.0000   0.0000   0.0000   0.0000   0.0000   0.0000   0.0000   0.0000 
  0.0000   0.0000   0.0000   0.0000   0.0000   0.0000   0.0000   0.0000   0.0000   0.0000 
  0.0000   0.0000   0.0000   0.0000   0.0000   0.0000   0.0000   0.0000   0.0000   0.0000 
  0.0000   0.0000   0.0000   0.0000   0.0000   0.0000   0.0000   0.0000   0.0000   0.0000 
  0.0000   0.0000   0.0000   0.0000   0.0000   0.0000   0.0000   0.0000   0.0000   0.0000 
  0.0000   0.0000   0.0000   0.0000   0.0000   0.0000   0.0000   0.0000   0.0000   0.0000 
  0.0000   0.0000   0.0000   0.0000   0.0000   0.0000   0.0000   0.0000   0.0000   0.0000 
  0.0000   0.0000   0.0000   0.0000   0.0000   0.0000   0.0000   0.0000   0.0000   0.0000 
  0.0000   0.0000   0.0000   0.0000   0.0000   0.0000   0.0000   0.0000   0.0000   0.0000 
  0.0000   0.0000   0.0000   0.0000   0.0000   0.0000   0.0000   0.0000   0.0000   0.0000 
  0.0000   0.0000   0.0000   0.0000   0.0000   0.0000   0.0000   0.0000   0.0000   0.0000 
  0.0000   0.0000   0.0000   0.0000   0.0000   0.0000   0.0000   0.0000   0.0000   0.0000 
  0.0000   0.0000   0.0000   0.0000   0.0000   0.0000   0.0000   0.0000   0.0000   0.0000 
  0.0000   0.0000   0.0000   0.0000   0.0000   0.0000   0.0000   0.0000   0.0000   0.0000 
  0.0000   0.0000   0.0000   0.0000   0.0000   0.0000   0.0000   0.0000   0.0000   0.0000 
  0.0000   0.0000   0.0000   0.0000   0.0000   0.0000   0.0000   0.0000   0.0000   0.0000 
  0.0000   0.0000   0.0000   0.0000   0.0000   0.0000   0.0000   0.0000   0.0000   0.0000 
  0.0000   0.0000   0.0000   0.0000   0.0000   0.0000   0.0000   0.0000   0.0000   0.0000 
  0.0000   0.0000   0.0000   0.0000   0.0000   0.0000   0.0000   0.0000   0.0000   0.0000 
  0.0000   0.0000   0.0000   0.0000   0.0000   0.0000   0.0000   0.0000   0.0000   0.0000 
  0.0000   0.0000   0.0000   0.0000   0.0000   0.0000   0.0000   0.0000   0.0000   0.0000 
  0.0000   0.0000   0.0000   0.0000   0.0000   0.0000   0.0000   0.0000   0.0000   0.0000 
  0.0000   0.0000   0.0000   0.0000   0.0000   0.0000   0.0000   0.0000   0.0000   0.0000 
  0.0000   0.0000   0.0000   0.0000   0.0000   0.0000   0.0000   0.0000   0.0000   0.0000 
  0.0000   0.0000   0.0000   0.0000   0.0000   0.0000   0.0000   0.0000   0.0000   0.0000 
  0.0000   0.0000   0.0000   0.0000   0.0000   0.0000   0.0000   0.0000   0.0000   0.0000 
  0.0000   0.0000   0.0000   0.0000   0.0000   0.0000   0.0000   0.0000   0.0000   0.0000 
  0.0000   0.0000   0.0000   0.0000   0.0000   0.0000   0.0000   0.0000   0.0000   0.0000 
  0.0000   0.0000   0.0000   0.0000   0.0000   0.0000   0.0000   0.0000   0.0000   0.0000 
  0.0000   0.0000   0.0000   0.0000   0.0000   0.0000   0.0000   0.0000   0.0000   0.0000 
  0.0000   0.0000   0.0000   0.0000   0.0000   0.0000   0.0000   0.0000   0.0000   0.0000 
  0.0000   0.0000   0.0000   0.0000   0.0000   0.0000   0.0000   0.0000   0.0000   0.0000 
  0.0000   0.0000   0.0000   0.0000   0.0000   0.0000   0.0000   0.0000   0.0000   0.0000 
  0.0000   0.0000   0.0000   0.0000   0.0000   0.0000   0.0000   0.0000   0.0000   0.0000 
  0.0000   0.0000   0.0000   0.0000   0.0000   0.0000   0.0000   0.0000   0.0000   0.0000 
  0.0000   0.0000   0.0000   0.0000   0.0000   0.0000   0.0000   0.0000   0.0000   0.0000 
  0.0000   0.0000   0.0000   0.0000   0.0000   0.0000   0.0000   0.0000   0.0000   0.0000 
  0.0000   0.0000   0.0000   0.0000   0.0000   0.0000   0.0000   0.0000   0.0000   0.0000 
  0.0000   0.0000   0.0000   0.0000   0.0000   0.0000   0.0000   0.0000   0.0000   0.0000 
  0.0000   0.0000   0.0000   0.0000   0.0000   0.0000   0.0000   0.0000   0.0000   0.0000 
  0.0000   0.0000   0.0000   0.0000   0.0000   0.0000   0.0000   0.0000   0.0000   0.0000 
  0.0000   0.0000   0.0000   0.0000   0.0000   0.0000   0.0000   0.0000   0.0000   0.0000 
  0.0000   0.0000   0.0000   0.0000   0.0000   0.0000   0.0000   0.0000   0.0000   0.0000 
  0.0000   0.0000   0.0000   0.0000   0.0000   0.0000   0.0000   0.0000   0.0000   0.0000 
  0.0000   0.0000   0.0000   0.0000   0.0000   0.0000   0.0000   0.0000   0.0000   0.0000 
  0.0000   0.0000   0.0000   0.0000   0.0000   0.0000   0.0000   0.0000   0.0000   0.0000 
  0.0000   0.0000   0.0000   0.0000   0.0000   0.0000   0.0000   0.0000   0.0000   0.0000 
  0.0000   0.0000   0.0000   0.0000   0.0000   0.0000   0.0000   0.0000   0.0000   0.0000 
  0.0000   0.0000   0.0000   0.0000   0.0000   0.0000   0.0000   0.0000   0.0000   0.0000 
  0.0000   0.0000   0.0000   0.0000   0.0000   0.0000   0.0000   0.0000   0.0000   0.0000 
  0.0000   0.0000   0.0000   0.0000   0.0000   0.0000   0.0000   0.0000   0.0000   0.0000 
  0.0000   0.0000   0.0000   0.0000   0.0000   0.0000   0.0000   0.0000   0.0000   0.0000 
  0.0000   0.0000   0.0000   0.0000   0.0000   0.0000   0.0000   0.0000   0.0000   0.0000 
  0.0000   0.0000   0.0000   0.0000   0.0000   0.0000   0.0000   0.0000   0.0000   0.0000 
  0.0000   0.0000   0.0000   0.0000   0.0000   0.0000   0.0000   0.0000   0.0000   0.0000 
  0.0000   0.0000   0.0000   0.0000   0.0000   0.0000   0.0000   0.0000   0.0000   0.0000 
  0.0000   0.0000   0.0000   0.0000   0.0000   0.0000   0.0000   0.0000   0.0000   0.0000 
  0.0000   0.0000   0.0000   0.0000   0.0000   0.0000   0.0000   0.0000   0.0000   0.0000 
  0.0000   0.0000   0.0000   0.0000   0.0000   0.0000   0.0000   0.0000   0.0000   0.0000 
  0.0000   0.0000   0.0000   0.0000   0.0000   0.0000   0.0000   0.0000   0.0000   0.0000 
  0.0000   0.0000   0.0000   0.0000   0.0000   0.0000   0.0000   0.0000   0.0000   0.0000 
  0.0000   0.0000   0.0000   0.0000   0.0000   0.0000   0.0000   0.0000   0.0000   0.0000 
  0.0000   0.0000   0.0000   0.0000   0.0000   0.0000   0.0000   0.0000   0.0000   0.0000 
  0.0000   0.0000   0.0000   0.0000   0.0000   0.0000   0.0000   0.0000   0.0000   0.0000 
  0.0000   0.0000   0.0000   0.0000   0.0000   0.0000   0.0000   0.0000   0.0000   0.0000 
  0.0000   0.0000   0.0000   0.0000   0.0000   0.0000   0.0000   0.0000   0.0000   0.0000 
  0.0000   0.0000   0.0000   0.0000   0.0000   0.0000   0.0000   0.0000   0.0000   0.0000 
  0.0000   0.0000   0.0000   0.0000   0.0000   0.0000   0.0000   0.0000   0.0000   0.0000 
  0.0000   0.0000   0.0000   0.0000   0.0000   0.0000   0.0000   0.0000   0.0000   0.0000 
  0.0000   0.0000   0.0000   0.0000   0.0000   0.0000   0.0000   0.0000   0.0000   0.0000 
  0.0000   0.0000   0.0000   0.0000   0.0000   0.0000   0.0000   0.0000   0.0000   0.0000 
  0.0000   0.0000   0.0000   0.0000   0.0000   0.0000   0.0000   0.0000   0.0000   0.0000 
  0.0000   0.0000   0.0000   0.0000   0.0000   0.0000   0.0000   0.0000   0.0000   0.0000 
  0.0000   0.0000   0.0000   0.0000   0.0000   0.0000   0.0000   0.0000   0.0000   0.0000 
  0.0000   0.0000   0.0000   0.0000   0.0000   0.0000   0.0000   0.0000   0.0000   0.0000 
  0.0000   0.0000   0.0000   0.0000   0.0000   0.0000   0.0000   0.0000   0.0000   0.0000 
  0.0000   0.0000   0.0000   0.0000   0.0000   0.0000   0.0000   0.0000   0.0000   0.0000 
  0.0000   0.0000   0.0000   0.0000   0.0000   0.0000   0.0000   0.0000   0.0000   0.0000 
  0.0000   0.0000   0.0000   0.0000   0.0000   0.0000   0.0000   0.0000   0.0000   0.0000 
  0.0000   0.0000   0.0000   0.0000   0.0000   0.0000   0.0000   0.0000   0.0000   0.0000 
  0.0000   0.0000   0.0000   0.0000   0.0000   0.0000   0.0000   0.0000   0.0000   0.0000 
  0.0000   0.0000   0.0000   0.0000   0.0000   0.0000   0.0000   0.0000   0.0000   0.0000 
  0.0000   0.0000   0.0000   0.0000   0.0000   0.0000   0.0000   0.0000   0.0000   0.0000 
  0.0000   0.0000   0.0000   0.0000   0.0000   0.0000   0.0000   0.0000   0.0000   0.0000 
  0.0000   0.0000   0.0000   0.0000   0.0000   0.0000   0.0000   0.0000   0.0000   0.0000 
  0.0000   0.0000   0.0000   0.0000   0.0000   0.0000   0.0000   0.0000   0.0000   0.0000 
  0.0000   0.0000   0.0000   0.0000   0.0000   0.0000   0.0000   0.0000   0.0000   0.0000 
  0.0000   0.0000   0.0000   0.0000   0.0000   0.0000   0.0000   0.0000   0.0000   0.0000 
  0.0000   0.0000   0.0000   0.0000   0.0000   0.0000   0.0000   0.0000   0.0000   0.0000 
  0.0000   0.0000   0.0000   0.0000   0.0000   0.0000   0.0000   0.0000   0.0000   0.0000 
  0.0000   0.0000   0.0000   0.0000   0.0000   0.0000   0.0000   0.0000   0.0000   0.0000 
  0.0000   0.0000   0.0000   0.0000   0.0000   0.0000   0.0000   0.0000   0.0000   0.0000 
  0.0000   0.0000   0.0000   0.0000   0.0000   0.0000   0.0000   0.0000   0.0000   0.0000 
  0.0000   0.0000   0.0000   0.0000   0.0000   0.0000   0.0000   0.0000   0.0000   0.0000 
  0.0000   0.0000   0.0000   0.0000   0.0000   0.0000   0.0000   0.0000   0.0000   0.0000 
  0.0000   0.0000   0.0000   0.0000   0.0000   0.0000   0.0000   0.0000   0.0000   0.0000 
  0.0000   0.0000   0.0000   0.0000   0.0000   0.0000   0.0000   0.0000   0.0000   0.0000 
  0.0000   0.0000   0.0000   0.0000   0.0000   0.0000   0.0000   0.0000   0.0000   0.0000 
  0.0000   0.0000   0.0000   0.0000   0.0000   0.0000   0.0000   0.0000   0.0000   0.0000 
  0.0000   0.0000   0.0000   0.0000   0.0000   0.0000   0.0000   0.0000   0.0000   0.0000 
  0.0000   0.0000   0.0000   0.0000   0.0000   0.0000   0.0000   0.0000   0.0000   0.0000 
  0.0000   0.0000   0.0000   0.0000   0.0000   0.0000   0.0000   0.0000   0.0000   0.0000 
  0.0000   0.0000   0.0000   0.0000   0.0000   0.0000   0.0000   0.0000   0.0000   0.0000 
  0.0000   0.0000   0.0000   0.0000   0.0000   0.0000   0.0000   0.0000   0.0000   0.0000 
  0.0000   0.0000   0.0000   0.0000   0.0000   0.0000   0.0000   0.0000   0.0000   0.0000 
  0.0000   0.0000   0.0000   0.0000   0.0000   0.0000   0.0000   0.0000   0.0000   0.0000 
  0.0000   0.0000   0.0000   0.0000   0.0000   0.0000   0.0000   0.0000   0.0000   0.0000 
  0.0000   0.0000   0.0000   0.0000   0.0000   0.0000   0.0000   0.0000   0.0000   0.0000 
  0.0000   0.0000   0.0000   0.0000   0.0000   0.0000   0.0000   0.0000   0.0000   0.0000 
  0.0000   0.0000   0.0000   0.0000   0.0000   0.0000   0.0000   0.0000   0.0000   0.0000 
  0.0000   0.0000   0.0000   0.0000   0.0000   0.0000   0.0000   0.0000   0.0000   0.0000 
  0.0000   0.0000   0.0000   0.0000   0.0000   0.0000   0.0000   0.0000   0.0000   0.0000 
  0.0000   0.0000   0.0000   0.0000   0.0000   0.0000   0.0000   0.0000   0.0000   0.0000 
  0.0000   0.0000   0.0000   0.0000   0.0000   0.0000   0.0000   0.0000   0.0000   0.0000 
  0.0000   0.0000   0.0000   0.0000   0.0000   0.0000   0.0000   0.0000   0.0000   0.0000 
  0.0000   0.0000   0.0000   0.0000   0.0000   0.0000   0.0000   0.0000   0.0000   0.0000 
  0.0000   0.0000   0.0000   0.0000   0.0000   0.0000   0.0000   0.0000   0.0000   0.0000 
  0.0000   0.0000   0.0000   0.0000   0.0000   0.0000   0.0000   0.0000   0.0000   0.0000 
  0.0000   0.0000   0.0000   0.0000   0.0000   0.0000   0.0000   0.0000   0.0000   0.0000 
  0.0000   0.0000   0.0000   0.0000   0.0000   0.0000   0.0000   0.0000   0.0000   0.0000 
  0.0000   0.0000   0.0000   0.0000   0.0000   0.0000   0.0000   0.0000   0.0000   0.0000 
  0.0000   0.0000   0.0000   0.0000   0.0000   0.0000   0.0000   0.0000   0.0000   0.0000 
  0.0000   0.0000   0.0000   0.0000   0.0000   0.0000   0.0000   0.0000   0.0000   0.0000 
  0.0000   0.0000   0.0000   0.0000   0.0000   0.0000   0.0000   0.0000   0.0000   0.0000 
  0.0000   0.0000   0.0000   0.0000   0.0000   0.0000   0.0000   0.0000   0.0000   0.0000 
  0.0000   0.0000   0.0000   0.0000   0.0000   0.0000   0.0000   0.0000   0.0000   0.0000 
  0.0000   0.0000   0.0000   0.0000   0.0000   0.0000   0.0000   0.0000   0.0000   0.0000 
  0.0000   0.0000   0.0000   0.0000   0.0000   0.0000   0.0000   0.0000   0.0000   0.0000 
  0.0000   0.0000   0.0000   0.0000   0.0000   0.0000   0.0000   0.0000   0.0000   0.0000 
  0.0000   0.0000   0.0000   0.0000   0.0000   0.0000   0.0000   0.0000   0.0000   0.0000 
  0.0000   0.0000   0.0000   0.0000   0.0000   0.0000   0.0000   0.0000   0.0000   0.0000 
  0.0000   0.0000   0.0000   0.0000   0.0000   0.0000   0.0000   0.0000   0.0000   0.0000 
  0.0000   0.0000   0.0000   0.0000   0.0000   0.0000   0.0000   0.0000   0.0000   0.0000 
  0.0000   0.0000   0.0000   0.0000   0.0000   0.0000   0.0000   0.0000   0.0000   0.0000 
  0.0000   0.0000   0.0000   0.0000   0.0000   0.0000   0.0000   0.0000   0.0000   0.0000 
  0.0000   0.0000   0.0000   0.0000   0.0000   0.0000   0.0000   0.0000   0.0000   0.0000 
  0.0000   0.0000   0.0000   0.0000   0.0000   0.0000   0.0000   0.0000   0.0000   0.0000 
  0.0000   0.0000   0.0000   0.0000   0.0000   0.0000   0.0000   0.0000   0.0000   0.0000 
  0.0000   0.0000   0.0000   0.0000   0.0000   0.0000   0.0000   0.0000   0.0000   0.0000 
  0.0000   0.0000   0.0000   0.0000   0.0000   0.0000   0.0000   0.0000   0.0000   0.0000 
  0.0000   0.0000   0.0000   0.0000   0.0000   0.0000   0.0000   0.0000   0.0000   0.0000 
  0.0000   0.0000   0.0000   0.0000   0.0000   0.0000   0.0000   0.0000   0.0000   0.0000 
  0.0000   0.0000   0.0000   0.0000   0.0000   0.0000   0.0000   0.0000   0.0000   0.0000 
  0.0000   0.0000   0.0000   0.0000   0.0000   0.0000   0.0000   0.0000   0.0000   0.0000 
  0.0000   0.0000   0.0000   0.0000   0.0000   0.0000   0.0000   0.0000   0.0000   0.0000 
  0.0000   0.0000   0.0000   0.0000   0.0000   0.0000   0.0000   0.0000   0.0000   0.0000 
  0.0000   0.0000   0.0000   0.0000   0.0000   0.0000   0.0000   0.0000   0.0000   0.0000 
  0.0000   0.0000   0.0000   0.0000   0.0000   0.0000   0.0000   0.0000   0.0000   0.0000 
  0.0000   0.0000   0.0000   0.0000   0.0000   0.0000   0.0000   0.0000   0.0000   0.0000 
  0.0000   0.0000   0.0000   0.0000   0.0000   0.0000   0.0000   0.0000   0.0000   0.0000 
  0.0000   0.0000   0.0000   0.0000   0.0000   0.0000   0.0000   0.0000   0.0000   0.0000 
  0.0000   0.0000   0.0000   0.0000   0.0000   0.0000   0.0000   0.0000   0.0000   0.0000 
  0.0000   0.0000   0.0000   0.0000   0.0000   0.0000   0.0000   0.0000   0.0000   0.0000 
  0.0000   0.0000   0.0000   0.0000   0.0000   0.0000   0.0000   0.0000   0.0000   0.0000 
  0.0000   0.0000   0.0000   0.0000   0.0000   0.0000   0.0000   0.0000   0.0000   0.0000 
  0.0000   0.0000   0.0000   0.0000   0.0000   0.0000   0.0000   0.0000   0.0000   0.0000 
  0.0000   0.0000   0.0000   0.0000   0.0000   0.0000   0.0000   0.0000   0.0000   0.0000 
  0.0000   0.0000   0.0000   0.0000   0.0000   0.0000   0.0000   0.0000   0.0000   0.0000 
  0.0000   0.0000   0.0000   0.0000   0.0000   0.0000   0.0000   0.0000   0.0000   0.0000 
  0.0000   0.0000   0.0000   0.0000   0.0000   0.0000   0.0000   0.0000   0.0000   0.0000 
  0.0000   0.0000   0.0000   0.0000   0.0000   0.0000   0.0000   0.0000   0.0000   0.0000 
  0.0000   0.0000   0.0000   0.0000   0.0000   0.0000   0.0000   0.0000   0.0000   0.0000 
  0.0000   0.0000   0.0000   0.0000   0.0000   0.0000   0.0000   0.0000   0.0000   0.0000 
  0.0000   0.0000   0.0000   0.0000   0.0000   0.0000   0.0000   0.0000   0.0000   0.0000 
  0.0000   0.0000   0.0000   0.0000   0.0000   0.0000   0.0000   0.0000   0.0000   0.0000 
  0.0000   0.0000   0.0000   0.0000   0.0000   0.0000   0.0000   0.0000   0.0000   0.0000 
  0.0000   0.0000   0.0000   0.0000   0.0000   0.0000   0.0000   0.0000   0.0000   0.0000 
  0.0000   0.0000   0.0000   0.0000   0.0000   0.0000   0.0000   0.0000   0.0000   0.0000 
  0.0000   0.0000   0.0000   0.0000   0.0000   0.0000   0.0000   0.0000   0.0000   0.0000 
  0.0000   0.0000   0.0000   0.0000   0.0000   0.0000   0.0000   0.0000   0.0000   0.0000 
  0.0000   0.0000   0.0000   0.0000   0.0000   0.0000   0.0000   0.0000   0.0000   0.0000 
  0.0000   0.0000   0.0000   0.0000   0.0000   0.0000   0.0000   0.0000   0.0000   0.0000 
  0.0000   0.0000   0.0000   0.0000   0.0000   0.0000   0.0000   0.0000   0.0000   0.0000 
  0.0000   0.0000   0.0000   0.0000   0.0000   0.0000   0.0000   0.0000   0.0000   0.0000 
  0.0000   0.0000   0.0000   0.0000   0.0000   0.0000   0.0000   0.0000   0.0000   0.0000 
  0.0000   0.0000   0.0000   0.0000   0.0000   0.0000   0.0000   0.0000   0.0000   0.0000 
  0.0000   0.0000   0.0000   0.0000   0.0000   0.0000   0.0000   0.0000   0.0000   0.0000 
  0.0000   0.0000   0.0000   0.0000   0.0000   0.0000   0.0000   0.0000   0.0000   0.0000 
  0.0000   0.0000   0.0000   0.0000   0.0000   0.0000   0.0000   0.0000   0.0000   0.0000 
  0.0000   0.0000   0.0000   0.0000   0.0000   0.0000   0.0000   0.0000   0.0000   0.0000 
  0.0000   0.0000   0.0000   0.0000   0.0000   0.0000   0.0000   0.0000   0.0000   0.0000 
  0.0000   0.0000   0.0000   0.0000   0.0000   0.0000   0.0000   0.0000   0.0000   0.0000 
  0.0000   0.0000   0.0000   0.0000   0.0000   0.0000   0.0000   0.0000   0.0000   0.0000 
  0.0000   0.0000   0.0000   0.0000   0.0000   0.0000   0.0000   0.0000   0.0000   0.0000 
  0.0000   0.0000   0.0000   0.0000   0.0000   0.0000   0.0000   0.0000   0.0000   0.0000 
  0.0000   0.0000   0.0000   0.0000   0.0000   0.0000   0.0000   0.0000   0.0000   0.0000 
  0.0000   0.0000   0.0000   0.0000   0.0000   0.0000   0.0000   0.0000   0.0000   0.0000 
  0.0000   0.0000   0.0000   0.0000   0.0000   0.0000   0.0000   0.0000   0.0000   0.0000 
  0.0000   0.0000   0.0000   0.0000   0.0000   0.0000   0.0000   0.0000   0.0000   0.0000 
  0.0000   0.0000   0.0000   0.0000   0.0000   0.0000   0.0000   0.0000   0.0000   0.0000 
  0.0000   0.0000   0.0000   0.0000   0.0000   0.0000   0.0000   0.0000   0.0000   0.0000 
  0.0000   0.0000   0.0000   0.0000   0.0000   0.0000   0.0000   0.0000   0.0000   0.0000 
  0.0000   0.0000   0.0000   0.0000   0.0000   0.0000   0.0000   0.0000   0.0000   0.0000 
  0.0000   0.0000   0.0000   0.0000   0.0000   0.0000   0.0000   0.0000   0.0000   0.0000 
  0.0000   0.0000   0.0000   0.0000   0.0000   0.0000   0.0000   0.0000   0.0000   0.0000 
  0.0000   0.0000   0.0000   0.0000   0.0000   0.0000   0.0000   0.0000   0.0000   0.0000 
  0.0000   0.0000   0.0000   0.0000   0.0000   0.0000   0.0000   0.0000   0.0000   0.0000 
  0.0000   0.0000   0.0000   0.0000   0.0000   0.0000   0.0000   0.0000   0.0000   0.0000 
  0.0000   0.0000   0.0000   0.0000   0.0000   0.0000   0.0000   0.0000   0.0000   0.0000 
  0.0000   0.0000   0.0000   0.0000   0.0000   0.0000   0.0000   0.0000   0.0000   0.0000 
  0.0000   0.0000   0.0000   0.0000   0.0000   0.0000   0.0000   0.0000   0.0000   0.0000 
  0.0000   0.0000   0.0000   0.0000   0.0000   0.0000   0.0000   0.0000   0.0000   0.0000 
  0.0000   0.0000   0.0000   0.0000   0.0000   0.0000   0.0000   0.0000   0.0000   0.0000 
  0.0000   0.0000   0.0000   0.0000   0.0000   0.0000   0.0000   0.0000   0.0000   0.0000 
  0.0000   0.0000   0.0000   0.0000   0.0000   0.0000   0.0000   0.0000   0.0000   0.0000 
  0.0000   0.0000   0.0000   0.0000   0.0000   0.0000   0.0000   0.0000   0.0000   0.0000 
  0.0000   0.0000   0.0000   0.0000   0.0000   0.0000   0.0000   0.0000   0.0000   0.0000 
  0.0000   0.0000   0.0000   0.0000   0.0000   0.0000   0.0000   0.0000   0.0000   0.0000 
  0.0000   0.0000   0.0000   0.0000   0.0000   0.0000   0.0000   0.0000   0.0000   0.0000 
  0.0000   0.0000   0.0000   0.0000   0.0000   0.0000   0.0000   0.0000   0.0000   0.0000 
  0.0000   0.0000   0.0000   0.0000   0.0000   0.0000   0.0000   0.0000   0.0000   0.0000 
  0.0000   0.0000   0.0000   0.0000   0.0000   0.0000   0.0000   0.0000   0.0000   0.0000 
  0.0000   0.0000   0.0000   0.0000   0.0000   0.0000   0.0000   0.0000   0.0000   0.0000 
  0.0000   0.0000   0.0000   0.0000   0.0000   0.0000   0.0000   0.0000   0.0000   0.0000 
  0.0000   0.0000   0.0000   0.0000   0.0000   0.0000   0.0000   0.0000   0.0000   0.0000 
  0.0000   0.0000   0.0000   0.0000   0.0000   0.0000   0.0000   0.0000   0.0000   0.0000 
  0.0000   0.0000   0.0000   0.0000   0.0000   0.0000   0.0000   0.0000   0.0000   0.0000 
  0.0000   0.0000   0.0000   0.0000   0.0000   0.0000   0.0000   0.0000   0.0000   0.0000 
  0.0000   0.0000   0.0000   0.0000   0.0000   0.0000   0.0000   0.0000   0.0000   0.0000 
  0.0000   0.0000   0.0000   0.0000   0.0000   0.0000   0.0000   0.0000   0.0000   0.0000 
  0.0000   0.0000   0.0000   0.0000   0.0000   0.0000   0.0000   0.0000   0.0000   0.0000 
  0.0000   0.0000   0.0000   0.0000   0.0000   0.0000   0.0000   0.0000   0.0000   0.0000 
  0.0000   0.0000   0.0000   0.0000   0.0000   0.0000   0.0000   0.0000   0.0000   0.0000 
  0.0000   0.0000   0.0000   0.0000   0.0000   0.0000   0.0000   0.0000   0.0000   0.0000 
  0.0000   0.0000   0.0000   0.0000   0.0000   0.0000   0.0000   0.0000   0.0000   0.0000 
  0.0000   0.0000   0.0000   0.0000   0.0000   0.0000   0.0000   0.0000   0.0000   0.0000 
  0.0000   0.0000   0.0000   0.0000   0.0000   0.0000   0.0000   0.0000   0.0000   0.0000 
  0.0000   0.0000   0.0000   0.0000   0.0000   0.0000   0.0000   0.0000   0.0000   0.0000 
  0.0000   0.0000   0.0000   0.0000   0.0000   0.0000   0.0000   0.0000   0.0000   0.0000 
  0.0000   0.0000   0.0000   0.0000   0.0000   0.0000   0.0000   0.0000   0.0000   0.0000 
  0.0000   0.0000   0.0000   0.0000   0.0000   0.0000   0.0000   0.0000   0.0000   0.0000 
  0.0000   0.0000   0.0000   0.0000   0.0000   0.0000   0.0000   0.0000   0.0000   0.0000 
  0.0000   0.0000   0.0000   0.0000   0.0000   0.0000   0.0000   0.0000   0.0000   0.0000 
  0.0000   0.0000   0.0000   0.0000   0.0000   0.0000   0.0000   0.0000   0.0000   0.0000 
  0.0000   0.0000   0.0000   0.0000   0.0000   0.0000   0.0000   0.0000   0.0000   0.0000 
  0.0000   0.0000   0.0000   0.0000   0.0000   0.0000   0.0000   0.0000   0.0000   0.0000 
  0.0000   0.0000   0.0000   0.0000   0.0000   0.0000   0.0000   0.0000   0.0000   0.0000 
  0.0000   0.0000   0.0000   0.0000   0.0000   0.0000   0.0000   0.0000   0.0000   0.0000 
  0.0000   0.0000   0.0000   0.0000   0.0000   0.0000   0.0000   0.0000   0.0000   0.0000 
  0.0000   0.0000   0.0000   0.0000   0.0000   0.0000   0.0000   0.0000   0.0000   0.0000 
  0.0000   0.0000   0.0000   0.0000   0.0000   0.0000   0.0000   0.0000   0.0000   0.0000 
  0.0000   0.0000   0.0000   0.0000   0.0000   0.0000   0.0000   0.0000   0.0000   0.0000 
  0.0000   0.0000   0.0000   0.0000   0.0000   0.0000   0.0000   0.0000   0.0000   0.0000 
  0.0000   0.0000   0.0000   0.0000   0.0000   0.0000   0.0000   0.0000   0.0000   0.0000 
  0.0000   0.0000   0.0000   0.0000   0.0000   0.0000   0.0000   0.0000   0.0000   0.0000 
  0.0000   0.0000   0.0000   0.0000   0.0000   0.0000   0.0000   0.0000   0.0000   0.0000 
  0.0000   0.0000   0.0000   0.0000   0.0000   0.0000   0.0000   0.0000   0.0000   0.0000 
  0.0000   0.0000   0.0000   0.0000   0.0000   0.0000   0.0000   0.0000   0.0000   0.0000 
  0.0000   0.0000   0.0000   0.0000   0.0000   0.0000   0.0000   0.0000   0.0000   0.0000 
  0.0000   0.0000   0.0000   0.0000   0.0000   0.0000   0.0000   0.0000   0.0000   0.0000 
  0.0000   0.0000   0.0000   0.0000   0.0000   0.0000   0.0000   0.0000   0.0000   0.0000 
  0.0000   0.0000   0.0000   0.0000   0.0000   0.0000   0.0000   0.0000   0.0000   0.0000 
  0.0000   0.0000   0.0000   0.0000   0.0000   0.0000   0.0000   0.0000   0.0000   0.0000 
  0.0000   0.0000   0.0000   0.0000   0.0000   0.0000   0.0000   0.0000   0.0000   0.0000 
  0.0000   0.0000   0.0000   0.0000   0.0000   0.0000   0.0000   0.0000   0.0000   0.0000 
  0.0000   0.0000   0.0000   0.0000   0.0000   0.0000   0.0000   0.0000   0.0000   0.0000 
  0.0000   0.0000   0.0000   0.0000   0.0000   0.0000   0.0000   0.0000   0.0000   0.0000 
  0.0000   0.0000   0.0000   0.0000   0.0000   0.0000   0.0000   0.0000   0.0000   0.0000 
  0.0000   0.0000   0.0000   0.0000   0.0000   0.0000   0.0000   0.0000   0.0000   0.0000 
  0.0000   0.0000   0.0000   0.0000   0.0000   0.0000   0.0000   0.0000   0.0000   0.0000 
  0.0000   0.0000   0.0000   0.0000   0.0000   0.0000   0.0000   0.0000   0.0000   0.0000 
  0.0000   0.0000   0.0000   0.0000   0.0000   0.0000   0.0000   0.0000   0.0000   0.0000 
  0.0000   0.0000   0.0000   0.0000   0.0000   0.0000   0.0000   0.0000   0.0000   0.0000 
  0.0000   0.0000   0.0000   0.0000   0.0000   0.0000   0.0000   0.0000   0.0000   0.0000 
  0.0000   0.0000   0.0000   0.0000   0.0000   0.0000   0.0000   0.0000   0.0000   0.0000 
  0.0000   0.0000   0.0000   0.0000   0.0000   0.0000   0.0000   0.0000   0.0000   0.0000 
  0.0000   0.0000   0.0000   0.0000   0.0000   0.0000   0.0000   0.0000   0.0000   0.0000 
  0.0000   0.0000   0.0000   0.0000   0.0000   0.0000   0.0000   0.0000   0.0000   0.0000 
  0.0000   0.0000   0.0000   0.0000   0.0000   0.0000   0.0000   0.0000   0.0000   0.0000 
  0.0000   0.0000   0.0000   0.0000   0.0000   0.0000   0.0000   0.0000   0.0000   0.0000 
  0.0000   0.0000   0.0000   0.0000   0.0000   0.0000   0.0000   0.0000   0.0000   0.0000 
  0.0000   0.0000   0.0000   0.0000   0.0000   0.0000   0.0000   0.0000   0.0000   0.0000 
  0.0000   0.0000   0.0000   0.0000   0.0000   0.0000   0.0000   0.0000   0.0000   0.0000 
  0.0000   0.0000   0.0000   0.0000   0.0000   0.0000   0.0000   0.0000   0.0000   0.0000 
  0.0000   0.0000   0.0000   0.0000   0.0000   0.0000   0.0000   0.0000   0.0000   0.0000 
  0.0000   0.0000   0.0000   0.0000   0.0000   0.0000   0.0000   0.0000   0.0000   0.0000 
  0.0000   0.0000   0.0000   0.0000   0.0000   0.0000   0.0000   0.0000   0.0000   0.0000 
  0.0000   0.0000   0.0000   0.0000   0.0000   0.0000   0.0000   0.0000   0.0000   0.0000 
  0.0000   0.0000   0.0000   0.0000   0.0000   0.0000   0.0000   0.0000   0.0000   0.0000 
  0.0000   0.0000   0.0000   0.0000   0.0000   0.0000   0.0000   0.0000   0.0000   0.0000 
  0.0000   0.0000   0.0000   0.0000   0.0000   0.0000   0.0000   0.0000   0.0000   0.0000 
  0.0000   0.0000   0.0000   0.0000   0.0000   0.0000   0.0000   0.0000   0.0000   0.0000 
  0.0000   0.0000   0.0000   0.0000   0.0000   0.0000   0.0000   0.0000   0.0000   0.0000 
  0.0000   0.0000   0.0000   0.0000   0.0000   0.0000   0.0000   0.0000   0.0000   0.0000 
  0.0000   0.0000   0.0000   0.0000   0.0000   0.0000   0.0000   0.0000   0.0000   0.0000 
