y-axis gyroscope data

 11.5000  -5.7500 -14.1875 134.6875 -48.6875 -28.0625 -93.4375 -17.6875  50.1250  35.6875 
 30.8750  -1.0000  11.5625  84.0625 -33.8125  -6.1250 -63.7500 -31.0000  65.0625  63.9375 
 22.3125   8.0000  60.0000  58.2500  13.5000 -46.4375  24.4375 -13.0000  59.1250  46.5000 
  4.8125   5.1875  46.3125  43.9375  64.3750 -55.1250  47.5625  -8.9375  62.8750 -23.0000 
  5.5000   8.5000  13.9375  47.0000  95.8125 -33.1250 181.1250   6.0625  40.0000 -34.1875 
 25.9375 -19.5625 -44.8750  56.1875  83.3750 -19.2500 -37.8125  43.9375  19.6250  24.2500 
 37.5625 -19.3125   3.6875  19.5625  -9.6250  31.8750 -45.3125  70.4375  26.7500  22.3125 
 33.8125   5.5625 -49.3750  20.2500 -280.3750  53.4375   6.2500  92.8125  42.1875  -3.2500 
 41.5000  49.5625 -168.8750  73.0000 -454.2500  47.3750  20.2500 136.5625  -7.8750 -41.1875 
 48.6250 109.3125 -332.0625  84.8750 -362.3750   5.3750  78.0000 160.6250 -34.3750 -36.6875 
 34.1250  43.8750 -220.5625  60.3125 -138.7500 -38.6875  95.2500 149.8125   1.4375  27.3125 
 21.8750 -21.5625   6.0000   9.8750  76.9375 -83.6875  35.0000  92.1250  23.3750  67.0000 
 29.1875 -206.0000 115.0000 -47.6250 191.1875 -227.8750   3.4375  57.5625  35.3125  63.8750 
 45.6875 -378.7500 150.8750 -385.4375 156.3750 -432.9375  26.4375  96.1250  14.8750  64.2500 
 49.6250 -331.6875 104.1250 -517.0625  36.1875 -183.0625  26.4375  88.2500  -3.6250  68.9375 
 15.6250 -53.8750  51.8125 -208.6875 -82.4375 198.9375  58.3750  16.1250  38.5000  83.4375 
  8.3125 147.8750 -43.1250 149.1875 -74.8750 291.3125  57.5000  32.3125  41.1875  75.4375 
 30.6875 129.5625 -105.1875 154.0625 -25.5000 180.8750  56.0000  71.3125  26.4375 132.0625 
 48.0000  -2.6875 -12.3750  72.2500  21.6875  79.6875  69.5625  33.5000 -18.6250 118.5000 
 20.8125 -49.5625  57.3750 111.0000  27.6875 -50.3750 -18.5000   2.6250 -154.9375  -9.6250 
 24.9375 -33.9375  89.0000 149.6250  26.2500 -95.8125 -317.4375   5.1250 -408.5000  -0.0625 
-14.6875  53.7500  34.1875  62.1875 -57.6875 -39.5000 -398.6875  24.1875 -434.4375  62.2500 
-22.3125  64.4375 -19.5625 -25.3125 108.6875 111.9375 -149.7500   9.0625 -196.5000  35.3125 
-37.9375  57.7500  59.0000 -36.8125  62.1250 172.3125 110.9375  -6.4375  95.0625   0.3750 
-36.0000  65.3750  70.0625  55.0625 105.5000  52.0625  94.1875   4.3125 110.7500  11.3125 
  0.6250  13.3125   3.5625  61.3750  37.1250 104.0000  50.7500  20.6875 -76.5625  30.8125 
 22.5000  -9.4375  55.2500 107.0625  37.0000 -89.3750  45.4375  10.8125 -152.3750  30.4375 
 41.2500  -5.8750 128.5625  40.5625  65.4375 -76.6250  15.4375   0.8750 -95.1875  26.2500 
 44.6875 -31.3750  46.6875 -24.6250  31.0625 -24.3125 -93.1250   8.5000 -17.6250  25.2500 
 50.4375 -23.9375  44.9375 -49.0625  12.8750  83.2500 -79.6250   7.7500 -28.7500  12.6875 
 61.1250  26.0625  31.3750 -25.8125  38.8750 190.1875  -2.6875  17.0625 -47.7500   3.6875 
 26.4375 132.5625  29.8750 -11.8125  49.0625  91.3125  15.1250  29.6250 -88.1250  17.4375 
 15.7500  32.8750  78.3125  33.5000  43.9375 -33.5000  32.0625  19.5000  79.6875  29.1250 
-17.8750 -36.3125  73.1250 128.9375  50.6250 -49.3750  10.1250  15.8750  57.1875  16.3125 
-27.8125 -40.2500  53.3125  69.3125  85.3750  19.5625  94.7500  25.8750 -45.5625   9.3750 
-25.1250 -13.2500 -10.3125 -33.9375  70.6250  64.8125  66.0000  43.4375 -126.1875  22.6250 
 29.5000  21.1875 -78.5625 -31.7500  49.3125  88.6875  14.8750  32.5000 -72.3125  33.6875 
 69.7500  39.6875 -167.1250  28.4375 -56.3750  24.7500  15.2500  35.0000  27.9375  27.6875 
 74.1250 -10.3125 -383.1875  72.1875 -134.1875   0.1875  18.1250  56.5625 113.8750  14.8125 
-49.0625 -44.3750 -256.6250  81.3125 -303.8125 -98.6875  28.9375  69.0000 130.6250  32.9375 
-88.9375 -17.8125   3.7500  22.1250 -378.1875 -293.8750  23.7500  52.9375  98.1250  50.0625 
-91.0000  34.9375 119.4375 -32.5000 -173.0625 -313.5625  11.0625  54.5000  19.1250  41.8750 
-51.8750  23.1875  -3.6250 -49.6875  46.2500 -75.1250 -32.0000  71.9375 -19.8125  37.9375 
 24.5000 -34.9375 -93.9375 -175.6250  40.5625  91.6875 -31.5000 101.7500   9.0625  37.6875 
-22.3750 -57.6875 -75.5625 -317.2500 -116.7500 -28.3750  11.5000 119.6875   1.7500  58.2500 
-11.1875 -207.1875 -111.1250 -257.1250 -105.5625 -146.1875  38.6875 123.4375   9.8125  71.0625 
 57.0000 -275.1250 -107.6250 -23.9375 -51.8750 -105.0000  58.1875 136.6250  35.3125  67.6875 
-39.1250 -193.9375 -84.5625 101.8125 -60.5625 -80.7500  46.0000 146.5625  92.3125  75.6875 
-44.3125  -5.2500 164.5000  53.1250 -63.3125 -87.3750  -9.9375 133.3125  54.8125  96.4375 
-17.7500  97.0000  90.8125  52.0000  35.8750 -68.7500 -15.0625 101.3125   1.8750 127.0625 
-30.7500  53.5000 -69.4375  86.6250  99.9375  -7.0000 -150.9375  94.1875  17.4375 123.5625 
-28.5000  47.0000 -127.6875  47.8125 -18.5000  97.5000 -278.0625 104.0000 106.5625 108.8125 
  7.3750 118.3750 -75.0625 -21.1250 -59.9375  85.7500 -508.0625  91.0000 167.8750 124.0625 
 20.6250  35.7500  28.1875 -67.1250 -81.4375 -34.0625 -347.1250  96.5000 122.8750 122.1250 
  2.6875 -62.1250  50.0000 107.1250 -12.8125 -89.1875  64.0000 120.3125  42.4375  85.7500 
-20.1250 -98.0625  52.3750 142.3750  29.2500 -74.1250 251.9375 138.6250  41.5625  83.2500 
 21.3750 -14.5625  26.5625 135.5625  41.5625  -3.1250  85.5000 123.3750  83.3750 100.8125 
122.5000  72.8125 -26.0625  20.3750  51.9375  50.0000 -84.4375 132.4375  63.0625 110.0000 
112.5000  79.5625  66.3125 -16.8750  14.4375  23.1875 -141.3750  34.8750  25.6250 122.5000 
 50.8125  19.5625 137.9375  11.9375  10.1875   2.5625 -92.4375 -105.1250  50.0000 138.8125 
-145.3125  48.0625 153.9375   8.3750  44.1875  -3.2500 -29.1875 -162.8125  92.6875 131.1875 
-320.2500  66.2500 101.1875  46.3125  52.4375   2.6875 -46.1875 -116.8125  47.0625 132.0625 
-392.5000 -44.6875 -26.3125  57.5625  53.1250  53.3750 116.6250 -264.1875   7.6875   4.4375 
-255.3125 -37.2500  -9.1875  25.9375  99.4375  36.3125  84.1875 244.2500  30.7500 -110.1250 
-41.7500  35.5625  64.4375  22.1250  96.0625  -1.5000 -66.7500 330.5625  24.6250 -144.1250 
 81.8125  76.8750  64.2500  17.2500  36.1250 -12.3750 -117.3750 409.8125  18.5625 -74.0625 
 65.9375  63.9375  44.9375  18.0000  36.3750  -1.5625 -64.1250 561.3750  20.2500 -438.1875 
 88.5000   0.3125  29.7500  28.5000  85.6875 -12.5625  13.1250 343.2500  28.3125  78.5000 
128.1250  -7.4375  40.1250  34.7500 104.8125 -16.3125  23.6875 125.8125  39.5000 421.0625 
124.6875  33.9375  37.0000  66.8750  92.6250  36.1250   5.7500  55.2500  35.5000 346.8750 
 95.1250 105.8125  29.7500  16.4375  76.8750  81.7500  -5.5000  -9.0000  15.1250 516.9375 
103.5625  65.1250   9.6875 -32.6875  58.5625  77.8125 -20.2500 -85.4375  21.8750 404.3125 
-12.3125  11.1875  73.5000 -94.6875  49.1250  76.1875  60.5625 -60.0625  19.8750 167.7500 
-134.6250 -50.4375  62.6250 -269.3125  44.5625 107.1250 145.9375 -18.3750  15.5000  49.8125 
-68.8125 -229.1875  18.7500 -391.1250  68.5000 129.1875 119.1250  -4.8750  13.2500 -17.4375 
 54.5625 -424.3750  37.7500 -215.1250  53.5625 123.9375  69.8750  17.2500  18.3125 -34.0000 
 57.6250 -324.6250  66.6875 101.2500  45.4375  89.1250  21.1875  45.3125  24.5000   4.0625 
 42.8750 -72.7500  38.2500 210.0625  13.2500  63.2500 -59.4375  37.2500  22.6875  17.8125 
 39.8125  56.1875  17.9375  48.4375  18.2500 108.3750   3.3125   8.0625  17.4375  13.3125 
 28.8750   9.6250  42.7500 -23.5625   6.6875 118.7500  72.8125 -27.9375  23.6250   9.9375 
 23.3750 -41.9375  37.7500  11.9375  36.1875  57.4375  80.6250 -37.5000  38.7500  32.2500 
-12.1875 -81.3125   3.9375  -7.8750  46.4375   5.7500  63.2500 -20.8125  40.7500  57.3125 
-49.0625 -122.3125   3.9375 -77.5000  22.5000  52.0000  17.8125   0.0000  32.7500  31.6875 
-35.3750 -120.1250   8.9375 -68.6250  18.5000  55.1250  15.3125  26.3750  43.7500  -6.4375 
-19.1875 -125.3750   7.8125  -1.0000  33.6875  16.7500  58.0625  32.6875  59.8125  -4.3125 
-33.4375 105.4375   1.8750  51.8750  14.6875  17.5625  58.3750  31.6250  66.5625  21.5625 
-38.5625 116.0000   4.7500 132.0625  16.2500  43.1250  59.5625  24.0000  51.2500  11.3750 
 -4.4375  -7.5000   8.3125 -81.3750  11.2500  22.2500  32.9375  20.2500  79.0625  23.0625 
 27.7500 -78.5625  10.0625 -213.1875  10.1250   5.4375  29.3750  27.0000 103.7500  45.8750 
 70.2500 -79.2500  13.3125 -149.6875  18.0625  13.8125  79.5625  19.2500 126.0000  45.3750 
 55.1875  20.7500   9.6875  10.5000  32.6875  35.8750  92.3750   6.8750 120.5625  35.3125 
 23.2500  38.8750  15.5625  94.5625  19.3125  29.8125  57.6875   5.6875 109.7500  16.9375 
  9.3750  -1.0000  26.0000  65.8750   3.0625  19.2500  29.0625  10.8750 125.5000  18.0625 
-64.4375   2.5000  25.3750  43.1875  24.1250  12.7500  59.7500  24.0000 117.3750  19.2500 
-311.5625  49.1250  22.5625 -29.1250  47.9375  28.6875  61.5625  12.6250  88.2500   7.1250 
-391.5625  89.7500  30.6250 -45.4375  39.4375  35.1250  24.7500  -3.4375  95.8750  -2.8125 
-112.3750  52.6250  43.3750 -36.3750  36.4375  28.8750  16.1875  -3.8125 115.8750  15.5000 
188.6875  48.5625  48.8750   8.8750  53.5625  29.4375  23.6250  10.8750 113.7500  14.8750 
152.4375  30.3125  50.2500 -18.1250  69.0625  48.6250  25.3750  20.0000 120.6250  10.6250 
 -4.0625  29.9375  63.5000 -56.1250  74.2500  61.0000  16.3125   8.4375 175.3125  10.8125 
-43.0625  18.7500  72.0625  -7.1875  78.4375  51.4375  13.8125  10.5625 146.3750  21.0625 
 -5.3125  19.9375  91.3125 -31.9375 112.4375  52.8125  25.0625  14.6250  95.5625  10.3750 
-27.2500  85.3125 119.0000 -44.8125 139.2500  67.0000  27.0000  17.0625 -22.9375  -2.9375 
-69.4375 159.1875 135.0625 -19.2500 130.0000  99.1250  22.3750  12.6875 -133.5000  -1.5625 
-72.5000 142.4375 151.9375  71.0625 126.9375 111.7500  16.4375  -1.3750 -127.1250   4.0625 
-74.1250  74.3125 151.6875 142.0000 139.3750 131.5625  23.6250  -3.1250 -25.0625  -5.8125 
-106.0625  73.3750 134.5625 101.9375 119.3125 126.1250  34.2500   5.0000 -723.1250 -17.1250 
 36.5625 102.2500 108.5000  50.8125  82.6250 120.5625  42.1875  19.1250  52.6250  -5.3125 
 90.0625  98.1875  91.5000  57.9375  86.8125 103.0625  36.6250   9.3125 658.4375  -7.3125 
 86.6250  62.7500  73.9375 122.6875 108.0000  96.1875  49.0000  -6.8750 443.0625 -15.1875 
 -0.9375  41.8125  60.7500 190.6250  99.6875  83.2500  59.1250  -7.2500 552.4375 -24.6875 
-93.2500  37.7500  79.2500  70.3750 119.1250  72.8125  66.6250  -0.1875 416.9375 -10.5625 
-35.3125  44.3750 126.1250   4.5625 172.2500  90.9375  62.7500  -0.5000 229.4375   3.0000 
 28.5625  46.8750 153.5625   0.3750 159.0000 112.6250  74.3750  -3.4375  33.8125  -6.7500 
 89.6250  26.6250 159.4375  94.5000 110.5000 131.3125  87.0625  -6.0000 -117.1250 -12.6250 
 65.0000   9.2500 120.4375  27.6875  21.8125 153.4375 110.4375   1.8125 -136.0000  -7.3750 
-19.1250   7.1875 -47.5625  12.6250 -73.8750 175.1875 134.0625   2.1250 -82.3750  13.6250 
-44.0000  34.9375 -185.0000  18.0625 -137.4375 104.1250 127.9375  -0.7500 -14.2500   0.5000 
-14.6875  35.4375 -220.8125  22.6250 -67.7500 -76.3125 115.3125  -9.4375  29.8125 -16.0000 
 40.2500  21.6875 -192.8125  13.0625 -249.6250 -139.1875 114.6250 -14.9375  63.6250 -17.4375 
 57.1250   3.8125 -24.3125  11.1250 221.6250 -62.6250 110.5000 -21.6875 107.4375  -6.6875 
 61.3125  -6.5000 312.1250  12.1250 490.8125 -332.1875  89.0000 -23.8125 119.3125   5.8125 
 52.9375  20.0625 168.8125  25.9375 275.0625 -264.6250  91.2500 -27.4375  83.8125   6.5000 
  5.0625  45.9375 542.5625  24.4375 549.5625 423.0000  95.4375 -31.3750  41.9375  17.0625 
-13.1875  13.2500 559.5000  17.2500 340.3125 489.5000 109.6875 -46.7500  12.8125  20.2500 
-19.5625  -9.3125 264.9375  11.6875  71.8750 683.8750 126.1250 -73.9375  -0.7500  26.7500 
-202.3750  62.5625 -59.0625  11.0000 -42.5625 304.2500 157.3125 -105.3750   7.7500  28.6250 
-539.3750  65.8750 -33.1875  15.0625 -41.1875 -40.5000 156.6875 -110.1250  21.3125  14.0625 
-469.3125  43.3750 -12.5625  26.2500 -101.1250   1.5000 106.6250 -90.3750  24.4375 -15.3125 
 -9.1250  36.8750 -19.6250  17.7500 -65.1875  81.0625 -42.0625 -72.1250  42.8125 -57.0000 
263.5000  60.5625  14.5625  16.7500  -2.6875  55.8125 -134.6875 -62.0000  46.7500 -118.5625 
168.8750  89.7500  26.2500  31.6250  15.1875 -18.8125 -97.0625 -36.1875  33.8125 -166.2500 
 10.8125  95.6250  18.6250  40.6250  35.9375   4.1875 -29.6250 -12.0000  17.5000 -164.8125 
-92.3750 105.4375  33.4375  35.3750  53.3125  33.3125 -337.8750 -15.0625  25.9375 -115.9375 
-108.1250 124.2500  51.9375  38.5625  55.3750  35.3125 115.3750 -53.5625  35.8750 -53.5000 
-118.2500 142.8750  30.6250  52.0625  30.5625  22.3125 453.7500 -93.4375  20.5625   4.5000 
-107.0625 160.3750  -0.3125  53.0625   4.8125  19.5625 858.9375 -92.4375   6.2500  52.1250 
-66.1250 145.5000  -7.9375  65.7500 -12.7500  17.5000 430.3750 -84.6875  23.3125  65.1250 
178.1875 113.0000   2.5000  79.5000 -32.1875  17.4375 112.8750 -90.3750  21.7500 -10.5625 
 46.7500 106.6875   4.8750  98.5625  -8.5625  10.8125  18.0000 -102.5625   0.2500 -142.9375 
-59.6875  94.1875  17.6250 118.8125   9.1875  14.5000 -13.0000 -125.6875  -5.6250 -235.7500 
-134.3750  60.1875  34.6250 137.9375  31.2500  11.1250 -60.8125 -167.8125   1.2500 -273.4375 
-116.2500  66.0000  47.1250 141.8750  35.0000  -4.0625 -73.5000 -247.9375  17.0625 -273.3750 
-10.5000 114.1250  38.7500 135.3125  32.1250  10.2500 -52.3125 -318.6250   9.3750 -138.8125 
 65.4375 138.7500  27.5000 124.7500  24.6250  25.4375 -34.0000 -312.9375   0.8125 105.1875 
 96.2500 124.0625  30.1875 110.6875   5.6250  15.8125  10.6875 -266.0625   4.8750 269.5625 
 64.1875 103.1250  11.1250 103.3750  -3.2500   9.6250  51.6250 -124.5000   8.3750 243.0000 
 27.5625  81.7500   3.4375 104.6250  -1.1875  34.1250  32.8750 -11.0625  -2.8750 128.1250 
-25.6875 -31.1250  18.3125  81.8750  17.8750  42.0625  27.5000  14.2500 -12.5625  17.9375 
-15.9375 -102.5625  25.0000  75.7500  19.1250  32.5000  27.6875 -83.3125  -6.4375 -72.2500 
-21.9375 -88.3125   8.3125 114.3750  25.1875   8.0000  23.6875 -223.0625   6.2500 -143.3750 
-18.3750 -276.9375   1.1875 167.8125  23.5625   3.3125 -11.5000 -253.1250   2.6875 -183.5000 
 80.6250 -312.6250  15.1875 177.4375  33.5000  20.8125 -39.4375 -199.6250   0.5625 -187.5625 
116.1875 282.2500  33.0625 135.0625  30.8750  10.9375 -11.8125 -122.7500   2.5625 -174.1875 
 74.0625 555.1875  29.3750 -29.4375  13.5625  20.6875  15.8750 -83.4375   0.7500 -159.3125 
 54.7500 722.7500   9.5625 -113.5000  -6.3750  22.1250  10.8750 -104.0625   1.8125 -167.7500 
 93.3125 450.5625  15.8750 -97.6250 -16.1875  24.5625   6.5625   0.0000  -2.9375 -232.3750 
112.9375 213.1875  19.9375 -185.9375 -17.4375  21.8125   4.1875   0.0000  -9.3125 -306.3750 
 99.1875  62.8125  12.5000 -137.6250 -13.6875  10.3125  15.5625   0.0000  -9.7500 -283.2500 
 85.5625 -112.2500  11.3750 474.1875  -0.5625  14.2500   9.9375   0.0000 -20.5625 -165.5000 
101.7500 -151.6875  12.0625 352.6875  12.5000  -4.9375   3.1875   0.0000 -20.2500 -23.4375 
 70.1250 -85.1875   3.0000 382.0000   0.3750 -29.1875  16.0625   0.0000 -10.6250  27.8750 
 54.8750   3.0625 -11.7500 448.1250  -3.8750 -18.3125  25.1875   0.0000 -13.4375  46.8125 
 88.5625  28.6250  -6.8750 240.3750  -4.8750   6.1250  10.9375   0.0000 -31.4375  83.2500 
 79.0625  35.9375 -11.5625  68.7500 -12.0000   8.3750  -3.5000   0.0000 -34.7500 124.0625 
 69.6250  69.0625  -6.4375 -30.7500  -8.2500  -6.6875   0.8750   0.0000 -34.5000 165.5625 
 40.0000  67.5000 -11.8125 -86.5000 -15.2500  -6.4375  16.4375   0.0000 -44.3750 199.7500 
 29.5625  44.3750  -8.1875 -88.7500 -19.1250  -1.4375  13.0625   0.0000 -62.6250 203.5625 
 18.1250   4.6250   8.1250 -44.1250  -8.6875  -2.1875   0.4375   0.0000 -52.0625 179.2500 
 22.1875 -31.3750   1.8125   1.6250  -0.0625 -18.4375  12.6250   0.0000 -29.2500 144.3125 
 26.8750 -25.3750  -8.1875  20.8125  -3.0000 -23.6250  39.3750   0.0000 -21.2500 110.9375 
 13.6250   8.0625 -15.7500   6.6250  -7.8750 -15.8125  29.1875   0.0000 -18.7500  78.6250 
 14.0625  13.1875  -0.7500   3.9375  -5.7500   1.8125  -0.6875   0.0000  -9.0625   0.0000 
 19.5625  26.1875  -2.8750  46.4375  -4.8125  14.3125  -7.6875   0.0000   3.6875   0.0000 
 25.1250  45.9375 -13.6250  59.8125  -5.5625  -6.9375   2.0625   0.0000   4.5000   0.0000 
  7.9375  41.8750 -13.1250  11.6250 -17.5000 -10.0000   7.0625   0.0000  -4.1250   0.0000 
 -4.3750  17.8125 -14.3125 -19.6875 -25.4375   9.0000  -4.4375   0.0000 -17.3750   0.0000 
  0.6875   4.5625 -14.9375   1.2500 -26.3750  12.6250 -19.1250   0.0000 -17.0625   0.0000 
 20.3750   6.3750 -27.0625  21.2500 -29.4375  -2.1875 -10.0625   0.0000 -13.8125   0.0000 
 33.6250  -2.6875 -65.9375  10.6250 -21.3125 -11.5000   0.6250   0.0000 -20.4375   0.0000 
 31.8750  -0.7500 -98.5000  10.1875 -30.3125  -1.2500  -1.0000   0.0000 -31.8125   0.0000 
 16.8125  21.3750 -110.9375  27.0625 -37.3125  10.7500  -7.4375   0.0000 -14.0000   0.0000 
 11.3750  33.3125 -102.4375  33.1250 -41.4375  10.8750   7.1875   0.0000  19.6250   0.0000 
 40.8125  11.9375 -87.4375  14.2500 -34.8750   6.3125  24.5625   0.0000  39.0000   0.0000 
 42.3750  -4.6250 -64.8750  -6.6250 -15.6875  13.5625  21.0625   0.0000  35.7500   0.0000 
 34.0625   0.6250 -34.8750 -10.3125  -3.7500  17.5625  10.0625   0.0000  32.0000   0.0000 
 66.3125   9.3125 -15.2500  -2.4375  -2.1875  14.8750  14.0000   0.0000  18.1875   0.0000 
 86.7500   4.3750   5.9375  20.1875  -4.4375  16.3125  20.8750   0.0000  -8.5000   0.0000 
 85.8750  -6.1250  25.0625  26.6250  15.0000  17.0625  16.7500   0.0000   7.1250   0.0000 
 77.5000   4.9375  11.6875  19.6875  20.7500  19.3125   4.0000   0.0000 -28.5000   0.0000 
117.9375  18.9375 -45.1250  22.1875   1.2500  20.2500  -6.6250   0.0000 -66.0625   0.0000 
157.6875  12.7500 -93.7500  21.5625 -46.1250  24.8125  -5.5625   0.0000 -97.8125   0.0000 
158.7500  -8.3750 -129.0000   9.0625 -79.5625  21.0625  -5.0625   0.0000 -104.7500   0.0000 
155.5625  -6.6250 -146.0000  -5.7500 -74.3125  17.0625  -5.0000   0.0000 -89.6875   0.0000 
142.5000  -2.3750 -131.6875 -12.5000 -29.2500  11.1250 -21.8125   0.0000 -33.1875   0.0000 
117.5000  -1.4375 -70.1250 -13.4375   9.6250   8.0625 -46.1875   0.0000  37.8750   0.0000 
 97.5625 -16.6250   3.6875   5.9375  26.0625  12.5625 -66.0000   0.0000 -13.3125   0.0000 
113.0000 -11.9375 -13.8750  13.5625  -3.8125  23.8125 -78.1250   0.0000 -90.5625   0.0000 
103.9375  -3.9375 -40.0625   6.8125 -55.9375  16.2500 -64.0625   0.0000 -115.5625   0.0000 
 80.5000   2.6875 -25.8750   7.9375 -113.2500   1.5000 -39.1875   0.0000 -108.2500   0.0000 
 94.1875  -7.7500 -16.7500  15.5000 -131.5000  -2.5625 -46.0625   0.0000 -81.1250   0.0000 
150.9375 -17.1875  18.0625   8.3125 -84.3125   2.6250 -75.6250   0.0000 -104.5000   0.0000 
141.5625  -6.1875  82.4375 -14.6875  -3.2500   1.3125 -98.5000   0.0000 -147.3750   0.0000 
 89.6875   3.1250  36.3750 -29.1875   7.7500 -15.0000 -95.2500   0.0000 -163.5625   0.0000 
 41.0000  -3.0000 -119.3750 -23.7500 -91.5625 -17.8750 -107.4375   0.0000 -146.1250   0.0000 
-42.1875  -2.0000 -306.3750  -7.3125 -235.3125   1.3750 -144.0625   0.0000 -110.8750   0.0000 
-141.4375   2.0000 -295.1250  -9.3750 -140.8125  21.5000 -171.7500   0.0000 -82.1875   0.0000 
 -7.9375  -1.5625 -172.3125 -15.0000 102.0000  25.6250 -166.5625   0.0000 -57.3750   0.0000 
-369.4375 -15.3125 -98.3125  -7.5000 182.6250  20.3750 -134.1250   0.0000 -38.5625   0.0000 
 22.1875 -21.8750 -38.2500  -3.1250  33.3750  19.1250 -88.7500   0.0000 -13.3125   0.0000 
575.3125 -23.1250  13.4375  -1.8125   0.0000  23.2500 -32.1250   0.0000  15.6250   0.0000 
577.8125 -27.3750   8.3125   1.6250   0.0000  26.6250  34.4375   0.0000  32.6250   0.0000 
543.1250 -32.6875 -26.1250  14.8125   0.0000  31.4375  75.4375   0.0000  47.7500   0.0000 
379.8750 -21.8125 -37.4375  17.6875   0.0000  32.6875  85.8125   0.0000  61.0000   0.0000 
162.1250   8.8125 -20.0000   1.5625   0.0000  19.6250 109.2500   0.0000  64.6875   0.0000 
-106.5625 -10.4375  -6.9375 -18.2500   0.0000  -1.6250 135.8125   0.0000  69.5625   0.0000 
-175.6250 -72.0000 -18.5000 -37.5625   0.0000 -10.3125  48.8125   0.0000   0.0000   0.0000 
 16.1250 -103.8750 -49.1875 -44.3125   0.0000  -5.6875 -177.4375   0.0000   0.0000   0.0000 
  6.6875 -81.7500 -80.7500 -39.3750   0.0000  -7.0000 -221.3750   0.0000   0.0000   0.0000 
 -4.0000 -63.5000 -95.7500 -22.9375   0.0000 -21.7500 -101.5000   0.0000   0.0000   0.0000 
 32.2500 -87.4375 -91.9375  -7.8750   0.0000 -38.7500 -74.4375   0.0000   0.0000   0.0000 
 38.6875 -129.6875 -78.6875 -34.2500   0.0000 -39.4375 -63.3125   0.0000   0.0000   0.0000 
 46.6250 -148.5625   0.0000 -54.0625   0.0000 -24.1250 -25.5625   0.0000   0.0000   0.0000 
 27.6875 -110.0000   0.0000 -50.0625   0.0000  -6.0000 -54.8125   0.0000   0.0000   0.0000 
 -7.3750 -76.2500   0.0000 -38.2500   0.0000  -1.9375 -99.1250   0.0000   0.0000   0.0000 
-23.3125 -77.5000   0.0000 -41.0625   0.0000  -6.7500 -121.6250   0.0000   0.0000   0.0000 
 -6.0625 -96.4375   0.0000 -68.0625   0.0000 -11.1250 -136.3125   0.0000   0.0000   0.0000 
  5.8125 -117.2500   0.0000 -86.6875   0.0000 -15.5625 -150.7500   0.0000   0.0000   0.0000 
 23.9375 -135.3750   0.0000 -81.2500   0.0000 -16.9375 -173.0000   0.0000   0.0000   0.0000 
 35.8125 -153.0000   0.0000 -59.3125   0.0000 -23.7500 -181.8750   0.0000   0.0000   0.0000 
 51.8750 -181.3750   0.0000 -64.2500   0.0000 -30.5625 -173.0625   0.0000   0.0000   0.0000 
 34.9375 -160.3750   0.0000 -97.1875   0.0000 -35.6250 -142.3750   0.0000   0.0000   0.0000 
 11.2500 -29.8125   0.0000 -137.0000   0.0000 -29.4375 -97.8125   0.0000   0.0000   0.0000 
 -0.1250 -33.1875   0.0000 -117.9375   0.0000 -20.9375 -50.9375   0.0000   0.0000   0.0000 
  8.8125 -89.8750   0.0000 -57.6875   0.0000 -32.6250 -10.5000   0.0000   0.0000   0.0000 
  1.9375 -193.4375   0.0000  -3.9375   0.0000 -49.5625  15.5625   0.0000   0.0000   0.0000 
 -7.2500 -284.5000   0.0000   8.3750   0.0000 -51.5625  29.1875   0.0000   0.0000   0.0000 
 -3.2500 -287.8125   0.0000  47.6875   0.0000 -44.0625  32.9375   0.0000   0.0000   0.0000 
 22.8125 -137.0625   0.0000 130.2500   0.0000 -36.0625  29.4375   0.0000   0.0000   0.0000 
 19.5625   0.0625   0.0000 137.2500   0.0000 -45.8750  20.3125   0.0000   0.0000   0.0000 
 16.3750  19.6875   0.0000  35.0625   0.0000 -56.6250   8.2500   0.0000   0.0000   0.0000 
 20.6875 -54.5000   0.0000 -97.8125   0.0000 -50.6250  -4.2500   0.0000   0.0000   0.0000 
 27.9375 -181.6250   0.0000 -202.8750   0.0000 -23.9375 -16.8125   0.0000   0.0000   0.0000 
 23.0625 -235.6250   0.0000 -244.6875   0.0000  -4.2500 -20.5000   0.0000   0.0000   0.0000 
 12.3750 -211.8750   0.0000 -170.9375   0.0000  -2.4375 -12.3125   0.0000   0.0000   0.0000 
 18.1875 -143.5625   0.0000 -53.6875   0.0000 -23.0000   0.0000   0.0000   0.0000   0.0000 
 24.3750 -68.8750   0.0000  49.9375   0.0000 -45.8750   0.0000   0.0000   0.0000   0.0000 
 23.3125 -19.3125   0.0000  68.1250   0.0000 -56.6250   0.0000   0.0000   0.0000   0.0000 
  9.1875  -3.6875   0.0000 -42.2500   0.0000 -60.8750   0.0000   0.0000   0.0000   0.0000 
 14.0625  -6.4375   0.0000 -158.9375   0.0000 -80.6875   0.0000   0.0000   0.0000   0.0000 
 22.5000  -7.2500   0.0000 -205.6250   0.0000 -97.9375   0.0000   0.0000   0.0000   0.0000 
 14.5625  -1.8750   0.0000 -198.6250   0.0000 -104.2500   0.0000   0.0000   0.0000   0.0000 
 -2.7500   8.1875   0.0000 -163.1875   0.0000 -85.6250   0.0000   0.0000   0.0000   0.0000 
 -5.9375  14.1250   0.0000 -132.8750   0.0000 -34.8125   0.0000   0.0000   0.0000   0.0000 
  9.6875   9.6875   0.0000 -124.8125   0.0000  20.5000   0.0000   0.0000   0.0000   0.0000 
  6.5625   0.0625   0.0000 -125.0000   0.0000  51.5000   0.0000   0.0000   0.0000   0.0000 
 -7.3750  -7.0000   0.0000 -114.2500   0.0000 -40.3750   0.0000   0.0000   0.0000   0.0000 
 -8.0625 -17.1875   0.0000 -87.8750   0.0000 -165.2500   0.0000   0.0000   0.0000   0.0000 
 -2.5625 -28.6875   0.0000 -53.3750   0.0000 -251.4375   0.0000   0.0000   0.0000   0.0000 
  3.0625 -27.0625   0.0000   0.0000   0.0000 -299.8750   0.0000   0.0000   0.0000   0.0000 
 -6.7500  -3.1875   0.0000   0.0000   0.0000 -270.3750   0.0000   0.0000   0.0000   0.0000 
 -6.6250  28.8750   0.0000   0.0000   0.0000 -176.6875   0.0000   0.0000   0.0000   0.0000 
  2.9375  59.4375   0.0000   0.0000   0.0000 -39.9375   0.0000   0.0000   0.0000   0.0000 
 11.5625  86.4375   0.0000   0.0000   0.0000 120.1875   0.0000   0.0000   0.0000   0.0000 
 -6.1250 113.5625   0.0000   0.0000   0.0000 245.1875   0.0000   0.0000   0.0000   0.0000 
-19.7500 128.8750   0.0000   0.0000   0.0000 288.6250   0.0000   0.0000   0.0000   0.0000 
-25.8750 126.0625   0.0000   0.0000   0.0000 271.0625   0.0000   0.0000   0.0000   0.0000 
 -6.3125 112.5000   0.0000   0.0000   0.0000 239.8125   0.0000   0.0000   0.0000   0.0000 
 11.1875  97.1875   0.0000   0.0000   0.0000 196.0625   0.0000   0.0000   0.0000   0.0000 
  3.3750  84.1875   0.0000   0.0000   0.0000 126.6875   0.0000   0.0000   0.0000   0.0000 
  5.1875  73.3125   0.0000   0.0000   0.0000   0.0000   0.0000   0.0000   0.0000   0.0000 
 29.6875  67.6875   0.0000   0.0000   0.0000   0.0000   0.0000   0.0000   0.0000   0.0000 
 43.6250  66.6250   0.0000   0.0000   0.0000   0.0000   0.0000   0.0000   0.0000   0.0000 
 41.3125  63.0625   0.0000   0.0000   0.0000   0.0000   0.0000   0.0000   0.0000   0.0000 
 46.5000  55.1250   0.0000   0.0000   0.0000   0.0000   0.0000   0.0000   0.0000   0.0000 
 60.3125  38.7500   0.0000   0.0000   0.0000   0.0000   0.0000   0.0000   0.0000   0.0000 
 55.6250  20.3750   0.0000   0.0000   0.0000   0.0000   0.0000   0.0000   0.0000   0.0000 
 17.5000  -0.7500   0.0000   0.0000   0.0000   0.0000   0.0000   0.0000   0.0000   0.0000 
-13.8125 -14.3750   0.0000   0.0000   0.0000   0.0000   0.0000   0.0000   0.0000   0.0000 
-40.0625 -22.2500   0.0000   0.0000   0.0000   0.0000   0.0000   0.0000   0.0000   0.0000 
-18.8125 -19.5625   0.0000   0.0000   0.0000   0.0000   0.0000   0.0000   0.0000   0.0000 
  9.8750 -11.8125   0.0000   0.0000   0.0000   0.0000   0.0000   0.0000   0.0000   0.0000 
-22.7500  -6.9375   0.0000   0.0000   0.0000   0.0000   0.0000   0.0000   0.0000   0.0000 
-94.6875  -7.5625   0.0000   0.0000   0.0000   0.0000   0.0000   0.0000   0.0000   0.0000 
-81.0625  -8.5000   0.0000   0.0000   0.0000   0.0000   0.0000   0.0000   0.0000   0.0000 
 -4.4375 -11.3125   0.0000   0.0000   0.0000   0.0000   0.0000   0.0000   0.0000   0.0000 
 18.3750 -11.7500   0.0000   0.0000   0.0000   0.0000   0.0000   0.0000   0.0000   0.0000 
-43.5000  -6.1250   0.0000   0.0000   0.0000   0.0000   0.0000   0.0000   0.0000   0.0000 
-86.2500   1.6875   0.0000   0.0000   0.0000   0.0000   0.0000   0.0000   0.0000   0.0000 
-87.5000   4.8125   0.0000   0.0000   0.0000   0.0000   0.0000   0.0000   0.0000   0.0000 
-172.1250   5.3750   0.0000   0.0000   0.0000   0.0000   0.0000   0.0000   0.0000   0.0000 
-304.8125   6.2500   0.0000   0.0000   0.0000   0.0000   0.0000   0.0000   0.0000   0.0000 
-340.1875   9.0000   0.0000   0.0000   0.0000   0.0000   0.0000   0.0000   0.0000   0.0000 
-277.2500   2.8125   0.0000   0.0000   0.0000   0.0000   0.0000   0.0000   0.0000   0.0000 
-208.5625  -5.1875   0.0000   0.0000   0.0000   0.0000   0.0000   0.0000   0.0000   0.0000 
-130.5625 -10.0625   0.0000   0.0000   0.0000   0.0000   0.0000   0.0000   0.0000   0.0000 
-53.5625 -18.8125   0.0000   0.0000   0.0000   0.0000   0.0000   0.0000   0.0000   0.0000 
-27.2500 -32.0000   0.0000   0.0000   0.0000   0.0000   0.0000   0.0000   0.0000   0.0000 
-49.3750 -39.2500   0.0000   0.0000   0.0000   0.0000   0.0000   0.0000   0.0000   0.0000 
-78.8750 -36.6875   0.0000   0.0000   0.0000   0.0000   0.0000   0.0000   0.0000   0.0000 
-71.4375 -32.8750   0.0000   0.0000   0.0000   0.0000   0.0000   0.0000   0.0000   0.0000 
-56.1875 -23.7500   0.0000   0.0000   0.0000   0.0000   0.0000   0.0000   0.0000   0.0000 
-63.3750  -5.5625   0.0000   0.0000   0.0000   0.0000   0.0000   0.0000   0.0000   0.0000 
-75.2500  15.5000   0.0000   0.0000   0.0000   0.0000   0.0000   0.0000   0.0000   0.0000 
-66.1250  18.6250   0.0000   0.0000   0.0000   0.0000   0.0000   0.0000   0.0000   0.0000 
-36.8750   4.1250   0.0000   0.0000   0.0000   0.0000   0.0000   0.0000   0.0000   0.0000 
 -0.6250  -0.0625   0.0000   0.0000   0.0000   0.0000   0.0000   0.0000   0.0000   0.0000 
 30.1250  11.8125   0.0000   0.0000   0.0000   0.0000   0.0000   0.0000   0.0000   0.0000 
 54.2500  22.6250   0.0000   0.0000   0.0000   0.0000   0.0000   0.0000   0.0000   0.0000 
  0.0000  26.9375   0.0000   0.0000   0.0000   0.0000   0.0000   0.0000   0.0000   0.0000 
  0.0000  29.3750   0.0000   0.0000   0.0000   0.0000   0.0000   0.0000   0.0000   0.0000 
  0.0000  31.5000   0.0000   0.0000   0.0000   0.0000   0.0000   0.0000   0.0000   0.0000 
  0.0000  23.3125   0.0000   0.0000   0.0000   0.0000   0.0000   0.0000   0.0000   0.0000 
  0.0000  12.0000   0.0000   0.0000   0.0000   0.0000   0.0000   0.0000   0.0000   0.0000 
  0.0000   9.6250   0.0000   0.0000   0.0000   0.0000   0.0000   0.0000   0.0000   0.0000 
  0.0000  10.9375   0.0000   0.0000   0.0000   0.0000   0.0000   0.0000   0.0000   0.0000 
  0.0000   6.5000   0.0000   0.0000   0.0000   0.0000   0.0000   0.0000   0.0000   0.0000 
  0.0000  -3.3750   0.0000   0.0000   0.0000   0.0000   0.0000   0.0000   0.0000   0.0000 
  0.0000  -1.9375   0.0000   0.0000   0.0000   0.0000   0.0000   0.0000   0.0000   0.0000 
  0.0000   0.0000   0.0000   0.0000   0.0000   0.0000   0.0000   0.0000   0.0000   0.0000 
  0.0000   0.0000   0.0000   0.0000   0.0000   0.0000   0.0000   0.0000   0.0000   0.0000 
  0.0000   0.0000   0.0000   0.0000   0.0000   0.0000   0.0000   0.0000   0.0000   0.0000 
  0.0000   0.0000   0.0000   0.0000   0.0000   0.0000   0.0000   0.0000   0.0000   0.0000 
  0.0000   0.0000   0.0000   0.0000   0.0000   0.0000   0.0000   0.0000   0.0000   0.0000 
  0.0000   0.0000   0.0000   0.0000   0.0000   0.0000   0.0000   0.0000   0.0000   0.0000 
  0.0000   0.0000   0.0000   0.0000   0.0000   0.0000   0.0000   0.0000   0.0000   0.0000 
  0.0000   0.0000   0.0000   0.0000   0.0000   0.0000   0.0000   0.0000   0.0000   0.0000 
  0.0000   0.0000   0.0000   0.0000   0.0000   0.0000   0.0000   0.0000   0.0000   0.0000 
  0.0000   0.0000   0.0000   0.0000   0.0000   0.0000   0.0000   0.0000   0.0000   0.0000 
  0.0000   0.0000   0.0000   0.0000   0.0000   0.0000   0.0000   0.0000   0.0000   0.0000 
  0.0000   0.0000   0.0000   0.0000   0.0000   0.0000   0.0000   0.0000   0.0000   0.0000 
  0.0000   0.0000   0.0000   0.0000   0.0000   0.0000   0.0000   0.0000   0.0000   0.0000 
  0.0000   0.0000   0.0000   0.0000   0.0000   0.0000   0.0000   0.0000   0.0000   0.0000 
  0.0000   0.0000   0.0000   0.0000   0.0000   0.0000   0.0000   0.0000   0.0000   0.0000 
  0.0000   0.0000   0.0000   0.0000   0.0000   0.0000   0.0000   0.0000   0.0000   0.0000 
  0.0000   0.0000   0.0000   0.0000   0.0000   0.0000   0.0000   0.0000   0.0000   0.0000 
  0.0000   0.0000   0.0000   0.0000   0.0000   0.0000   0.0000   0.0000   0.0000   0.0000 
  0.0000   0.0000   0.0000   0.0000   0.0000   0.0000   0.0000   0.0000   0.0000   0.0000 
  0.0000   0.0000   0.0000   0.0000   0.0000   0.0000   0.0000   0.0000   0.0000   0.0000 
  0.0000   0.0000   0.0000   0.0000   0.0000   0.0000   0.0000   0.0000   0.0000   0.0000 
  0.0000   0.0000   0.0000   0.0000   0.0000   0.0000   0.0000   0.0000   0.0000   0.0000 
  0.0000   0.0000   0.0000   0.0000   0.0000   0.0000   0.0000   0.0000   0.0000   0.0000 
  0.0000   0.0000   0.0000   0.0000   0.0000   0.0000   0.0000   0.0000   0.0000   0.0000 
  0.0000   0.0000   0.0000   0.0000   0.0000   0.0000   0.0000   0.0000   0.0000   0.0000 
  0.0000   0.0000   0.0000   0.0000   0.0000   0.0000   0.0000   0.0000   0.0000   0.0000 
  0.0000   0.0000   0.0000   0.0000   0.0000   0.0000   0.0000   0.0000   0.0000   0.0000 
  0.0000   0.0000   0.0000   0.0000   0.0000   0.0000   0.0000   0.0000   0.0000   0.0000 
  0.0000   0.0000   0.0000   0.0000   0.0000   0.0000   0.0000   0.0000   0.0000   0.0000 
  0.0000   0.0000   0.0000   0.0000   0.0000   0.0000   0.0000   0.0000   0.0000   0.0000 
  0.0000   0.0000   0.0000   0.0000   0.0000   0.0000   0.0000   0.0000   0.0000   0.0000 
  0.0000   0.0000   0.0000   0.0000   0.0000   0.0000   0.0000   0.0000   0.0000   0.0000 
  0.0000   0.0000   0.0000   0.0000   0.0000   0.0000   0.0000   0.0000   0.0000   0.0000 
  0.0000   0.0000   0.0000   0.0000   0.0000   0.0000   0.0000   0.0000   0.0000   0.0000 
  0.0000   0.0000   0.0000   0.0000   0.0000   0.0000   0.0000   0.0000   0.0000   0.0000 
  0.0000   0.0000   0.0000   0.0000   0.0000   0.0000   0.0000   0.0000   0.0000   0.0000 
  0.0000   0.0000   0.0000   0.0000   0.0000   0.0000   0.0000   0.0000   0.0000   0.0000 
  0.0000   0.0000   0.0000   0.0000   0.0000   0.0000   0.0000   0.0000   0.0000   0.0000 
  0.0000   0.0000   0.0000   0.0000   0.0000   0.0000   0.0000   0.0000   0.0000   0.0000 
  0.0000   0.0000   0.0000   0.0000   0.0000   0.0000   0.0000   0.0000   0.0000   0.0000 
  0.0000   0.0000   0.0000   0.0000   0.0000   0.0000   0.0000   0.0000   0.0000   0.0000 
  0.0000   0.0000   0.0000   0.0000   0.0000   0.0000   0.0000   0.0000   0.0000   0.0000 
  0.0000   0.0000   0.0000   0.0000   0.0000   0.0000   0.0000   0.0000   0.0000   0.0000 
  0.0000   0.0000   0.0000   0.0000   0.0000   0.0000   0.0000   0.0000   0.0000   0.0000 
  0.0000   0.0000   0.0000   0.0000   0.0000   0.0000   0.0000   0.0000   0.0000   0.0000 
  0.0000   0.0000   0.0000   0.0000   0.0000   0.0000   0.0000   0.0000   0.0000   0.0000 
  0.0000   0.0000   0.0000   0.0000   0.0000   0.0000   0.0000   0.0000   0.0000   0.0000 
  0.0000   0.0000   0.0000   0.0000   0.0000   0.0000   0.0000   0.0000   0.0000   0.0000 
  0.0000   0.0000   0.0000   0.0000   0.0000   0.0000   0.0000   0.0000   0.0000   0.0000 
  0.0000   0.0000   0.0000   0.0000   0.0000   0.0000   0.0000   0.0000   0.0000   0.0000 
  0.0000   0.0000   0.0000   0.0000   0.0000   0.0000   0.0000   0.0000   0.0000   0.0000 
  0.0000   0.0000   0.0000   0.0000   0.0000   0.0000   0.0000   0.0000   0.0000   0.0000 
  0.0000   0.0000   0.0000   0.0000   0.0000   0.0000   0.0000   0.0000   0.0000   0.0000 
  0.0000   0.0000   0.0000   0.0000   0.0000   0.0000   0.0000   0.0000   0.0000   0.0000 
  0.0000   0.0000   0.0000   0.0000   0.0000   0.0000   0.0000   0.0000   0.0000   0.0000 
  0.0000   0.0000   0.0000   0.0000   0.0000   0.0000   0.0000   0.0000   0.0000   0.0000 
  0.0000   0.0000   0.0000   0.0000   0.0000   0.0000   0.0000   0.0000   0.0000   0.0000 
  0.0000   0.0000   0.0000   0.0000   0.0000   0.0000   0.0000   0.0000   0.0000   0.0000 
  0.0000   0.0000   0.0000   0.0000   0.0000   0.0000   0.0000   0.0000   0.0000   0.0000 
  0.0000   0.0000   0.0000   0.0000   0.0000   0.0000   0.0000   0.0000   0.0000   0.0000 
  0.0000   0.0000   0.0000   0.0000   0.0000   0.0000   0.0000   0.0000   0.0000   0.0000 
  0.0000   0.0000   0.0000   0.0000   0.0000   0.0000   0.0000   0.0000   0.0000   0.0000 
  0.0000   0.0000   0.0000   0.0000   0.0000   0.0000   0.0000   0.0000   0.0000   0.0000 
  0.0000   0.0000   0.0000   0.0000   0.0000   0.0000   0.0000   0.0000   0.0000   0.0000 
  0.0000   0.0000   0.0000   0.0000   0.0000   0.0000   0.0000   0.0000   0.0000   0.0000 
  0.0000   0.0000   0.0000   0.0000   0.0000   0.0000   0.0000   0.0000   0.0000   0.0000 
  0.0000   0.0000   0.0000   0.0000   0.0000   0.0000   0.0000   0.0000   0.0000   0.0000 
  0.0000   0.0000   0.0000   0.0000   0.0000   0.0000   0.0000   0.0000   0.0000   0.0000 
  0.0000   0.0000   0.0000   0.0000   0.0000   0.0000   0.0000   0.0000   0.0000   0.0000 
  0.0000   0.0000   0.0000   0.0000   0.0000   0.0000   0.0000   0.0000   0.0000   0.0000 
  0.0000   0.0000   0.0000   0.0000   0.0000   0.0000   0.0000   0.0000   0.0000   0.0000 
  0.0000   0.0000   0.0000   0.0000   0.0000   0.0000   0.0000   0.0000   0.0000   0.0000 
  0.0000   0.0000   0.0000   0.0000   0.0000   0.0000   0.0000   0.0000   0.0000   0.0000 
  0.0000   0.0000   0.0000   0.0000   0.0000   0.0000   0.0000   0.0000   0.0000   0.0000 
  0.0000   0.0000   0.0000   0.0000   0.0000   0.0000   0.0000   0.0000   0.0000   0.0000 
  0.0000   0.0000   0.0000   0.0000   0.0000   0.0000   0.0000   0.0000   0.0000   0.0000 
  0.0000   0.0000   0.0000   0.0000   0.0000   0.0000   0.0000   0.0000   0.0000   0.0000 
  0.0000   0.0000   0.0000   0.0000   0.0000   0.0000   0.0000   0.0000   0.0000   0.0000 
  0.0000   0.0000   0.0000   0.0000   0.0000   0.0000   0.0000   0.0000   0.0000   0.0000 
  0.0000   0.0000   0.0000   0.0000   0.0000   0.0000   0.0000   0.0000   0.0000   0.0000 
  0.0000   0.0000   0.0000   0.0000   0.0000   0.0000   0.0000   0.0000   0.0000   0.0000 
  0.0000   0.0000   0.0000   0.0000   0.0000   0.0000   0.0000   0.0000   0.0000   0.0000 
  0.0000   0.0000   0.0000   0.0000   0.0000   0.0000   0.0000   0.0000   0.0000   0.0000 
  0.0000   0.0000   0.0000   0.0000   0.0000   0.0000   0.0000   0.0000   0.0000   0.0000 
  0.0000   0.0000   0.0000   0.0000   0.0000   0.0000   0.0000   0.0000   0.0000   0.0000 
  0.0000   0.0000   0.0000   0.0000   0.0000   0.0000   0.0000   0.0000   0.0000   0.0000 
  0.0000   0.0000   0.0000   0.0000   0.0000   0.0000   0.0000   0.0000   0.0000   0.0000 
  0.0000   0.0000   0.0000   0.0000   0.0000   0.0000   0.0000   0.0000   0.0000   0.0000 
  0.0000   0.0000   0.0000   0.0000   0.0000   0.0000   0.0000   0.0000   0.0000   0.0000 
  0.0000   0.0000   0.0000   0.0000   0.0000   0.0000   0.0000   0.0000   0.0000   0.0000 
  0.0000   0.0000   0.0000   0.0000   0.0000   0.0000   0.0000   0.0000   0.0000   0.0000 
  0.0000   0.0000   0.0000   0.0000   0.0000   0.0000   0.0000   0.0000   0.0000   0.0000 
  0.0000   0.0000   0.0000   0.0000   0.0000   0.0000   0.0000   0.0000   0.0000   0.0000 
  0.0000   0.0000   0.0000   0.0000   0.0000   0.0000   0.0000   0.0000   0.0000   0.0000 
  0.0000   0.0000   0.0000   0.0000   0.0000   0.0000   0.0000   0.0000   0.0000   0.0000 
  0.0000   0.0000   0.0000   0.0000   0.0000   0.0000   0.0000   0.0000   0.0000   0.0000 
  0.0000   0.0000   0.0000   0.0000   0.0000   0.0000   0.0000   0.0000   0.0000   0.0000 
  0.0000   0.0000   0.0000   0.0000   0.0000   0.0000   0.0000   0.0000   0.0000   0.0000 
  0.0000   0.0000   0.0000   0.0000   0.0000   0.0000   0.0000   0.0000   0.0000   0.0000 
  0.0000   0.0000   0.0000   0.0000   0.0000   0.0000   0.0000   0.0000   0.0000   0.0000 
  0.0000   0.0000   0.0000   0.0000   0.0000   0.0000   0.0000   0.0000   0.0000   0.0000 
  0.0000   0.0000   0.0000   0.0000   0.0000   0.0000   0.0000   0.0000   0.0000   0.0000 
  0.0000   0.0000   0.0000   0.0000   0.0000   0.0000   0.0000   0.0000   0.0000   0.0000 
  0.0000   0.0000   0.0000   0.0000   0.0000   0.0000   0.0000   0.0000   0.0000   0.0000 
  0.0000   0.0000   0.0000   0.0000   0.0000   0.0000   0.0000   0.0000   0.0000   0.0000 
  0.0000   0.0000   0.0000   0.0000   0.0000   0.0000   0.0000   0.0000   0.0000   0.0000 
  0.0000   0.0000   0.0000   0.0000   0.0000   0.0000   0.0000   0.0000   0.0000   0.0000 
  0.0000   0.0000   0.0000   0.0000   0.0000   0.0000   0.0000   0.0000   0.0000   0.0000 
  0.0000   0.0000   0.0000   0.0000   0.0000   0.0000   0.0000   0.0000   0.0000   0.0000 
  0.0000   0.0000   0.0000   0.0000   0.0000   0.0000   0.0000   0.0000   0.0000   0.0000 
  0.0000   0.0000   0.0000   0.0000   0.0000   0.0000   0.0000   0.0000   0.0000   0.0000 
  0.0000   0.0000   0.0000   0.0000   0.0000   0.0000   0.0000   0.0000   0.0000   0.0000 
  0.0000   0.0000   0.0000   0.0000   0.0000   0.0000   0.0000   0.0000   0.0000   0.0000 
  0.0000   0.0000   0.0000   0.0000   0.0000   0.0000   0.0000   0.0000   0.0000   0.0000 
  0.0000   0.0000   0.0000   0.0000   0.0000   0.0000   0.0000   0.0000   0.0000   0.0000 
  0.0000   0.0000   0.0000   0.0000   0.0000   0.0000   0.0000   0.0000   0.0000   0.0000 
  0.0000   0.0000   0.0000   0.0000   0.0000   0.0000   0.0000   0.0000   0.0000   0.0000 
  0.0000   0.0000   0.0000   0.0000   0.0000   0.0000   0.0000   0.0000   0.0000   0.0000 
  0.0000   0.0000   0.0000   0.0000   0.0000   0.0000   0.0000   0.0000   0.0000   0.0000 
  0.0000   0.0000   0.0000   0.0000   0.0000   0.0000   0.0000   0.0000   0.0000   0.0000 
  0.0000   0.0000   0.0000   0.0000   0.0000   0.0000   0.0000   0.0000   0.0000   0.0000 
  0.0000   0.0000   0.0000   0.0000   0.0000   0.0000   0.0000   0.0000   0.0000   0.0000 
  0.0000   0.0000   0.0000   0.0000   0.0000   0.0000   0.0000   0.0000   0.0000   0.0000 
  0.0000   0.0000   0.0000   0.0000   0.0000   0.0000   0.0000   0.0000   0.0000   0.0000 
  0.0000   0.0000   0.0000   0.0000   0.0000   0.0000   0.0000   0.0000   0.0000   0.0000 
  0.0000   0.0000   0.0000   0.0000   0.0000   0.0000   0.0000   0.0000   0.0000   0.0000 
  0.0000   0.0000   0.0000   0.0000   0.0000   0.0000   0.0000   0.0000   0.0000   0.0000 
  0.0000   0.0000   0.0000   0.0000   0.0000   0.0000   0.0000   0.0000   0.0000   0.0000 
  0.0000   0.0000   0.0000   0.0000   0.0000   0.0000   0.0000   0.0000   0.0000   0.0000 
  0.0000   0.0000   0.0000   0.0000   0.0000   0.0000   0.0000   0.0000   0.0000   0.0000 
  0.0000   0.0000   0.0000   0.0000   0.0000   0.0000   0.0000   0.0000   0.0000   0.0000 
  0.0000   0.0000   0.0000   0.0000   0.0000   0.0000   0.0000   0.0000   0.0000   0.0000 
  0.0000   0.0000   0.0000   0.0000   0.0000   0.0000   0.0000   0.0000   0.0000   0.0000 
  0.0000   0.0000   0.0000   0.0000   0.0000   0.0000   0.0000   0.0000   0.0000   0.0000 
  0.0000   0.0000   0.0000   0.0000   0.0000   0.0000   0.0000   0.0000   0.0000   0.0000 
  0.0000   0.0000   0.0000   0.0000   0.0000   0.0000   0.0000   0.0000   0.0000   0.0000 
  0.0000   0.0000   0.0000   0.0000   0.0000   0.0000   0.0000   0.0000   0.0000   0.0000 
  0.0000   0.0000   0.0000   0.0000   0.0000   0.0000   0.0000   0.0000   0.0000   0.0000 
  0.0000   0.0000   0.0000   0.0000   0.0000   0.0000   0.0000   0.0000   0.0000   0.0000 
  0.0000   0.0000   0.0000   0.0000   0.0000   0.0000   0.0000   0.0000   0.0000   0.0000 
  0.0000   0.0000   0.0000   0.0000   0.0000   0.0000   0.0000   0.0000   0.0000   0.0000 
  0.0000   0.0000   0.0000   0.0000   0.0000   0.0000   0.0000   0.0000   0.0000   0.0000 
  0.0000   0.0000   0.0000   0.0000   0.0000   0.0000   0.0000   0.0000   0.0000   0.0000 
  0.0000   0.0000   0.0000   0.0000   0.0000   0.0000   0.0000   0.0000   0.0000   0.0000 
  0.0000   0.0000   0.0000   0.0000   0.0000   0.0000   0.0000   0.0000   0.0000   0.0000 
  0.0000   0.0000   0.0000   0.0000   0.0000   0.0000   0.0000   0.0000   0.0000   0.0000 
  0.0000   0.0000   0.0000   0.0000   0.0000   0.0000   0.0000   0.0000   0.0000   0.0000 
  0.0000   0.0000   0.0000   0.0000   0.0000   0.0000   0.0000   0.0000   0.0000   0.0000 
  0.0000   0.0000   0.0000   0.0000   0.0000   0.0000   0.0000   0.0000   0.0000   0.0000 
  0.0000   0.0000   0.0000   0.0000   0.0000   0.0000   0.0000   0.0000   0.0000   0.0000 
  0.0000   0.0000   0.0000   0.0000   0.0000   0.0000   0.0000   0.0000   0.0000   0.0000 
  0.0000   0.0000   0.0000   0.0000   0.0000   0.0000   0.0000   0.0000   0.0000   0.0000 
  0.0000   0.0000   0.0000   0.0000   0.0000   0.0000   0.0000   0.0000   0.0000   0.0000 
  0.0000   0.0000   0.0000   0.0000   0.0000   0.0000   0.0000   0.0000   0.0000   0.0000 
  0.0000   0.0000   0.0000   0.0000   0.0000   0.0000   0.0000   0.0000   0.0000   0.0000 
  0.0000   0.0000   0.0000   0.0000   0.0000   0.0000   0.0000   0.0000   0.0000   0.0000 
  0.0000   0.0000   0.0000   0.0000   0.0000   0.0000   0.0000   0.0000   0.0000   0.0000 
  0.0000   0.0000   0.0000   0.0000   0.0000   0.0000   0.0000   0.0000   0.0000   0.0000 
  0.0000   0.0000   0.0000   0.0000   0.0000   0.0000   0.0000   0.0000   0.0000   0.0000 
  0.0000   0.0000   0.0000   0.0000   0.0000   0.0000   0.0000   0.0000   0.0000   0.0000 
  0.0000   0.0000   0.0000   0.0000   0.0000   0.0000   0.0000   0.0000   0.0000   0.0000 
  0.0000   0.0000   0.0000   0.0000   0.0000   0.0000   0.0000   0.0000   0.0000   0.0000 
  0.0000   0.0000   0.0000   0.0000   0.0000   0.0000   0.0000   0.0000   0.0000   0.0000 
  0.0000   0.0000   0.0000   0.0000   0.0000   0.0000   0.0000   0.0000   0.0000   0.0000 
  0.0000   0.0000   0.0000   0.0000   0.0000   0.0000   0.0000   0.0000   0.0000   0.0000 
  0.0000   0.0000   0.0000   0.0000   0.0000   0.0000   0.0000   0.0000   0.0000   0.0000 
  0.0000   0.0000   0.0000   0.0000   0.0000   0.0000   0.0000   0.0000   0.0000   0.0000 
  0.0000   0.0000   0.0000   0.0000   0.0000   0.0000   0.0000   0.0000   0.0000   0.0000 
  0.0000   0.0000   0.0000   0.0000   0.0000   0.0000   0.0000   0.0000   0.0000   0.0000 
  0.0000   0.0000   0.0000   0.0000   0.0000   0.0000   0.0000   0.0000   0.0000   0.0000 
  0.0000   0.0000   0.0000   0.0000   0.0000   0.0000   0.0000   0.0000   0.0000   0.0000 
  0.0000   0.0000   0.0000   0.0000   0.0000   0.0000   0.0000   0.0000   0.0000   0.0000 
  0.0000   0.0000   0.0000   0.0000   0.0000   0.0000   0.0000   0.0000   0.0000   0.0000 
  0.0000   0.0000   0.0000   0.0000   0.0000   0.0000   0.0000   0.0000   0.0000   0.0000 
  0.0000   0.0000   0.0000   0.0000   0.0000   0.0000   0.0000   0.0000   0.0000   0.0000 
  0.0000   0.0000   0.0000   0.0000   0.0000   0.0000   0.0000   0.0000   0.0000   0.0000 
  0.0000   0.0000   0.0000   0.0000   0.0000   0.0000   0.0000   0.0000   0.0000   0.0000 
  0.0000   0.0000   0.0000   0.0000   0.0000   0.0000   0.0000   0.0000   0.0000   0.0000 
  0.0000   0.0000   0.0000   0.0000   0.0000   0.0000   0.0000   0.0000   0.0000   0.0000 
  0.0000   0.0000   0.0000   0.0000   0.0000   0.0000   0.0000   0.0000   0.0000   0.0000 
  0.0000   0.0000   0.0000   0.0000   0.0000   0.0000   0.0000   0.0000   0.0000   0.0000 
  0.0000   0.0000   0.0000   0.0000   0.0000   0.0000   0.0000   0.0000   0.0000   0.0000 
  0.0000   0.0000   0.0000   0.0000   0.0000   0.0000   0.0000   0.0000   0.0000   0.0000 
  0.0000   0.0000   0.0000   0.0000   0.0000   0.0000   0.0000   0.0000   0.0000   0.0000 
  0.0000   0.0000   0.0000   0.0000   0.0000   0.0000   0.0000   0.0000   0.0000   0.0000 
  0.0000   0.0000   0.0000   0.0000   0.0000   0.0000   0.0000   0.0000   0.0000   0.0000 
  0.0000   0.0000   0.0000   0.0000   0.0000   0.0000   0.0000   0.0000   0.0000   0.0000 
  0.0000   0.0000   0.0000   0.0000   0.0000   0.0000   0.0000   0.0000   0.0000   0.0000 
  0.0000   0.0000   0.0000   0.0000   0.0000   0.0000   0.0000   0.0000   0.0000   0.0000 
  0.0000   0.0000   0.0000   0.0000   0.0000   0.0000   0.0000   0.0000   0.0000   0.0000 
  0.0000   0.0000   0.0000   0.0000   0.0000   0.0000   0.0000   0.0000   0.0000   0.0000 
  0.0000   0.0000   0.0000   0.0000   0.0000   0.0000   0.0000   0.0000   0.0000   0.0000 
  0.0000   0.0000   0.0000   0.0000   0.0000   0.0000   0.0000   0.0000   0.0000   0.0000 
  0.0000   0.0000   0.0000   0.0000   0.0000   0.0000   0.0000   0.0000   0.0000   0.0000 
  0.0000   0.0000   0.0000   0.0000   0.0000   0.0000   0.0000   0.0000   0.0000   0.0000 
  0.0000   0.0000   0.0000   0.0000   0.0000   0.0000   0.0000   0.0000   0.0000   0.0000 
  0.0000   0.0000   0.0000   0.0000   0.0000   0.0000   0.0000   0.0000   0.0000   0.0000 
  0.0000   0.0000   0.0000   0.0000   0.0000   0.0000   0.0000   0.0000   0.0000   0.0000 
  0.0000   0.0000   0.0000   0.0000   0.0000   0.0000   0.0000   0.0000   0.0000   0.0000 
  0.0000   0.0000   0.0000   0.0000   0.0000   0.0000   0.0000   0.0000   0.0000   0.0000 
  0.0000   0.0000   0.0000   0.0000   0.0000   0.0000   0.0000   0.0000   0.0000   0.0000 
  0.0000   0.0000   0.0000   0.0000   0.0000   0.0000   0.0000   0.0000   0.0000   0.0000 
  0.0000   0.0000   0.0000   0.0000   0.0000   0.0000   0.0000   0.0000   0.0000   0.0000 
  0.0000   0.0000   0.0000   0.0000   0.0000   0.0000   0.0000   0.0000   0.0000   0.0000 
  0.0000   0.0000   0.0000   0.0000   0.0000   0.0000   0.0000   0.0000   0.0000   0.0000 
  0.0000   0.0000   0.0000   0.0000   0.0000   0.0000   0.0000   0.0000   0.0000   0.0000 
  0.0000   0.0000   0.0000   0.0000   0.0000   0.0000   0.0000   0.0000   0.0000   0.0000 
  0.0000   0.0000   0.0000   0.0000   0.0000   0.0000   0.0000   0.0000   0.0000   0.0000 
  0.0000   0.0000   0.0000   0.0000   0.0000   0.0000   0.0000   0.0000   0.0000   0.0000 
  0.0000   0.0000   0.0000   0.0000   0.0000   0.0000   0.0000   0.0000   0.0000   0.0000 
  0.0000   0.0000   0.0000   0.0000   0.0000   0.0000   0.0000   0.0000   0.0000   0.0000 
  0.0000   0.0000   0.0000   0.0000   0.0000   0.0000   0.0000   0.0000   0.0000   0.0000 
  0.0000   0.0000   0.0000   0.0000   0.0000   0.0000   0.0000   0.0000   0.0000   0.0000 
  0.0000   0.0000   0.0000   0.0000   0.0000   0.0000   0.0000   0.0000   0.0000   0.0000 
  0.0000   0.0000   0.0000   0.0000   0.0000   0.0000   0.0000   0.0000   0.0000   0.0000 
  0.0000   0.0000   0.0000   0.0000   0.0000   0.0000   0.0000   0.0000   0.0000   0.0000 
  0.0000   0.0000   0.0000   0.0000   0.0000   0.0000   0.0000   0.0000   0.0000   0.0000 
  0.0000   0.0000   0.0000   0.0000   0.0000   0.0000   0.0000   0.0000   0.0000   0.0000 
  0.0000   0.0000   0.0000   0.0000   0.0000   0.0000   0.0000   0.0000   0.0000   0.0000 
  0.0000   0.0000   0.0000   0.0000   0.0000   0.0000   0.0000   0.0000   0.0000   0.0000 
  0.0000   0.0000   0.0000   0.0000   0.0000   0.0000   0.0000   0.0000   0.0000   0.0000 
  0.0000   0.0000   0.0000   0.0000   0.0000   0.0000   0.0000   0.0000   0.0000   0.0000 
  0.0000   0.0000   0.0000   0.0000   0.0000   0.0000   0.0000   0.0000   0.0000   0.0000 
  0.0000   0.0000   0.0000   0.0000   0.0000   0.0000   0.0000   0.0000   0.0000   0.0000 
  0.0000   0.0000   0.0000   0.0000   0.0000   0.0000   0.0000   0.0000   0.0000   0.0000 
  0.0000   0.0000   0.0000   0.0000   0.0000   0.0000   0.0000   0.0000   0.0000   0.0000 
  0.0000   0.0000   0.0000   0.0000   0.0000   0.0000   0.0000   0.0000   0.0000   0.0000 
  0.0000   0.0000   0.0000   0.0000   0.0000   0.0000   0.0000   0.0000   0.0000   0.0000 
  0.0000   0.0000   0.0000   0.0000   0.0000   0.0000   0.0000   0.0000   0.0000   0.0000 
  0.0000   0.0000   0.0000   0.0000   0.0000   0.0000   0.0000   0.0000   0.0000   0.0000 
  0.0000   0.0000   0.0000   0.0000   0.0000   0.0000   0.0000   0.0000   0.0000   0.0000 
  0.0000   0.0000   0.0000   0.0000   0.0000   0.0000   0.0000   0.0000   0.0000   0.0000 
  0.0000   0.0000   0.0000   0.0000   0.0000   0.0000   0.0000   0.0000   0.0000   0.0000 
  0.0000   0.0000   0.0000   0.0000   0.0000   0.0000   0.0000   0.0000   0.0000   0.0000 
  0.0000   0.0000   0.0000   0.0000   0.0000   0.0000   0.0000   0.0000   0.0000   0.0000 
  0.0000   0.0000   0.0000   0.0000   0.0000   0.0000   0.0000   0.0000   0.0000   0.0000 
  0.0000   0.0000   0.0000   0.0000   0.0000   0.0000   0.0000   0.0000   0.0000   0.0000 
  0.0000   0.0000   0.0000   0.0000   0.0000   0.0000   0.0000   0.0000   0.0000   0.0000 
  0.0000   0.0000   0.0000   0.0000   0.0000   0.0000   0.0000   0.0000   0.0000   0.0000 
  0.0000   0.0000   0.0000   0.0000   0.0000   0.0000   0.0000   0.0000   0.0000   0.0000 
  0.0000   0.0000   0.0000   0.0000   0.0000   0.0000   0.0000   0.0000   0.0000   0.0000 
  0.0000   0.0000   0.0000   0.0000   0.0000   0.0000   0.0000   0.0000   0.0000   0.0000 
  0.0000   0.0000   0.0000   0.0000   0.0000   0.0000   0.0000   0.0000   0.0000   0.0000 
  0.0000   0.0000   0.0000   0.0000   0.0000   0.0000   0.0000   0.0000   0.0000   0.0000 
  0.0000   0.0000   0.0000   0.0000   0.0000   0.0000   0.0000   0.0000   0.0000   0.0000 
  0.0000   0.0000   0.0000   0.0000   0.0000   0.0000   0.0000   0.0000   0.0000   0.0000 
  0.0000   0.0000   0.0000   0.0000   0.0000   0.0000   0.0000   0.0000   0.0000   0.0000 
  0.0000   0.0000   0.0000   0.0000   0.0000   0.0000   0.0000   0.0000   0.0000   0.0000 
  0.0000   0.0000   0.0000   0.0000   0.0000   0.0000   0.0000   0.0000   0.0000   0.0000 
  0.0000   0.0000   0.0000   0.0000   0.0000   0.0000   0.0000   0.0000   0.0000   0.0000 
  0.0000   0.0000   0.0000   0.0000   0.0000   0.0000   0.0000   0.0000   0.0000   0.0000 
  0.0000   0.0000   0.0000   0.0000   0.0000   0.0000   0.0000   0.0000   0.0000   0.0000 
  0.0000   0.0000   0.0000   0.0000   0.0000   0.0000   0.0000   0.0000   0.0000   0.0000 
  0.0000   0.0000   0.0000   0.0000   0.0000   0.0000   0.0000   0.0000   0.0000   0.0000 
  0.0000   0.0000   0.0000   0.0000   0.0000   0.0000   0.0000   0.0000   0.0000   0.0000 
  0.0000   0.0000   0.0000   0.0000   0.0000   0.0000   0.0000   0.0000   0.0000   0.0000 
  0.0000   0.0000   0.0000   0.0000   0.0000   0.0000   0.0000   0.0000   0.0000   0.0000 
  0.0000   0.0000   0.0000   0.0000   0.0000   0.0000   0.0000   0.0000   0.0000   0.0000 
  0.0000   0.0000   0.0000   0.0000   0.0000   0.0000   0.0000   0.0000   0.0000   0.0000 
  0.0000   0.0000   0.0000   0.0000   0.0000   0.0000   0.0000   0.0000   0.0000   0.0000 
  0.0000   0.0000   0.0000   0.0000   0.0000   0.0000   0.0000   0.0000   0.0000   0.0000 
  0.0000   0.0000   0.0000   0.0000   0.0000   0.0000   0.0000   0.0000   0.0000   0.0000 
  0.0000   0.0000   0.0000   0.0000   0.0000   0.0000   0.0000   0.0000   0.0000   0.0000 
  0.0000   0.0000   0.0000   0.0000   0.0000   0.0000   0.0000   0.0000   0.0000   0.0000 
  0.0000   0.0000   0.0000   0.0000   0.0000   0.0000   0.0000   0.0000   0.0000   0.0000 
  0.0000   0.0000   0.0000   0.0000   0.0000   0.0000   0.0000   0.0000   0.0000   0.0000 
  0.0000   0.0000   0.0000   0.0000   0.0000   0.0000   0.0000   0.0000   0.0000   0.0000 
  0.0000   0.0000   0.0000   0.0000   0.0000   0.0000   0.0000   0.0000   0.0000   0.0000 
  0.0000   0.0000   0.0000   0.0000   0.0000   0.0000   0.0000   0.0000   0.0000   0.0000 
  0.0000   0.0000   0.0000   0.0000   0.0000   0.0000   0.0000   0.0000   0.0000   0.0000 
  0.0000   0.0000   0.0000   0.0000   0.0000   0.0000   0.0000   0.0000   0.0000   0.0000 
  0.0000   0.0000   0.0000   0.0000   0.0000   0.0000   0.0000   0.0000   0.0000   0.0000 
  0.0000   0.0000   0.0000   0.0000   0.0000   0.0000   0.0000   0.0000   0.0000   0.0000 
  0.0000   0.0000   0.0000   0.0000   0.0000   0.0000   0.0000   0.0000   0.0000   0.0000 
  0.0000   0.0000   0.0000   0.0000   0.0000   0.0000   0.0000   0.0000   0.0000   0.0000 
  0.0000   0.0000   0.0000   0.0000   0.0000   0.0000   0.0000   0.0000   0.0000   0.0000 
  0.0000   0.0000   0.0000   0.0000   0.0000   0.0000   0.0000   0.0000   0.0000   0.0000 
  0.0000   0.0000   0.0000   0.0000   0.0000   0.0000   0.0000   0.0000   0.0000   0.0000 
  0.0000   0.0000   0.0000   0.0000   0.0000   0.0000   0.0000   0.0000   0.0000   0.0000 
  0.0000   0.0000   0.0000   0.0000   0.0000   0.0000   0.0000   0.0000   0.0000   0.0000 
  0.0000   0.0000   0.0000   0.0000   0.0000   0.0000   0.0000   0.0000   0.0000   0.0000 
  0.0000   0.0000   0.0000   0.0000   0.0000   0.0000   0.0000   0.0000   0.0000   0.0000 
  0.0000   0.0000   0.0000   0.0000   0.0000   0.0000   0.0000   0.0000   0.0000   0.0000 
  0.0000   0.0000   0.0000   0.0000   0.0000   0.0000   0.0000   0.0000   0.0000   0.0000 
  0.0000   0.0000   0.0000   0.0000   0.0000   0.0000   0.0000   0.0000   0.0000   0.0000 
  0.0000   0.0000   0.0000   0.0000   0.0000   0.0000   0.0000   0.0000   0.0000   0.0000 
  0.0000   0.0000   0.0000   0.0000   0.0000   0.0000   0.0000   0.0000   0.0000   0.0000 
  0.0000   0.0000   0.0000   0.0000   0.0000   0.0000   0.0000   0.0000   0.0000   0.0000 
  0.0000   0.0000   0.0000   0.0000   0.0000   0.0000   0.0000   0.0000   0.0000   0.0000 
  0.0000   0.0000   0.0000   0.0000   0.0000   0.0000   0.0000   0.0000   0.0000   0.0000 
  0.0000   0.0000   0.0000   0.0000   0.0000   0.0000   0.0000   0.0000   0.0000   0.0000 
  0.0000   0.0000   0.0000   0.0000   0.0000   0.0000   0.0000   0.0000   0.0000   0.0000 
  0.0000   0.0000   0.0000   0.0000   0.0000   0.0000   0.0000   0.0000   0.0000   0.0000 
  0.0000   0.0000   0.0000   0.0000   0.0000   0.0000   0.0000   0.0000   0.0000   0.0000 
  0.0000   0.0000   0.0000   0.0000   0.0000   0.0000   0.0000   0.0000   0.0000   0.0000 
  0.0000   0.0000   0.0000   0.0000   0.0000   0.0000   0.0000   0.0000   0.0000   0.0000 
  0.0000   0.0000   0.0000   0.0000   0.0000   0.0000   0.0000   0.0000   0.0000   0.0000 
  0.0000   0.0000   0.0000   0.0000   0.0000   0.0000   0.0000   0.0000   0.0000   0.0000 
  0.0000   0.0000   0.0000   0.0000   0.0000   0.0000   0.0000   0.0000   0.0000   0.0000 
  0.0000   0.0000   0.0000   0.0000   0.0000   0.0000   0.0000   0.0000   0.0000   0.0000 
  0.0000   0.0000   0.0000   0.0000   0.0000   0.0000   0.0000   0.0000   0.0000   0.0000 
  0.0000   0.0000   0.0000   0.0000   0.0000   0.0000   0.0000   0.0000   0.0000   0.0000 
  0.0000   0.0000   0.0000   0.0000   0.0000   0.0000   0.0000   0.0000   0.0000   0.0000 
  0.0000   0.0000   0.0000   0.0000   0.0000   0.0000   0.0000   0.0000   0.0000   0.0000 
  0.0000   0.0000   0.0000   0.0000   0.0000   0.0000   0.0000   0.0000   0.0000   0.0000 
  0.0000   0.0000   0.0000   0.0000   0.0000   0.0000   0.0000   0.0000   0.0000   0.0000 
  0.0000   0.0000   0.0000   0.0000   0.0000   0.0000   0.0000   0.0000   0.0000   0.0000 
  0.0000   0.0000   0.0000   0.0000   0.0000   0.0000   0.0000   0.0000   0.0000   0.0000 
  0.0000   0.0000   0.0000   0.0000   0.0000   0.0000   0.0000   0.0000   0.0000   0.0000 
  0.0000   0.0000   0.0000   0.0000   0.0000   0.0000   0.0000   0.0000   0.0000   0.0000 
  0.0000   0.0000   0.0000   0.0000   0.0000   0.0000   0.0000   0.0000   0.0000   0.0000 
  0.0000   0.0000   0.0000   0.0000   0.0000   0.0000   0.0000   0.0000   0.0000   0.0000 
  0.0000   0.0000   0.0000   0.0000   0.0000   0.0000   0.0000   0.0000   0.0000   0.0000 
  0.0000   0.0000   0.0000   0.0000   0.0000   0.0000   0.0000   0.0000   0.0000   0.0000 
  0.0000   0.0000   0.0000   0.0000   0.0000   0.0000   0.0000   0.0000   0.0000   0.0000 
  0.0000   0.0000   0.0000   0.0000   0.0000   0.0000   0.0000   0.0000   0.0000   0.0000 
  0.0000   0.0000   0.0000   0.0000   0.0000   0.0000   0.0000   0.0000   0.0000   0.0000 
  0.0000   0.0000   0.0000   0.0000   0.0000   0.0000   0.0000   0.0000   0.0000   0.0000 
  0.0000   0.0000   0.0000   0.0000   0.0000   0.0000   0.0000   0.0000   0.0000   0.0000 
  0.0000   0.0000   0.0000   0.0000   0.0000   0.0000   0.0000   0.0000   0.0000   0.0000 
  0.0000   0.0000   0.0000   0.0000   0.0000   0.0000   0.0000   0.0000   0.0000   0.0000 
  0.0000   0.0000   0.0000   0.0000   0.0000   0.0000   0.0000   0.0000   0.0000   0.0000 
  0.0000   0.0000   0.0000   0.0000   0.0000   0.0000   0.0000   0.0000   0.0000   0.0000 
  0.0000   0.0000   0.0000   0.0000   0.0000   0.0000   0.0000   0.0000   0.0000   0.0000 
  0.0000   0.0000   0.0000   0.0000   0.0000   0.0000   0.0000   0.0000   0.0000   0.0000 
  0.0000   0.0000   0.0000   0.0000   0.0000   0.0000   0.0000   0.0000   0.0000   0.0000 
  0.0000   0.0000   0.0000   0.0000   0.0000   0.0000   0.0000   0.0000   0.0000   0.0000 
  0.0000   0.0000   0.0000   0.0000   0.0000   0.0000   0.0000   0.0000   0.0000   0.0000 
  0.0000   0.0000   0.0000   0.0000   0.0000   0.0000   0.0000   0.0000   0.0000   0.0000 
  0.0000   0.0000   0.0000   0.0000   0.0000   0.0000   0.0000   0.0000   0.0000   0.0000 
  0.0000   0.0000   0.0000   0.0000   0.0000   0.0000   0.0000   0.0000   0.0000   0.0000 
  0.0000   0.0000   0.0000   0.0000   0.0000   0.0000   0.0000   0.0000   0.0000   0.0000 
  0.0000   0.0000   0.0000   0.0000   0.0000   0.0000   0.0000   0.0000   0.0000   0.0000 
  0.0000   0.0000   0.0000   0.0000   0.0000   0.0000   0.0000   0.0000   0.0000   0.0000 
  0.0000   0.0000   0.0000   0.0000   0.0000   0.0000   0.0000   0.0000   0.0000   0.0000 
  0.0000   0.0000   0.0000   0.0000   0.0000   0.0000   0.0000   0.0000   0.0000   0.0000 
  0.0000   0.0000   0.0000   0.0000   0.0000   0.0000   0.0000   0.0000   0.0000   0.0000 
  0.0000   0.0000   0.0000   0.0000   0.0000   0.0000   0.0000   0.0000   0.0000   0.0000 
  0.0000   0.0000   0.0000   0.0000   0.0000   0.0000   0.0000   0.0000   0.0000   0.0000 
  0.0000   0.0000   0.0000   0.0000   0.0000   0.0000   0.0000   0.0000   0.0000   0.0000 
  0.0000   0.0000   0.0000   0.0000   0.0000   0.0000   0.0000   0.0000   0.0000   0.0000 
  0.0000   0.0000   0.0000   0.0000   0.0000   0.0000   0.0000   0.0000   0.0000   0.0000 
  0.0000   0.0000   0.0000   0.0000   0.0000   0.0000   0.0000   0.0000   0.0000   0.0000 
  0.0000   0.0000   0.0000   0.0000   0.0000   0.0000   0.0000   0.0000   0.0000   0.0000 
  0.0000   0.0000   0.0000   0.0000   0.0000   0.0000   0.0000   0.0000   0.0000   0.0000 
  0.0000   0.0000   0.0000   0.0000   0.0000   0.0000   0.0000   0.0000   0.0000   0.0000 
  0.0000   0.0000   0.0000   0.0000   0.0000   0.0000   0.0000   0.0000   0.0000   0.0000 
  0.0000   0.0000   0.0000   0.0000   0.0000   0.0000   0.0000   0.0000   0.0000   0.0000 
  0.0000   0.0000   0.0000   0.0000   0.0000   0.0000   0.0000   0.0000   0.0000   0.0000 
  0.0000   0.0000   0.0000   0.0000   0.0000   0.0000   0.0000   0.0000   0.0000   0.0000 
  0.0000   0.0000   0.0000   0.0000   0.0000   0.0000   0.0000   0.0000   0.0000   0.0000 
  0.0000   0.0000   0.0000   0.0000   0.0000   0.0000   0.0000   0.0000   0.0000   0.0000 
  0.0000   0.0000   0.0000   0.0000   0.0000   0.0000   0.0000   0.0000   0.0000   0.0000 
  0.0000   0.0000   0.0000   0.0000   0.0000   0.0000   0.0000   0.0000   0.0000   0.0000 
  0.0000   0.0000   0.0000   0.0000   0.0000   0.0000   0.0000   0.0000   0.0000   0.0000 
  0.0000   0.0000   0.0000   0.0000   0.0000   0.0000   0.0000   0.0000   0.0000   0.0000 
  0.0000   0.0000   0.0000   0.0000   0.0000   0.0000   0.0000   0.0000   0.0000   0.0000 
  0.0000   0.0000   0.0000   0.0000   0.0000   0.0000   0.0000   0.0000   0.0000   0.0000 
  0.0000   0.0000   0.0000   0.0000   0.0000   0.0000   0.0000   0.0000   0.0000   0.0000 
  0.0000   0.0000   0.0000   0.0000   0.0000   0.0000   0.0000   0.0000   0.0000   0.0000 
  0.0000   0.0000   0.0000   0.0000   0.0000   0.0000   0.0000   0.0000   0.0000   0.0000 
  0.0000   0.0000   0.0000   0.0000   0.0000   0.0000   0.0000   0.0000   0.0000   0.0000 
  0.0000   0.0000   0.0000   0.0000   0.0000   0.0000   0.0000   0.0000   0.0000   0.0000 
  0.0000   0.0000   0.0000   0.0000   0.0000   0.0000   0.0000   0.0000   0.0000   0.0000 
  0.0000   0.0000   0.0000   0.0000   0.0000   0.0000   0.0000   0.0000   0.0000   0.0000 
  0.0000   0.0000   0.0000   0.0000   0.0000   0.0000   0.0000   0.0000   0.0000   0.0000 
  0.0000   0.0000   0.0000   0.0000   0.0000   0.0000   0.0000   0.0000   0.0000   0.0000 
  0.0000   0.0000   0.0000   0.0000   0.0000   0.0000   0.0000   0.0000   0.0000   0.0000 
  0.0000   0.0000   0.0000   0.0000   0.0000   0.0000   0.0000   0.0000   0.0000   0.0000 
  0.0000   0.0000   0.0000   0.0000   0.0000   0.0000   0.0000   0.0000   0.0000   0.0000 
  0.0000   0.0000   0.0000   0.0000   0.0000   0.0000   0.0000   0.0000   0.0000   0.0000 
  0.0000   0.0000   0.0000   0.0000   0.0000   0.0000   0.0000   0.0000   0.0000   0.0000 
  0.0000   0.0000   0.0000   0.0000   0.0000   0.0000   0.0000   0.0000   0.0000   0.0000 
  0.0000   0.0000   0.0000   0.0000   0.0000   0.0000   0.0000   0.0000   0.0000   0.0000 
  0.0000   0.0000   0.0000   0.0000   0.0000   0.0000   0.0000   0.0000   0.0000   0.0000 
  0.0000   0.0000   0.0000   0.0000   0.0000   0.0000   0.0000   0.0000   0.0000   0.0000 
  0.0000   0.0000   0.0000   0.0000   0.0000   0.0000   0.0000   0.0000   0.0000   0.0000 
  0.0000   0.0000   0.0000   0.0000   0.0000   0.0000   0.0000   0.0000   0.0000   0.0000 
  0.0000   0.0000   0.0000   0.0000   0.0000   0.0000   0.0000   0.0000   0.0000   0.0000 
  0.0000   0.0000   0.0000   0.0000   0.0000   0.0000   0.0000   0.0000   0.0000   0.0000 
  0.0000   0.0000   0.0000   0.0000   0.0000   0.0000   0.0000   0.0000   0.0000   0.0000 
  0.0000   0.0000   0.0000   0.0000   0.0000   0.0000   0.0000   0.0000   0.0000   0.0000 
  0.0000   0.0000   0.0000   0.0000   0.0000   0.0000   0.0000   0.0000   0.0000   0.0000 
  0.0000   0.0000   0.0000   0.0000   0.0000   0.0000   0.0000   0.0000   0.0000   0.0000 
  0.0000   0.0000   0.0000   0.0000   0.0000   0.0000   0.0000   0.0000   0.0000   0.0000 
  0.0000   0.0000   0.0000   0.0000   0.0000   0.0000   0.0000   0.0000   0.0000   0.0000 
  0.0000   0.0000   0.0000   0.0000   0.0000   0.0000   0.0000   0.0000   0.0000   0.0000 
  0.0000   0.0000   0.0000   0.0000   0.0000   0.0000   0.0000   0.0000   0.0000   0.0000 
  0.0000   0.0000   0.0000   0.0000   0.0000   0.0000   0.0000   0.0000   0.0000   0.0000 
  0.0000   0.0000   0.0000   0.0000   0.0000   0.0000   0.0000   0.0000   0.0000   0.0000 
  0.0000   0.0000   0.0000   0.0000   0.0000   0.0000   0.0000   0.0000   0.0000   0.0000 
  0.0000   0.0000   0.0000   0.0000   0.0000   0.0000   0.0000   0.0000   0.0000   0.0000 
  0.0000   0.0000   0.0000   0.0000   0.0000   0.0000   0.0000   0.0000   0.0000   0.0000 
  0.0000   0.0000   0.0000   0.0000   0.0000   0.0000   0.0000   0.0000   0.0000   0.0000 
  0.0000   0.0000   0.0000   0.0000   0.0000   0.0000   0.0000   0.0000   0.0000   0.0000 
  0.0000   0.0000   0.0000   0.0000   0.0000   0.0000   0.0000   0.0000   0.0000   0.0000 
  0.0000   0.0000   0.0000   0.0000   0.0000   0.0000   0.0000   0.0000   0.0000   0.0000 
  0.0000   0.0000   0.0000   0.0000   0.0000   0.0000   0.0000   0.0000   0.0000   0.0000 
  0.0000   0.0000   0.0000   0.0000   0.0000   0.0000   0.0000   0.0000   0.0000   0.0000 
  0.0000   0.0000   0.0000   0.0000   0.0000   0.0000   0.0000   0.0000   0.0000   0.0000 
  0.0000   0.0000   0.0000   0.0000   0.0000   0.0000   0.0000   0.0000   0.0000   0.0000 
  0.0000   0.0000   0.0000   0.0000   0.0000   0.0000   0.0000   0.0000   0.0000   0.0000 
  0.0000   0.0000   0.0000   0.0000   0.0000   0.0000   0.0000   0.0000   0.0000   0.0000 
  0.0000   0.0000   0.0000   0.0000   0.0000   0.0000   0.0000   0.0000   0.0000   0.0000 
  0.0000   0.0000   0.0000   0.0000   0.0000   0.0000   0.0000   0.0000   0.0000   0.0000 
  0.0000   0.0000   0.0000   0.0000   0.0000   0.0000   0.0000   0.0000   0.0000   0.0000 
  0.0000   0.0000   0.0000   0.0000   0.0000   0.0000   0.0000   0.0000   0.0000   0.0000 
  0.0000   0.0000   0.0000   0.0000   0.0000   0.0000   0.0000   0.0000   0.0000   0.0000 
  0.0000   0.0000   0.0000   0.0000   0.0000   0.0000   0.0000   0.0000   0.0000   0.0000 
  0.0000   0.0000   0.0000   0.0000   0.0000   0.0000   0.0000   0.0000   0.0000   0.0000 
  0.0000   0.0000   0.0000   0.0000   0.0000   0.0000   0.0000   0.0000   0.0000   0.0000 
  0.0000   0.0000   0.0000   0.0000   0.0000   0.0000   0.0000   0.0000   0.0000   0.0000 
  0.0000   0.0000   0.0000   0.0000   0.0000   0.0000   0.0000   0.0000   0.0000   0.0000 
  0.0000   0.0000   0.0000   0.0000   0.0000   0.0000   0.0000   0.0000   0.0000   0.0000 
  0.0000   0.0000   0.0000   0.0000   0.0000   0.0000   0.0000   0.0000   0.0000   0.0000 
  0.0000   0.0000   0.0000   0.0000   0.0000   0.0000   0.0000   0.0000   0.0000   0.0000 
  0.0000   0.0000   0.0000   0.0000   0.0000   0.0000   0.0000   0.0000   0.0000   0.0000 
  0.0000   0.0000   0.0000   0.0000   0.0000   0.0000   0.0000   0.0000   0.0000   0.0000 
  0.0000   0.0000   0.0000   0.0000   0.0000   0.0000   0.0000   0.0000   0.0000   0.0000 
  0.0000   0.0000   0.0000   0.0000   0.0000   0.0000   0.0000   0.0000   0.0000   0.0000 
  0.0000   0.0000   0.0000   0.0000   0.0000   0.0000   0.0000   0.0000   0.0000   0.0000 
  0.0000   0.0000   0.0000   0.0000   0.0000   0.0000   0.0000   0.0000   0.0000   0.0000 
  0.0000   0.0000   0.0000   0.0000   0.0000   0.0000   0.0000   0.0000   0.0000   0.0000 
  0.0000   0.0000   0.0000   0.0000   0.0000   0.0000   0.0000   0.0000   0.0000   0.0000 
  0.0000   0.0000   0.0000   0.0000   0.0000   0.0000   0.0000   0.0000   0.0000   0.0000 
  0.0000   0.0000   0.0000   0.0000   0.0000   0.0000   0.0000   0.0000   0.0000   0.0000 
  0.0000   0.0000   0.0000   0.0000   0.0000   0.0000   0.0000   0.0000   0.0000   0.0000 
  0.0000   0.0000   0.0000   0.0000   0.0000   0.0000   0.0000   0.0000   0.0000   0.0000 
  0.0000   0.0000   0.0000   0.0000   0.0000   0.0000   0.0000   0.0000   0.0000   0.0000 
  0.0000   0.0000   0.0000   0.0000   0.0000   0.0000   0.0000   0.0000   0.0000   0.0000 
  0.0000   0.0000   0.0000   0.0000   0.0000   0.0000   0.0000   0.0000   0.0000   0.0000 
