IMU Time data

 22.1620  33.8220  41.6820  49.4820  58.1020  65.7620  74.7620  83.6620  90.4220  98.6820 
 22.1820  33.8420  41.7020  49.5020  58.1220  65.7820  74.7820  83.6820  90.4420  98.7020 
 22.2020  33.8620  41.7220  49.5220  58.1420  65.8020  74.8020  83.7020  90.4620  98.7220 
 22.2220  33.8820  41.7420  49.5420  58.1620  65.8220  74.8220  83.7220  90.4820  98.7420 
 22.2420  33.9020  41.7620  49.5620  58.1820  65.8420  74.8420  83.7420  90.5020  98.7620 
 22.2620  33.9220  41.7820  49.5820  58.2020  65.8620  74.8620  83.7620  90.5220  98.7820 
 22.2820  33.9420  41.8020  49.6020  58.2220  65.8820  74.8820  83.7820  90.5420  98.8020 
 22.3020  33.9620  41.8220  49.6220  58.2420  65.9020  74.9020  83.8020  90.5620  98.8220 
 22.3220  33.9820  41.8420  49.6420  58.2620  65.9220  74.9220  83.8220  90.5820  98.8420 
 22.3420  34.0020  41.8620  49.6620  58.2820  65.9420  74.9420  83.8420  90.6020  98.8620 
 22.3620  34.0220  41.8820  49.6820  58.3020  65.9620  74.9620  83.8620  90.6220  98.8820 
 22.3820  34.0420  41.9020  49.7020  58.3220  65.9820  74.9820  83.8820  90.6420  98.9020 
 22.4020  34.0620  41.9220  49.7220  58.3420  66.0020  75.0020  83.9020  90.6620  98.9220 
 22.4220  34.0820  41.9420  49.7420  58.3620  66.0220  75.0220  83.9220  90.6820  98.9420 
 22.4420  34.1020  41.9620  49.7620  58.3820  66.0420  75.0420  83.9420  90.7020  98.9620 
 22.4620  34.1220  41.9820  49.7820  58.4020  66.0620  75.0620  83.9620  90.7220  98.9820 
 22.4820  34.1420  42.0020  49.8020  58.4220  66.0820  75.0820  83.9820  90.7420  99.0020 
 22.5020  34.1620  42.0220  49.8220  58.4420  66.1020  75.1020  84.0020  90.7620  99.0220 
 22.5220  34.1820  42.0420  49.8420  58.4620  66.1220  75.1220  84.0220  90.7820  99.0420 
 22.5420  34.2020  42.0620  49.8620  58.4820  66.1420  75.1420  84.0420  90.8020  99.0620 
 22.5620  34.2220  42.0820  49.8820  58.5020  66.1620  75.1620  84.0620  90.8220  99.0820 
 22.5820  34.2420  42.1020  49.9020  58.5220  66.1820  75.1820  84.0820  90.8420  99.1020 
 22.6020  34.2620  42.1220  49.9220  58.5420  66.2020  75.2020  84.1020  90.8620  99.1220 
 22.6220  34.2820  42.1420  49.9420  58.5620  66.2220  75.2220  84.1220  90.8820  99.1420 
 22.6420  34.3020  42.1620  49.9620  58.5820  66.2420  75.2420  84.1420  90.9020  99.1620 
 22.6620  34.3220  42.1820  49.9820  58.6020  66.2620  75.2620  84.1620  90.9220  99.1820 
 22.6820  34.3420  42.2020  50.0020  58.6220  66.2820  75.2820  84.1820  90.9420  99.2020 
 22.7020  34.3620  42.2220  50.0220  58.6420  66.3020  75.3020  84.2020  90.9620  99.2220 
 22.7220  34.3820  42.2420  50.0420  58.6620  66.3220  75.3220  84.2220  90.9820  99.2420 
 22.7420  34.4020  42.2620  50.0620  58.6820  66.3420  75.3420  84.2420  91.0020  99.2620 
 22.7620  34.4220  42.2820  50.0820  58.7020  66.3620  75.3620  84.2620  91.0220  99.2820 
 22.7820  34.4420  42.3020  50.1020  58.7220  66.3820  75.3820  84.2820  91.0420  99.3020 
 22.8020  34.4620  42.3220  50.1220  58.7420  66.4020  75.4020  84.3020  91.0620  99.3220 
 22.8220  34.4820  42.3420  50.1420  58.7620  66.4220  75.4220  84.3220  91.0820  99.3420 
 22.8420  34.5020  42.3620  50.1620  58.7820  66.4420  75.4420  84.3420  91.1020  99.3620 
 22.8620  34.5220  42.3820  50.1820  58.8020  66.4620  75.4620  84.3620  91.1220  99.3820 
 22.8820  34.5420  42.4020  50.2020  58.8220  66.4820  75.4820  84.3820  91.1420  99.4020 
 22.9020  34.5620  42.4220  50.2220  58.8420  66.5020  75.5020  84.4020  91.1620  99.4220 
 22.9220  34.5820  42.4420  50.2420  58.8620  66.5220  75.5220  84.4220  91.1820  99.4420 
 22.9420  34.6020  42.4620  50.2620  58.8820  66.5420  75.5420  84.4420  91.2020  99.4620 
 22.9620  34.6220  42.4820  50.2820  58.9020  66.5620  75.5620  84.4620  91.2220  99.4820 
 22.9820  34.6420  42.5020  50.3020  58.9220  66.5820  75.5820  84.4820  91.2420  99.5020 
 23.0020  34.6620  42.5220  50.3220  58.9420  66.6020  75.6020  84.5020  91.2620  99.5220 
 23.0220  34.6820  42.5420  50.3420  58.9620  66.6220  75.6220  84.5220  91.2820  99.5420 
 23.0420  34.7020  42.5620  50.3620  58.9820  66.6420  75.6420  84.5420  91.3020  99.5620 
 23.0620  34.7220  42.5820  50.3820  59.0020  66.6620  75.6620  84.5620  91.3220  99.5820 
 23.0820  34.7420  42.6020  50.4020  59.0220  66.6820  75.6820  84.5820  91.3420  99.6020 
 23.1020  34.7620  42.6220  50.4220  59.0420  66.7020  75.7020  84.6020  91.3620  99.6220 
 23.1220  34.7820  42.6420  50.4420  59.0620  66.7220  75.7220  84.6220  91.3820  99.6420 
 23.1420  34.8020  42.6620  50.4620  59.0820  66.7420  75.7420  84.6420  91.4020  99.6620 
 23.1620  34.8220  42.6820  50.4820  59.1020  66.7620  75.7620  84.6620  91.4220  99.6820 
 23.1820  34.8420  42.7020  50.5020  59.1220  66.7820  75.7820  84.6820  91.4420  99.7020 
 23.2020  34.8620  42.7220  50.5220  59.1420  66.8020  75.8020  84.7020  91.4620  99.7220 
 23.2220  34.8820  42.7420  50.5420  59.1620  66.8220  75.8220  84.7220  91.4820  99.7420 
 23.2420  34.9020  42.7620  50.5620  59.1820  66.8420  75.8420  84.7420  91.5020  99.7620 
 23.2620  34.9220  42.7820  50.5820  59.2020  66.8620  75.8620  84.7620  91.5220  99.7820 
 23.2820  34.9420  42.8020  50.6020  59.2220  66.8820  75.8820  84.7820  91.5420  99.8020 
 23.3020  34.9620  42.8220  50.6220  59.2420  66.9020  75.9020  84.8020  91.5620  99.8220 
 23.3220  34.9820  42.8420  50.6420  59.2620  66.9220  75.9220  84.8220  91.5820  99.8420 
 23.3420  35.0020  42.8620  50.6620  59.2820  66.9420  75.9420  84.8420  91.6020  99.8620 
 23.3620  35.0220  42.8820  50.6820  59.3020  66.9620  75.9620  84.8620  91.6220  99.8820 
 23.3820  35.0420  42.9020  50.7020  59.3220  66.9820  75.9820  84.8820  91.6420  99.9020 
 23.4020  35.0620  42.9220  50.7220  59.3420  67.0020  76.0020  84.9020  91.6620  99.9220 
 23.4220  35.0820  42.9420  50.7420  59.3620  67.0220  76.0220  84.9220  91.6820  99.9420 
 23.4420  35.1020  42.9620  50.7620  59.3820  67.0420  76.0420  84.9420  91.7020  99.9620 
 23.4620  35.1220  42.9820  50.7820  59.4020  67.0620  76.0620  84.9620  91.7220  99.9820 
 23.4820  35.1420  43.0020  50.8020  59.4220  67.0820  76.0820  84.9820  91.7420 100.0020 
 23.5020  35.1620  43.0220  50.8220  59.4420  67.1020  76.1020  85.0020  91.7620 100.0220 
 23.5220  35.1820  43.0420  50.8420  59.4620  67.1220  76.1220  85.0220  91.7820 100.0420 
 23.5420  35.2020  43.0620  50.8620  59.4820  67.1420  76.1420  85.0420  91.8020 100.0620 
 23.5620  35.2220  43.0820  50.8820  59.5020  67.1620  76.1620  85.0620  91.8220 100.0820 
 23.5820  35.2420  43.1020  50.9020  59.5220  67.1820  76.1820  85.0820  91.8420 100.1020 
 23.6020  35.2620  43.1220  50.9220  59.5420  67.2020  76.2020  85.1020  91.8620 100.1220 
 23.6220  35.2820  43.1420  50.9420  59.5620  67.2220  76.2220  85.1220  91.8820 100.1420 
 23.6420  35.3020  43.1620  50.9620  59.5820  67.2420  76.2420  85.1420  91.9020 100.1620 
 23.6620  35.3220  43.1820  50.9820  59.6020  67.2620  76.2620  85.1620  91.9220 100.1820 
 23.6820  35.3420  43.2020  51.0020  59.6220  67.2820  76.2820  85.1820  91.9420 100.2020 
 23.7020  35.3620  43.2220  51.0220  59.6420  67.3020  76.3020  85.2020  91.9620 100.2220 
 23.7220  35.3820  43.2420  51.0420  59.6620  67.3220  76.3220  85.2220  91.9820 100.2420 
 23.7420  35.4020  43.2620  51.0620  59.6820  67.3420  76.3420  85.2420  92.0020 100.2620 
 23.7620  35.4220  43.2820  51.0820  59.7020  67.3620  76.3620  85.2620  92.0220 100.2820 
 23.7820  35.4420  43.3020  51.1020  59.7220  67.3820  76.3820  85.2820  92.0420 100.3020 
 23.8020  35.4620  43.3220  51.1220  59.7420  67.4020  76.4020  85.3020  92.0620 100.3220 
 23.8220  35.4820  43.3420  51.1420  59.7620  67.4220  76.4220  85.3220  92.0820 100.3420 
 23.8420  35.5020  43.3620  51.1620  59.7820  67.4420  76.4420  85.3420  92.1020 100.3620 
 23.8620  35.5220  43.3820  51.1820  59.8020  67.4620  76.4620  85.3620  92.1220 100.3820 
 23.8820  35.5420  43.4020  51.2020  59.8220  67.4820  76.4820  85.3820  92.1420 100.4020 
 23.9020  35.5620  43.4220  51.2220  59.8420  67.5020  76.5020  85.4020  92.1620 100.4220 
 23.9220  35.5820  43.4420  51.2420  59.8620  67.5220  76.5220  85.4220  92.1820 100.4420 
 23.9420  35.6020  43.4620  51.2620  59.8820  67.5420  76.5420  85.4420  92.2020 100.4620 
 23.9620  35.6220  43.4820  51.2820  59.9020  67.5620  76.5620  85.4620  92.2220 100.4820 
 23.9820  35.6420  43.5020  51.3020  59.9220  67.5820  76.5820  85.4820  92.2420 100.5020 
 24.0020  35.6620  43.5220  51.3220  59.9420  67.6020  76.6020  85.5020  92.2620 100.5220 
 24.0220  35.6820  43.5420  51.3420  59.9620  67.6220  76.6220  85.5220  92.2820 100.5420 
 24.0420  35.7020  43.5620  51.3620  59.9820  67.6420  76.6420  85.5420  92.3020 100.5620 
 24.0620  35.7220  43.5820  51.3820  60.0020  67.6620  76.6620  85.5620  92.3220 100.5820 
 24.0820  35.7420  43.6020  51.4020  60.0220  67.6820  76.6820  85.5820  92.3420 100.6020 
 24.1020  35.7620  43.6220  51.4220  60.0420  67.7020  76.7020  85.6020  92.3620 100.6220 
 24.1220  35.7820  43.6420  51.4420  60.0620  67.7220  76.7220  85.6220  92.3820 100.6420 
 24.1420  35.8020  43.6620  51.4620  60.0820  67.7420  76.7420  85.6420  92.4020 100.6620 
 24.1620  35.8220  43.6820  51.4820  60.1020  67.7620  76.7620  85.6620  92.4220 100.6820 
 24.1820  35.8420  43.7020  51.5020  60.1220  67.7820  76.7820  85.6820  92.4420 100.7020 
 24.2020  35.8620  43.7220  51.5220  60.1420  67.8020  76.8020  85.7020  92.4620 100.7220 
 24.2220  35.8820  43.7420  51.5420  60.1620  67.8220  76.8220  85.7220  92.4820 100.7420 
 24.2420  35.9020  43.7620  51.5620  60.1820  67.8420  76.8420  85.7420  92.5020 100.7620 
 24.2620  35.9220  43.7820  51.5820  60.2020  67.8620  76.8620  85.7620  92.5220 100.7820 
 24.2820  35.9420  43.8020  51.6020  60.2220  67.8820  76.8820  85.7820  92.5420 100.8020 
 24.3020  35.9620  43.8220  51.6220  60.2420  67.9020  76.9020  85.8020  92.5620 100.8220 
 24.3220  35.9820  43.8420  51.6420  60.2620  67.9220  76.9220  85.8220  92.5820 100.8420 
 24.3420  36.0020  43.8620  51.6620  60.2820  67.9420  76.9420  85.8420  92.6020 100.8620 
 24.3620  36.0220  43.8820  51.6820  60.3020  67.9620  76.9620  85.8620  92.6220 100.8820 
 24.3820  36.0420  43.9020  51.7020  60.3220  67.9820  76.9820  85.8820  92.6420 100.9020 
 24.4020  36.0620  43.9220  51.7220  60.3420  68.0020  77.0020  85.9020  92.6620 100.9220 
 24.4220  36.0820  43.9420  51.7420  60.3620  68.0220  77.0220  85.9220  92.6820 100.9420 
 24.4420  36.1020  43.9620  51.7620  60.3820  68.0420  77.0420  85.9420  92.7020 100.9620 
 24.4620  36.1220  43.9820  51.7820  60.4020  68.0620  77.0620  85.9620  92.7220 100.9820 
 24.4820  36.1420  44.0020  51.8020  60.4220  68.0820  77.0820  85.9820  92.7420 101.0020 
 24.5020  36.1620  44.0220  51.8220  60.4420  68.1020  77.1020  86.0020  92.7620 101.0220 
 24.5220  36.1820  44.0420  51.8420  60.4620  68.1220  77.1220  86.0220  92.7820 101.0420 
 24.5420  36.2020  44.0620  51.8620  60.4820  68.1420  77.1420  86.0420  92.8020 101.0620 
 24.5620  36.2220  44.0820  51.8820  60.5020  68.1620  77.1620  86.0620  92.8220 101.0820 
 24.5820  36.2420  44.1020  51.9020  60.5220  68.1820  77.1820  86.0820  92.8420 101.1020 
 24.6020  36.2620  44.1220  51.9220  60.5420  68.2020  77.2020  86.1020  92.8620 101.1220 
 24.6220  36.2820  44.1420  51.9420  60.5620  68.2220  77.2220  86.1220  92.8820 101.1420 
 24.6420  36.3020  44.1620  51.9620  60.5820  68.2420  77.2420  86.1420  92.9020 101.1620 
 24.6620  36.3220  44.1820  51.9820  60.6020  68.2620  77.2620  86.1620  92.9220 101.1820 
 24.6820  36.3420  44.2020  52.0020  60.6220  68.2820  77.2820  86.1820  92.9420 101.2020 
 24.7020  36.3620  44.2220  52.0220  60.6420  68.3020  77.3020  86.2020  92.9620 101.2220 
 24.7220  36.3820  44.2420  52.0420  60.6620  68.3220  77.3220  86.2220  92.9820 101.2420 
 24.7420  36.4020  44.2620  52.0620  60.6820  68.3420  77.3420  86.2420  93.0020 101.2620 
 24.7620  36.4220  44.2820  52.0820  60.7020  68.3620  77.3620  86.2620  93.0220 101.2820 
 24.7820  36.4420  44.3020  52.1020  60.7220  68.3820  77.3820  86.2820  93.0420 101.3020 
 24.8020  36.4620  44.3220  52.1220  60.7420  68.4020  77.4020  86.3020  93.0620 101.3220 
 24.8220  36.4820  44.3420  52.1420  60.7620  68.4220  77.4220  86.3220  93.0820 101.3420 
 24.8420  36.5020  44.3620  52.1620  60.7820  68.4420  77.4420  86.3420  93.1020 101.3620 
 24.8620  36.5220  44.3820  52.1820  60.8020  68.4620  77.4620  86.3620  93.1220 101.3820 
 24.8820  36.5420  44.4020  52.2020  60.8220  68.4820  77.4820  86.3820  93.1420 101.4020 
 24.9020  36.5620  44.4220  52.2220  60.8420  68.5020  77.5020  86.4020  93.1620 101.4220 
 24.9220  36.5820  44.4420  52.2420  60.8620  68.5220  77.5220  86.4220  93.1820 101.4420 
 24.9420  36.6020  44.4620  52.2620  60.8820  68.5420  77.5420  86.4420  93.2020 101.4620 
 24.9620  36.6220  44.4820  52.2820  60.9020  68.5620  77.5620  86.4620  93.2220 101.4820 
 24.9820  36.6420  44.5020  52.3020  60.9220  68.5820  77.5820  86.4820  93.2420 101.5020 
 25.0020  36.6620  44.5220  52.3220  60.9420  68.6020  77.6020  86.5020  93.2620 101.5220 
 25.0220  36.6820  44.5420  52.3420  60.9620  68.6220  77.6220  86.5220  93.2820 101.5420 
 25.0420  36.7020  44.5620  52.3620  60.9820  68.6420  77.6420  86.5420  93.3020 101.5620 
 25.0620  36.7220  44.5820  52.3820  61.0020  68.6620  77.6620  86.5620  93.3220 101.5820 
 25.0820  36.7420  44.6020  52.4020  61.0220  68.6820  77.6820  86.5820  93.3420 101.6020 
 25.1020  36.7620  44.6220  52.4220  61.0420  68.7020  77.7020  86.6020  93.3620 101.6220 
 25.1220  36.7820  44.6420  52.4420  61.0620  68.7220  77.7220  86.6220  93.3820 101.6420 
 25.1420  36.8020  44.6620  52.4620  61.0820  68.7420  77.7420  86.6420  93.4020 101.6620 
 25.1620  36.8220  44.6820  52.4820  61.1020  68.7620  77.7620  86.6620  93.4220 101.6820 
 25.1820  36.8420  44.7020  52.5020  61.1220  68.7820  77.7820  86.6820  93.4420 101.7020 
 25.2020  36.8620  44.7220  52.5220  61.1420  68.8020  77.8020  86.7020  93.4620 101.7220 
 25.2220  36.8820  44.7420  52.5420  61.1620  68.8220  77.8220  86.7220  93.4820 101.7420 
 25.2420  36.9020  44.7620  52.5620  61.1820  68.8420  77.8420  86.7420  93.5020 101.7620 
 25.2620  36.9220  44.7820  52.5820  61.2020  68.8620  77.8620  86.7620  93.5220 101.7820 
 25.2820  36.9420  44.8020  52.6020  61.2220  68.8820  77.8820   0.0000  93.5420 101.8020 
 25.3020  36.9620  44.8220  52.6220  61.2420  68.9020  77.9020   0.0000  93.5620 101.8220 
 25.3220  36.9820  44.8420  52.6420  61.2620  68.9220  77.9220   0.0000  93.5820 101.8420 
 25.3420  37.0020  44.8620  52.6620  61.2820  68.9420  77.9420   0.0000  93.6020 101.8620 
 25.3620  37.0220  44.8820  52.6820  61.3020  68.9620  77.9620   0.0000  93.6220 101.8820 
 25.3820  37.0420  44.9020  52.7020  61.3220  68.9820  77.9820   0.0000  93.6420 101.9020 
 25.4020  37.0620  44.9220  52.7220  61.3420  69.0020  78.0020   0.0000  93.6620 101.9220 
 25.4220  37.0820  44.9420  52.7420  61.3620  69.0220  78.0220   0.0000  93.6820 101.9420 
 25.4420  37.1020  44.9620  52.7620  61.3820  69.0420  78.0420   0.0000  93.7020 101.9620 
 25.4620  37.1220  44.9820  52.7820  61.4020  69.0620  78.0620   0.0000  93.7220 101.9820 
 25.4820  37.1420  45.0020  52.8020  61.4220  69.0820  78.0820   0.0000  93.7420 102.0020 
 25.5020  37.1620  45.0220  52.8220  61.4420  69.1020  78.1020   0.0000  93.7620 102.0220 
 25.5220  37.1820  45.0420  52.8420  61.4620  69.1220  78.1220   0.0000  93.7820 102.0420 
 25.5420  37.2020  45.0620  52.8620  61.4820  69.1420  78.1420   0.0000  93.8020 102.0620 
 25.5620  37.2220  45.0820  52.8820  61.5020  69.1620  78.1620   0.0000  93.8220 102.0820 
 25.5820  37.2420  45.1020  52.9020  61.5220  69.1820  78.1820   0.0000  93.8420 102.1020 
 25.6020  37.2620  45.1220  52.9220  61.5420  69.2020  78.2020   0.0000  93.8620   0.0000 
 25.6220  37.2820  45.1420  52.9420  61.5620  69.2220  78.2220   0.0000  93.8820   0.0000 
 25.6420  37.3020  45.1620  52.9620  61.5820  69.2420  78.2420   0.0000  93.9020   0.0000 
 25.6620  37.3220  45.1820  52.9820  61.6020  69.2620  78.2620   0.0000  93.9220   0.0000 
 25.6820  37.3420  45.2020  53.0020  61.6220  69.2820  78.2820   0.0000  93.9420   0.0000 
 25.7020  37.3620  45.2220  53.0220  61.6420  69.3020  78.3020   0.0000  93.9620   0.0000 
 25.7220  37.3820  45.2420  53.0420  61.6620  69.3220  78.3220   0.0000  93.9820   0.0000 
 25.7420  37.4020  45.2620  53.0620  61.6820  69.3420  78.3420   0.0000  94.0020   0.0000 
 25.7620  37.4220  45.2820  53.0820  61.7020  69.3620  78.3620   0.0000  94.0220   0.0000 
 25.7820  37.4420  45.3020  53.1020  61.7220  69.3820  78.3820   0.0000  94.0420   0.0000 
 25.8020  37.4620  45.3220  53.1220  61.7420  69.4020  78.4020   0.0000  94.0620   0.0000 
 25.8220  37.4820  45.3420  53.1420  61.7620  69.4220  78.4220   0.0000  94.0820   0.0000 
 25.8420  37.5020  45.3620  53.1620  61.7820  69.4420  78.4420   0.0000  94.1020   0.0000 
 25.8620  37.5220  45.3820  53.1820  61.8020  69.4620  78.4620   0.0000  94.1220   0.0000 
 25.8820  37.5420  45.4020  53.2020  61.8220  69.4820  78.4820   0.0000  94.1420   0.0000 
 25.9020  37.5620  45.4220  53.2220  61.8420  69.5020  78.5020   0.0000  94.1620   0.0000 
 25.9220  37.5820  45.4420  53.2420  61.8620  69.5220  78.5220   0.0000  94.1820   0.0000 
 25.9420  37.6020  45.4620  53.2620  61.8820  69.5420  78.5420   0.0000  94.2020   0.0000 
 25.9620  37.6220  45.4820  53.2820  61.9020  69.5620  78.5620   0.0000  94.2220   0.0000 
 25.9820  37.6420  45.5020  53.3020  61.9220  69.5820  78.5820   0.0000  94.2420   0.0000 
 26.0020  37.6620  45.5220  53.3220  61.9420  69.6020  78.6020   0.0000  94.2620   0.0000 
 26.0220  37.6820  45.5420  53.3420  61.9620  69.6220  78.6220   0.0000  94.2820   0.0000 
 26.0420  37.7020  45.5620  53.3620  61.9820  69.6420  78.6420   0.0000  94.3020   0.0000 
 26.0620  37.7220  45.5820  53.3820  62.0020  69.6620  78.6620   0.0000  94.3220   0.0000 
 26.0820  37.7420  45.6020  53.4020  62.0220  69.6820  78.6820   0.0000  94.3420   0.0000 
 26.1020  37.7620  45.6220  53.4220  62.0420  69.7020  78.7020   0.0000  94.3620   0.0000 
 26.1220  37.7820  45.6420  53.4420  62.0620  69.7220  78.7220   0.0000  94.3820   0.0000 
 26.1420  37.8020  45.6620  53.4620  62.0820  69.7420  78.7420   0.0000  94.4020   0.0000 
 26.1620  37.8220  45.6820  53.4820  62.1020  69.7620  78.7620   0.0000  94.4220   0.0000 
 26.1820  37.8420  45.7020  53.5020  62.1220  69.7820  78.7820   0.0000  94.4420   0.0000 
 26.2020  37.8620  45.7220  53.5220  62.1420  69.8020  78.8020   0.0000  94.4620   0.0000 
 26.2220  37.8820  45.7420  53.5420  62.1620  69.8220  78.8220   0.0000  94.4820   0.0000 
 26.2420  37.9020  45.7620  53.5620  62.1820  69.8420  78.8420   0.0000  94.5020   0.0000 
 26.2620  37.9220  45.7820  53.5820  62.2020  69.8620  78.8620   0.0000  94.5220   0.0000 
 26.2820  37.9420  45.8020  53.6020  62.2220  69.8820  78.8820   0.0000  94.5420   0.0000 
 26.3020  37.9620  45.8220  53.6220  62.2420  69.9020  78.9020   0.0000  94.5620   0.0000 
 26.3220  37.9820  45.8420  53.6420  62.2620  69.9220  78.9220   0.0000  94.5820   0.0000 
 26.3420  38.0020  45.8620  53.6620  62.2820  69.9420  78.9420   0.0000  94.6020   0.0000 
 26.3620  38.0220  45.8820  53.6820   0.0000  69.9620  78.9620   0.0000  94.6220   0.0000 
 26.3820  38.0420  45.9020  53.7020   0.0000  69.9820  78.9820   0.0000  94.6420   0.0000 
 26.4020  38.0620  45.9220  53.7220   0.0000  70.0020  79.0020   0.0000  94.6620   0.0000 
 26.4220  38.0820  45.9420  53.7420   0.0000  70.0220  79.0220   0.0000  94.6820   0.0000 
 26.4420  38.1020  45.9620  53.7620   0.0000  70.0420  79.0420   0.0000  94.7020   0.0000 
 26.4620  38.1220  45.9820  53.7820   0.0000  70.0620  79.0620   0.0000  94.7220   0.0000 
 26.4820  38.1420  46.0020  53.8020   0.0000  70.0820  79.0820   0.0000   0.0000   0.0000 
 26.5020  38.1620  46.0220  53.8220   0.0000  70.1020  79.1020   0.0000   0.0000   0.0000 
 26.5220  38.1820  46.0420  53.8420   0.0000  70.1220  79.1220   0.0000   0.0000   0.0000 
 26.5420  38.2020  46.0620  53.8620   0.0000  70.1420  79.1420   0.0000   0.0000   0.0000 
 26.5620  38.2220  46.0820  53.8820   0.0000  70.1620  79.1620   0.0000   0.0000   0.0000 
 26.5820  38.2420  46.1020  53.9020   0.0000  70.1820  79.1820   0.0000   0.0000   0.0000 
 26.6020  38.2620   0.0000  53.9220   0.0000  70.2020  79.2020   0.0000   0.0000   0.0000 
 26.6220  38.2820   0.0000  53.9420   0.0000  70.2220  79.2220   0.0000   0.0000   0.0000 
 26.6420  38.3020   0.0000  53.9620   0.0000  70.2420  79.2420   0.0000   0.0000   0.0000 
 26.6620  38.3220   0.0000  53.9820   0.0000  70.2620  79.2620   0.0000   0.0000   0.0000 
 26.6820  38.3420   0.0000  54.0020   0.0000  70.2820  79.2820   0.0000   0.0000   0.0000 
 26.7020  38.3620   0.0000  54.0220   0.0000  70.3020  79.3020   0.0000   0.0000   0.0000 
 26.7220  38.3820   0.0000  54.0420   0.0000  70.3220  79.3220   0.0000   0.0000   0.0000 
 26.7420  38.4020   0.0000  54.0620   0.0000  70.3420  79.3420   0.0000   0.0000   0.0000 
 26.7620  38.4220   0.0000  54.0820   0.0000  70.3620  79.3620   0.0000   0.0000   0.0000 
 26.7820  38.4420   0.0000  54.1020   0.0000  70.3820  79.3820   0.0000   0.0000   0.0000 
 26.8020  38.4620   0.0000  54.1220   0.0000  70.4020  79.4020   0.0000   0.0000   0.0000 
 26.8220  38.4820   0.0000  54.1420   0.0000  70.4220  79.4220   0.0000   0.0000   0.0000 
 26.8420  38.5020   0.0000  54.1620   0.0000  70.4420  79.4420   0.0000   0.0000   0.0000 
 26.8620  38.5220   0.0000  54.1820   0.0000  70.4620  79.4620   0.0000   0.0000   0.0000 
 26.8820  38.5420   0.0000  54.2020   0.0000  70.4820  79.4820   0.0000   0.0000   0.0000 
 26.9020  38.5620   0.0000  54.2220   0.0000  70.5020  79.5020   0.0000   0.0000   0.0000 
 26.9220  38.5820   0.0000  54.2420   0.0000  70.5220  79.5220   0.0000   0.0000   0.0000 
 26.9420  38.6020   0.0000  54.2620   0.0000  70.5420  79.5420   0.0000   0.0000   0.0000 
 26.9620  38.6220   0.0000  54.2820   0.0000  70.5620  79.5620   0.0000   0.0000   0.0000 
 26.9820  38.6420   0.0000  54.3020   0.0000  70.5820  79.5820   0.0000   0.0000   0.0000 
 27.0020  38.6620   0.0000  54.3220   0.0000  70.6020  79.6020   0.0000   0.0000   0.0000 
 27.0220  38.6820   0.0000  54.3420   0.0000  70.6220  79.6220   0.0000   0.0000   0.0000 
 27.0420  38.7020   0.0000  54.3620   0.0000  70.6420  79.6420   0.0000   0.0000   0.0000 
 27.0620  38.7220   0.0000  54.3820   0.0000  70.6620   0.0000   0.0000   0.0000   0.0000 
 27.0820  38.7420   0.0000  54.4020   0.0000  70.6820   0.0000   0.0000   0.0000   0.0000 
 27.1020  38.7620   0.0000  54.4220   0.0000  70.7020   0.0000   0.0000   0.0000   0.0000 
 27.1220  38.7820   0.0000  54.4420   0.0000  70.7220   0.0000   0.0000   0.0000   0.0000 
 27.1420  38.8020   0.0000  54.4620   0.0000  70.7420   0.0000   0.0000   0.0000   0.0000 
 27.1620  38.8220   0.0000  54.4820   0.0000  70.7620   0.0000   0.0000   0.0000   0.0000 
 27.1820  38.8420   0.0000  54.5020   0.0000  70.7820   0.0000   0.0000   0.0000   0.0000 
 27.2020  38.8620   0.0000  54.5220   0.0000  70.8020   0.0000   0.0000   0.0000   0.0000 
 27.2220  38.8820   0.0000  54.5420   0.0000  70.8220   0.0000   0.0000   0.0000   0.0000 
 27.2420  38.9020   0.0000  54.5620   0.0000  70.8420   0.0000   0.0000   0.0000   0.0000 
 27.2620  38.9220   0.0000  54.5820   0.0000  70.8620   0.0000   0.0000   0.0000   0.0000 
 27.2820  38.9420   0.0000  54.6020   0.0000  70.8820   0.0000   0.0000   0.0000   0.0000 
 27.3020  38.9620   0.0000  54.6220   0.0000  70.9020   0.0000   0.0000   0.0000   0.0000 
 27.3220  38.9820   0.0000  54.6420   0.0000  70.9220   0.0000   0.0000   0.0000   0.0000 
 27.3420  39.0020   0.0000   0.0000   0.0000  70.9420   0.0000   0.0000   0.0000   0.0000 
 27.3620  39.0220   0.0000   0.0000   0.0000  70.9620   0.0000   0.0000   0.0000   0.0000 
 27.3820  39.0420   0.0000   0.0000   0.0000  70.9820   0.0000   0.0000   0.0000   0.0000 
 27.4020  39.0620   0.0000   0.0000   0.0000  71.0020   0.0000   0.0000   0.0000   0.0000 
 27.4220  39.0820   0.0000   0.0000   0.0000  71.0220   0.0000   0.0000   0.0000   0.0000 
 27.4420  39.1020   0.0000   0.0000   0.0000  71.0420   0.0000   0.0000   0.0000   0.0000 
 27.4620  39.1220   0.0000   0.0000   0.0000  71.0620   0.0000   0.0000   0.0000   0.0000 
 27.4820  39.1420   0.0000   0.0000   0.0000  71.0820   0.0000   0.0000   0.0000   0.0000 
 27.5020  39.1620   0.0000   0.0000   0.0000  71.1020   0.0000   0.0000   0.0000   0.0000 
 27.5220  39.1820   0.0000   0.0000   0.0000  71.1220   0.0000   0.0000   0.0000   0.0000 
 27.5420  39.2020   0.0000   0.0000   0.0000  71.1420   0.0000   0.0000   0.0000   0.0000 
 27.5620  39.2220   0.0000   0.0000   0.0000   0.0000   0.0000   0.0000   0.0000   0.0000 
 27.5820  39.2420   0.0000   0.0000   0.0000   0.0000   0.0000   0.0000   0.0000   0.0000 
 27.6020  39.2620   0.0000   0.0000   0.0000   0.0000   0.0000   0.0000   0.0000   0.0000 
 27.6220  39.2820   0.0000   0.0000   0.0000   0.0000   0.0000   0.0000   0.0000   0.0000 
 27.6420  39.3020   0.0000   0.0000   0.0000   0.0000   0.0000   0.0000   0.0000   0.0000 
 27.6620  39.3220   0.0000   0.0000   0.0000   0.0000   0.0000   0.0000   0.0000   0.0000 
 27.6820  39.3420   0.0000   0.0000   0.0000   0.0000   0.0000   0.0000   0.0000   0.0000 
 27.7020  39.3620   0.0000   0.0000   0.0000   0.0000   0.0000   0.0000   0.0000   0.0000 
 27.7220  39.3820   0.0000   0.0000   0.0000   0.0000   0.0000   0.0000   0.0000   0.0000 
 27.7420  39.4020   0.0000   0.0000   0.0000   0.0000   0.0000   0.0000   0.0000   0.0000 
 27.7620  39.4220   0.0000   0.0000   0.0000   0.0000   0.0000   0.0000   0.0000   0.0000 
 27.7820  39.4420   0.0000   0.0000   0.0000   0.0000   0.0000   0.0000   0.0000   0.0000 
 27.8020  39.4620   0.0000   0.0000   0.0000   0.0000   0.0000   0.0000   0.0000   0.0000 
 27.8220  39.4820   0.0000   0.0000   0.0000   0.0000   0.0000   0.0000   0.0000   0.0000 
 27.8420  39.5020   0.0000   0.0000   0.0000   0.0000   0.0000   0.0000   0.0000   0.0000 
 27.8620  39.5220   0.0000   0.0000   0.0000   0.0000   0.0000   0.0000   0.0000   0.0000 
 27.8820  39.5420   0.0000   0.0000   0.0000   0.0000   0.0000   0.0000   0.0000   0.0000 
 27.9020  39.5620   0.0000   0.0000   0.0000   0.0000   0.0000   0.0000   0.0000   0.0000 
 27.9220  39.5820   0.0000   0.0000   0.0000   0.0000   0.0000   0.0000   0.0000   0.0000 
 27.9420  39.6020   0.0000   0.0000   0.0000   0.0000   0.0000   0.0000   0.0000   0.0000 
 27.9620  39.6220   0.0000   0.0000   0.0000   0.0000   0.0000   0.0000   0.0000   0.0000 
 27.9820  39.6420   0.0000   0.0000   0.0000   0.0000   0.0000   0.0000   0.0000   0.0000 
 28.0020  39.6620   0.0000   0.0000   0.0000   0.0000   0.0000   0.0000   0.0000   0.0000 
 28.0220  39.6820   0.0000   0.0000   0.0000   0.0000   0.0000   0.0000   0.0000   0.0000 
 28.0420  39.7020   0.0000   0.0000   0.0000   0.0000   0.0000   0.0000   0.0000   0.0000 
 28.0620  39.7220   0.0000   0.0000   0.0000   0.0000   0.0000   0.0000   0.0000   0.0000 
 28.0820  39.7420   0.0000   0.0000   0.0000   0.0000   0.0000   0.0000   0.0000   0.0000 
 28.1020  39.7620   0.0000   0.0000   0.0000   0.0000   0.0000   0.0000   0.0000   0.0000 
 28.1220  39.7820   0.0000   0.0000   0.0000   0.0000   0.0000   0.0000   0.0000   0.0000 
 28.1420  39.8020   0.0000   0.0000   0.0000   0.0000   0.0000   0.0000   0.0000   0.0000 
 28.1620  39.8220   0.0000   0.0000   0.0000   0.0000   0.0000   0.0000   0.0000   0.0000 
 28.1820  39.8420   0.0000   0.0000   0.0000   0.0000   0.0000   0.0000   0.0000   0.0000 
 28.2020  39.8620   0.0000   0.0000   0.0000   0.0000   0.0000   0.0000   0.0000   0.0000 
 28.2220  39.8820   0.0000   0.0000   0.0000   0.0000   0.0000   0.0000   0.0000   0.0000 
 28.2420  39.9020   0.0000   0.0000   0.0000   0.0000   0.0000   0.0000   0.0000   0.0000 
 28.2620  39.9220   0.0000   0.0000   0.0000   0.0000   0.0000   0.0000   0.0000   0.0000 
 28.2820  39.9420   0.0000   0.0000   0.0000   0.0000   0.0000   0.0000   0.0000   0.0000 
 28.3020  39.9620   0.0000   0.0000   0.0000   0.0000   0.0000   0.0000   0.0000   0.0000 
 28.3220  39.9820   0.0000   0.0000   0.0000   0.0000   0.0000   0.0000   0.0000   0.0000 
  0.0000  40.0020   0.0000   0.0000   0.0000   0.0000   0.0000   0.0000   0.0000   0.0000 
  0.0000  40.0220   0.0000   0.0000   0.0000   0.0000   0.0000   0.0000   0.0000   0.0000 
  0.0000  40.0420   0.0000   0.0000   0.0000   0.0000   0.0000   0.0000   0.0000   0.0000 
  0.0000  40.0620   0.0000   0.0000   0.0000   0.0000   0.0000   0.0000   0.0000   0.0000 
  0.0000  40.0820   0.0000   0.0000   0.0000   0.0000   0.0000   0.0000   0.0000   0.0000 
  0.0000  40.1020   0.0000   0.0000   0.0000   0.0000   0.0000   0.0000   0.0000   0.0000 
  0.0000  40.1220   0.0000   0.0000   0.0000   0.0000   0.0000   0.0000   0.0000   0.0000 
  0.0000  40.1420   0.0000   0.0000   0.0000   0.0000   0.0000   0.0000   0.0000   0.0000 
  0.0000  40.1620   0.0000   0.0000   0.0000   0.0000   0.0000   0.0000   0.0000   0.0000 
  0.0000  40.1820   0.0000   0.0000   0.0000   0.0000   0.0000   0.0000   0.0000   0.0000 
  0.0000   0.0000   0.0000   0.0000   0.0000   0.0000   0.0000   0.0000   0.0000   0.0000 
  0.0000   0.0000   0.0000   0.0000   0.0000   0.0000   0.0000   0.0000   0.0000   0.0000 
  0.0000   0.0000   0.0000   0.0000   0.0000   0.0000   0.0000   0.0000   0.0000   0.0000 
  0.0000   0.0000   0.0000   0.0000   0.0000   0.0000   0.0000   0.0000   0.0000   0.0000 
  0.0000   0.0000   0.0000   0.0000   0.0000   0.0000   0.0000   0.0000   0.0000   0.0000 
  0.0000   0.0000   0.0000   0.0000   0.0000   0.0000   0.0000   0.0000   0.0000   0.0000 
  0.0000   0.0000   0.0000   0.0000   0.0000   0.0000   0.0000   0.0000   0.0000   0.0000 
  0.0000   0.0000   0.0000   0.0000   0.0000   0.0000   0.0000   0.0000   0.0000   0.0000 
  0.0000   0.0000   0.0000   0.0000   0.0000   0.0000   0.0000   0.0000   0.0000   0.0000 
  0.0000   0.0000   0.0000   0.0000   0.0000   0.0000   0.0000   0.0000   0.0000   0.0000 
  0.0000   0.0000   0.0000   0.0000   0.0000   0.0000   0.0000   0.0000   0.0000   0.0000 
  0.0000   0.0000   0.0000   0.0000   0.0000   0.0000   0.0000   0.0000   0.0000   0.0000 
  0.0000   0.0000   0.0000   0.0000   0.0000   0.0000   0.0000   0.0000   0.0000   0.0000 
  0.0000   0.0000   0.0000   0.0000   0.0000   0.0000   0.0000   0.0000   0.0000   0.0000 
  0.0000   0.0000   0.0000   0.0000   0.0000   0.0000   0.0000   0.0000   0.0000   0.0000 
  0.0000   0.0000   0.0000   0.0000   0.0000   0.0000   0.0000   0.0000   0.0000   0.0000 
  0.0000   0.0000   0.0000   0.0000   0.0000   0.0000   0.0000   0.0000   0.0000   0.0000 
  0.0000   0.0000   0.0000   0.0000   0.0000   0.0000   0.0000   0.0000   0.0000   0.0000 
  0.0000   0.0000   0.0000   0.0000   0.0000   0.0000   0.0000   0.0000   0.0000   0.0000 
  0.0000   0.0000   0.0000   0.0000   0.0000   0.0000   0.0000   0.0000   0.0000   0.0000 
  0.0000   0.0000   0.0000   0.0000   0.0000   0.0000   0.0000   0.0000   0.0000   0.0000 
  0.0000   0.0000   0.0000   0.0000   0.0000   0.0000   0.0000   0.0000   0.0000   0.0000 
  0.0000   0.0000   0.0000   0.0000   0.0000   0.0000   0.0000   0.0000   0.0000   0.0000 
  0.0000   0.0000   0.0000   0.0000   0.0000   0.0000   0.0000   0.0000   0.0000   0.0000 
  0.0000   0.0000   0.0000   0.0000   0.0000   0.0000   0.0000   0.0000   0.0000   0.0000 
  0.0000   0.0000   0.0000   0.0000   0.0000   0.0000   0.0000   0.0000   0.0000   0.0000 
  0.0000   0.0000   0.0000   0.0000   0.0000   0.0000   0.0000   0.0000   0.0000   0.0000 
  0.0000   0.0000   0.0000   0.0000   0.0000   0.0000   0.0000   0.0000   0.0000   0.0000 
  0.0000   0.0000   0.0000   0.0000   0.0000   0.0000   0.0000   0.0000   0.0000   0.0000 
  0.0000   0.0000   0.0000   0.0000   0.0000   0.0000   0.0000   0.0000   0.0000   0.0000 
  0.0000   0.0000   0.0000   0.0000   0.0000   0.0000   0.0000   0.0000   0.0000   0.0000 
  0.0000   0.0000   0.0000   0.0000   0.0000   0.0000   0.0000   0.0000   0.0000   0.0000 
  0.0000   0.0000   0.0000   0.0000   0.0000   0.0000   0.0000   0.0000   0.0000   0.0000 
  0.0000   0.0000   0.0000   0.0000   0.0000   0.0000   0.0000   0.0000   0.0000   0.0000 
  0.0000   0.0000   0.0000   0.0000   0.0000   0.0000   0.0000   0.0000   0.0000   0.0000 
  0.0000   0.0000   0.0000   0.0000   0.0000   0.0000   0.0000   0.0000   0.0000   0.0000 
  0.0000   0.0000   0.0000   0.0000   0.0000   0.0000   0.0000   0.0000   0.0000   0.0000 
  0.0000   0.0000   0.0000   0.0000   0.0000   0.0000   0.0000   0.0000   0.0000   0.0000 
  0.0000   0.0000   0.0000   0.0000   0.0000   0.0000   0.0000   0.0000   0.0000   0.0000 
  0.0000   0.0000   0.0000   0.0000   0.0000   0.0000   0.0000   0.0000   0.0000   0.0000 
  0.0000   0.0000   0.0000   0.0000   0.0000   0.0000   0.0000   0.0000   0.0000   0.0000 
  0.0000   0.0000   0.0000   0.0000   0.0000   0.0000   0.0000   0.0000   0.0000   0.0000 
  0.0000   0.0000   0.0000   0.0000   0.0000   0.0000   0.0000   0.0000   0.0000   0.0000 
  0.0000   0.0000   0.0000   0.0000   0.0000   0.0000   0.0000   0.0000   0.0000   0.0000 
  0.0000   0.0000   0.0000   0.0000   0.0000   0.0000   0.0000   0.0000   0.0000   0.0000 
  0.0000   0.0000   0.0000   0.0000   0.0000   0.0000   0.0000   0.0000   0.0000   0.0000 
  0.0000   0.0000   0.0000   0.0000   0.0000   0.0000   0.0000   0.0000   0.0000   0.0000 
  0.0000   0.0000   0.0000   0.0000   0.0000   0.0000   0.0000   0.0000   0.0000   0.0000 
  0.0000   0.0000   0.0000   0.0000   0.0000   0.0000   0.0000   0.0000   0.0000   0.0000 
  0.0000   0.0000   0.0000   0.0000   0.0000   0.0000   0.0000   0.0000   0.0000   0.0000 
  0.0000   0.0000   0.0000   0.0000   0.0000   0.0000   0.0000   0.0000   0.0000   0.0000 
  0.0000   0.0000   0.0000   0.0000   0.0000   0.0000   0.0000   0.0000   0.0000   0.0000 
  0.0000   0.0000   0.0000   0.0000   0.0000   0.0000   0.0000   0.0000   0.0000   0.0000 
  0.0000   0.0000   0.0000   0.0000   0.0000   0.0000   0.0000   0.0000   0.0000   0.0000 
  0.0000   0.0000   0.0000   0.0000   0.0000   0.0000   0.0000   0.0000   0.0000   0.0000 
  0.0000   0.0000   0.0000   0.0000   0.0000   0.0000   0.0000   0.0000   0.0000   0.0000 
  0.0000   0.0000   0.0000   0.0000   0.0000   0.0000   0.0000   0.0000   0.0000   0.0000 
  0.0000   0.0000   0.0000   0.0000   0.0000   0.0000   0.0000   0.0000   0.0000   0.0000 
  0.0000   0.0000   0.0000   0.0000   0.0000   0.0000   0.0000   0.0000   0.0000   0.0000 
  0.0000   0.0000   0.0000   0.0000   0.0000   0.0000   0.0000   0.0000   0.0000   0.0000 
  0.0000   0.0000   0.0000   0.0000   0.0000   0.0000   0.0000   0.0000   0.0000   0.0000 
  0.0000   0.0000   0.0000   0.0000   0.0000   0.0000   0.0000   0.0000   0.0000   0.0000 
  0.0000   0.0000   0.0000   0.0000   0.0000   0.0000   0.0000   0.0000   0.0000   0.0000 
  0.0000   0.0000   0.0000   0.0000   0.0000   0.0000   0.0000   0.0000   0.0000   0.0000 
  0.0000   0.0000   0.0000   0.0000   0.0000   0.0000   0.0000   0.0000   0.0000   0.0000 
  0.0000   0.0000   0.0000   0.0000   0.0000   0.0000   0.0000   0.0000   0.0000   0.0000 
  0.0000   0.0000   0.0000   0.0000   0.0000   0.0000   0.0000   0.0000   0.0000   0.0000 
  0.0000   0.0000   0.0000   0.0000   0.0000   0.0000   0.0000   0.0000   0.0000   0.0000 
  0.0000   0.0000   0.0000   0.0000   0.0000   0.0000   0.0000   0.0000   0.0000   0.0000 
  0.0000   0.0000   0.0000   0.0000   0.0000   0.0000   0.0000   0.0000   0.0000   0.0000 
  0.0000   0.0000   0.0000   0.0000   0.0000   0.0000   0.0000   0.0000   0.0000   0.0000 
  0.0000   0.0000   0.0000   0.0000   0.0000   0.0000   0.0000   0.0000   0.0000   0.0000 
  0.0000   0.0000   0.0000   0.0000   0.0000   0.0000   0.0000   0.0000   0.0000   0.0000 
  0.0000   0.0000   0.0000   0.0000   0.0000   0.0000   0.0000   0.0000   0.0000   0.0000 
  0.0000   0.0000   0.0000   0.0000   0.0000   0.0000   0.0000   0.0000   0.0000   0.0000 
  0.0000   0.0000   0.0000   0.0000   0.0000   0.0000   0.0000   0.0000   0.0000   0.0000 
  0.0000   0.0000   0.0000   0.0000   0.0000   0.0000   0.0000   0.0000   0.0000   0.0000 
  0.0000   0.0000   0.0000   0.0000   0.0000   0.0000   0.0000   0.0000   0.0000   0.0000 
  0.0000   0.0000   0.0000   0.0000   0.0000   0.0000   0.0000   0.0000   0.0000   0.0000 
  0.0000   0.0000   0.0000   0.0000   0.0000   0.0000   0.0000   0.0000   0.0000   0.0000 
  0.0000   0.0000   0.0000   0.0000   0.0000   0.0000   0.0000   0.0000   0.0000   0.0000 
  0.0000   0.0000   0.0000   0.0000   0.0000   0.0000   0.0000   0.0000   0.0000   0.0000 
  0.0000   0.0000   0.0000   0.0000   0.0000   0.0000   0.0000   0.0000   0.0000   0.0000 
  0.0000   0.0000   0.0000   0.0000   0.0000   0.0000   0.0000   0.0000   0.0000   0.0000 
  0.0000   0.0000   0.0000   0.0000   0.0000   0.0000   0.0000   0.0000   0.0000   0.0000 
  0.0000   0.0000   0.0000   0.0000   0.0000   0.0000   0.0000   0.0000   0.0000   0.0000 
  0.0000   0.0000   0.0000   0.0000   0.0000   0.0000   0.0000   0.0000   0.0000   0.0000 
  0.0000   0.0000   0.0000   0.0000   0.0000   0.0000   0.0000   0.0000   0.0000   0.0000 
  0.0000   0.0000   0.0000   0.0000   0.0000   0.0000   0.0000   0.0000   0.0000   0.0000 
  0.0000   0.0000   0.0000   0.0000   0.0000   0.0000   0.0000   0.0000   0.0000   0.0000 
  0.0000   0.0000   0.0000   0.0000   0.0000   0.0000   0.0000   0.0000   0.0000   0.0000 
  0.0000   0.0000   0.0000   0.0000   0.0000   0.0000   0.0000   0.0000   0.0000   0.0000 
  0.0000   0.0000   0.0000   0.0000   0.0000   0.0000   0.0000   0.0000   0.0000   0.0000 
  0.0000   0.0000   0.0000   0.0000   0.0000   0.0000   0.0000   0.0000   0.0000   0.0000 
  0.0000   0.0000   0.0000   0.0000   0.0000   0.0000   0.0000   0.0000   0.0000   0.0000 
  0.0000   0.0000   0.0000   0.0000   0.0000   0.0000   0.0000   0.0000   0.0000   0.0000 
  0.0000   0.0000   0.0000   0.0000   0.0000   0.0000   0.0000   0.0000   0.0000   0.0000 
  0.0000   0.0000   0.0000   0.0000   0.0000   0.0000   0.0000   0.0000   0.0000   0.0000 
  0.0000   0.0000   0.0000   0.0000   0.0000   0.0000   0.0000   0.0000   0.0000   0.0000 
  0.0000   0.0000   0.0000   0.0000   0.0000   0.0000   0.0000   0.0000   0.0000   0.0000 
  0.0000   0.0000   0.0000   0.0000   0.0000   0.0000   0.0000   0.0000   0.0000   0.0000 
  0.0000   0.0000   0.0000   0.0000   0.0000   0.0000   0.0000   0.0000   0.0000   0.0000 
  0.0000   0.0000   0.0000   0.0000   0.0000   0.0000   0.0000   0.0000   0.0000   0.0000 
  0.0000   0.0000   0.0000   0.0000   0.0000   0.0000   0.0000   0.0000   0.0000   0.0000 
  0.0000   0.0000   0.0000   0.0000   0.0000   0.0000   0.0000   0.0000   0.0000   0.0000 
  0.0000   0.0000   0.0000   0.0000   0.0000   0.0000   0.0000   0.0000   0.0000   0.0000 
  0.0000   0.0000   0.0000   0.0000   0.0000   0.0000   0.0000   0.0000   0.0000   0.0000 
  0.0000   0.0000   0.0000   0.0000   0.0000   0.0000   0.0000   0.0000   0.0000   0.0000 
  0.0000   0.0000   0.0000   0.0000   0.0000   0.0000   0.0000   0.0000   0.0000   0.0000 
  0.0000   0.0000   0.0000   0.0000   0.0000   0.0000   0.0000   0.0000   0.0000   0.0000 
  0.0000   0.0000   0.0000   0.0000   0.0000   0.0000   0.0000   0.0000   0.0000   0.0000 
  0.0000   0.0000   0.0000   0.0000   0.0000   0.0000   0.0000   0.0000   0.0000   0.0000 
  0.0000   0.0000   0.0000   0.0000   0.0000   0.0000   0.0000   0.0000   0.0000   0.0000 
  0.0000   0.0000   0.0000   0.0000   0.0000   0.0000   0.0000   0.0000   0.0000   0.0000 
  0.0000   0.0000   0.0000   0.0000   0.0000   0.0000   0.0000   0.0000   0.0000   0.0000 
  0.0000   0.0000   0.0000   0.0000   0.0000   0.0000   0.0000   0.0000   0.0000   0.0000 
  0.0000   0.0000   0.0000   0.0000   0.0000   0.0000   0.0000   0.0000   0.0000   0.0000 
  0.0000   0.0000   0.0000   0.0000   0.0000   0.0000   0.0000   0.0000   0.0000   0.0000 
  0.0000   0.0000   0.0000   0.0000   0.0000   0.0000   0.0000   0.0000   0.0000   0.0000 
  0.0000   0.0000   0.0000   0.0000   0.0000   0.0000   0.0000   0.0000   0.0000   0.0000 
  0.0000   0.0000   0.0000   0.0000   0.0000   0.0000   0.0000   0.0000   0.0000   0.0000 
  0.0000   0.0000   0.0000   0.0000   0.0000   0.0000   0.0000   0.0000   0.0000   0.0000 
  0.0000   0.0000   0.0000   0.0000   0.0000   0.0000   0.0000   0.0000   0.0000   0.0000 
  0.0000   0.0000   0.0000   0.0000   0.0000   0.0000   0.0000   0.0000   0.0000   0.0000 
  0.0000   0.0000   0.0000   0.0000   0.0000   0.0000   0.0000   0.0000   0.0000   0.0000 
  0.0000   0.0000   0.0000   0.0000   0.0000   0.0000   0.0000   0.0000   0.0000   0.0000 
  0.0000   0.0000   0.0000   0.0000   0.0000   0.0000   0.0000   0.0000   0.0000   0.0000 
  0.0000   0.0000   0.0000   0.0000   0.0000   0.0000   0.0000   0.0000   0.0000   0.0000 
  0.0000   0.0000   0.0000   0.0000   0.0000   0.0000   0.0000   0.0000   0.0000   0.0000 
  0.0000   0.0000   0.0000   0.0000   0.0000   0.0000   0.0000   0.0000   0.0000   0.0000 
  0.0000   0.0000   0.0000   0.0000   0.0000   0.0000   0.0000   0.0000   0.0000   0.0000 
  0.0000   0.0000   0.0000   0.0000   0.0000   0.0000   0.0000   0.0000   0.0000   0.0000 
  0.0000   0.0000   0.0000   0.0000   0.0000   0.0000   0.0000   0.0000   0.0000   0.0000 
  0.0000   0.0000   0.0000   0.0000   0.0000   0.0000   0.0000   0.0000   0.0000   0.0000 
  0.0000   0.0000   0.0000   0.0000   0.0000   0.0000   0.0000   0.0000   0.0000   0.0000 
  0.0000   0.0000   0.0000   0.0000   0.0000   0.0000   0.0000   0.0000   0.0000   0.0000 
  0.0000   0.0000   0.0000   0.0000   0.0000   0.0000   0.0000   0.0000   0.0000   0.0000 
  0.0000   0.0000   0.0000   0.0000   0.0000   0.0000   0.0000   0.0000   0.0000   0.0000 
  0.0000   0.0000   0.0000   0.0000   0.0000   0.0000   0.0000   0.0000   0.0000   0.0000 
  0.0000   0.0000   0.0000   0.0000   0.0000   0.0000   0.0000   0.0000   0.0000   0.0000 
  0.0000   0.0000   0.0000   0.0000   0.0000   0.0000   0.0000   0.0000   0.0000   0.0000 
  0.0000   0.0000   0.0000   0.0000   0.0000   0.0000   0.0000   0.0000   0.0000   0.0000 
  0.0000   0.0000   0.0000   0.0000   0.0000   0.0000   0.0000   0.0000   0.0000   0.0000 
  0.0000   0.0000   0.0000   0.0000   0.0000   0.0000   0.0000   0.0000   0.0000   0.0000 
  0.0000   0.0000   0.0000   0.0000   0.0000   0.0000   0.0000   0.0000   0.0000   0.0000 
  0.0000   0.0000   0.0000   0.0000   0.0000   0.0000   0.0000   0.0000   0.0000   0.0000 
  0.0000   0.0000   0.0000   0.0000   0.0000   0.0000   0.0000   0.0000   0.0000   0.0000 
  0.0000   0.0000   0.0000   0.0000   0.0000   0.0000   0.0000   0.0000   0.0000   0.0000 
  0.0000   0.0000   0.0000   0.0000   0.0000   0.0000   0.0000   0.0000   0.0000   0.0000 
  0.0000   0.0000   0.0000   0.0000   0.0000   0.0000   0.0000   0.0000   0.0000   0.0000 
  0.0000   0.0000   0.0000   0.0000   0.0000   0.0000   0.0000   0.0000   0.0000   0.0000 
  0.0000   0.0000   0.0000   0.0000   0.0000   0.0000   0.0000   0.0000   0.0000   0.0000 
  0.0000   0.0000   0.0000   0.0000   0.0000   0.0000   0.0000   0.0000   0.0000   0.0000 
  0.0000   0.0000   0.0000   0.0000   0.0000   0.0000   0.0000   0.0000   0.0000   0.0000 
  0.0000   0.0000   0.0000   0.0000   0.0000   0.0000   0.0000   0.0000   0.0000   0.0000 
  0.0000   0.0000   0.0000   0.0000   0.0000   0.0000   0.0000   0.0000   0.0000   0.0000 
  0.0000   0.0000   0.0000   0.0000   0.0000   0.0000   0.0000   0.0000   0.0000   0.0000 
  0.0000   0.0000   0.0000   0.0000   0.0000   0.0000   0.0000   0.0000   0.0000   0.0000 
  0.0000   0.0000   0.0000   0.0000   0.0000   0.0000   0.0000   0.0000   0.0000   0.0000 
  0.0000   0.0000   0.0000   0.0000   0.0000   0.0000   0.0000   0.0000   0.0000   0.0000 
  0.0000   0.0000   0.0000   0.0000   0.0000   0.0000   0.0000   0.0000   0.0000   0.0000 
  0.0000   0.0000   0.0000   0.0000   0.0000   0.0000   0.0000   0.0000   0.0000   0.0000 
  0.0000   0.0000   0.0000   0.0000   0.0000   0.0000   0.0000   0.0000   0.0000   0.0000 
  0.0000   0.0000   0.0000   0.0000   0.0000   0.0000   0.0000   0.0000   0.0000   0.0000 
  0.0000   0.0000   0.0000   0.0000   0.0000   0.0000   0.0000   0.0000   0.0000   0.0000 
  0.0000   0.0000   0.0000   0.0000   0.0000   0.0000   0.0000   0.0000   0.0000   0.0000 
  0.0000   0.0000   0.0000   0.0000   0.0000   0.0000   0.0000   0.0000   0.0000   0.0000 
  0.0000   0.0000   0.0000   0.0000   0.0000   0.0000   0.0000   0.0000   0.0000   0.0000 
  0.0000   0.0000   0.0000   0.0000   0.0000   0.0000   0.0000   0.0000   0.0000   0.0000 
  0.0000   0.0000   0.0000   0.0000   0.0000   0.0000   0.0000   0.0000   0.0000   0.0000 
  0.0000   0.0000   0.0000   0.0000   0.0000   0.0000   0.0000   0.0000   0.0000   0.0000 
  0.0000   0.0000   0.0000   0.0000   0.0000   0.0000   0.0000   0.0000   0.0000   0.0000 
  0.0000   0.0000   0.0000   0.0000   0.0000   0.0000   0.0000   0.0000   0.0000   0.0000 
  0.0000   0.0000   0.0000   0.0000   0.0000   0.0000   0.0000   0.0000   0.0000   0.0000 
  0.0000   0.0000   0.0000   0.0000   0.0000   0.0000   0.0000   0.0000   0.0000   0.0000 
  0.0000   0.0000   0.0000   0.0000   0.0000   0.0000   0.0000   0.0000   0.0000   0.0000 
  0.0000   0.0000   0.0000   0.0000   0.0000   0.0000   0.0000   0.0000   0.0000   0.0000 
  0.0000   0.0000   0.0000   0.0000   0.0000   0.0000   0.0000   0.0000   0.0000   0.0000 
  0.0000   0.0000   0.0000   0.0000   0.0000   0.0000   0.0000   0.0000   0.0000   0.0000 
  0.0000   0.0000   0.0000   0.0000   0.0000   0.0000   0.0000   0.0000   0.0000   0.0000 
  0.0000   0.0000   0.0000   0.0000   0.0000   0.0000   0.0000   0.0000   0.0000   0.0000 
  0.0000   0.0000   0.0000   0.0000   0.0000   0.0000   0.0000   0.0000   0.0000   0.0000 
  0.0000   0.0000   0.0000   0.0000   0.0000   0.0000   0.0000   0.0000   0.0000   0.0000 
  0.0000   0.0000   0.0000   0.0000   0.0000   0.0000   0.0000   0.0000   0.0000   0.0000 
  0.0000   0.0000   0.0000   0.0000   0.0000   0.0000   0.0000   0.0000   0.0000   0.0000 
  0.0000   0.0000   0.0000   0.0000   0.0000   0.0000   0.0000   0.0000   0.0000   0.0000 
  0.0000   0.0000   0.0000   0.0000   0.0000   0.0000   0.0000   0.0000   0.0000   0.0000 
  0.0000   0.0000   0.0000   0.0000   0.0000   0.0000   0.0000   0.0000   0.0000   0.0000 
  0.0000   0.0000   0.0000   0.0000   0.0000   0.0000   0.0000   0.0000   0.0000   0.0000 
  0.0000   0.0000   0.0000   0.0000   0.0000   0.0000   0.0000   0.0000   0.0000   0.0000 
  0.0000   0.0000   0.0000   0.0000   0.0000   0.0000   0.0000   0.0000   0.0000   0.0000 
  0.0000   0.0000   0.0000   0.0000   0.0000   0.0000   0.0000   0.0000   0.0000   0.0000 
  0.0000   0.0000   0.0000   0.0000   0.0000   0.0000   0.0000   0.0000   0.0000   0.0000 
  0.0000   0.0000   0.0000   0.0000   0.0000   0.0000   0.0000   0.0000   0.0000   0.0000 
  0.0000   0.0000   0.0000   0.0000   0.0000   0.0000   0.0000   0.0000   0.0000   0.0000 
  0.0000   0.0000   0.0000   0.0000   0.0000   0.0000   0.0000   0.0000   0.0000   0.0000 
  0.0000   0.0000   0.0000   0.0000   0.0000   0.0000   0.0000   0.0000   0.0000   0.0000 
  0.0000   0.0000   0.0000   0.0000   0.0000   0.0000   0.0000   0.0000   0.0000   0.0000 
  0.0000   0.0000   0.0000   0.0000   0.0000   0.0000   0.0000   0.0000   0.0000   0.0000 
  0.0000   0.0000   0.0000   0.0000   0.0000   0.0000   0.0000   0.0000   0.0000   0.0000 
  0.0000   0.0000   0.0000   0.0000   0.0000   0.0000   0.0000   0.0000   0.0000   0.0000 
  0.0000   0.0000   0.0000   0.0000   0.0000   0.0000   0.0000   0.0000   0.0000   0.0000 
  0.0000   0.0000   0.0000   0.0000   0.0000   0.0000   0.0000   0.0000   0.0000   0.0000 
  0.0000   0.0000   0.0000   0.0000   0.0000   0.0000   0.0000   0.0000   0.0000   0.0000 
  0.0000   0.0000   0.0000   0.0000   0.0000   0.0000   0.0000   0.0000   0.0000   0.0000 
  0.0000   0.0000   0.0000   0.0000   0.0000   0.0000   0.0000   0.0000   0.0000   0.0000 
  0.0000   0.0000   0.0000   0.0000   0.0000   0.0000   0.0000   0.0000   0.0000   0.0000 
  0.0000   0.0000   0.0000   0.0000   0.0000   0.0000   0.0000   0.0000   0.0000   0.0000 
  0.0000   0.0000   0.0000   0.0000   0.0000   0.0000   0.0000   0.0000   0.0000   0.0000 
  0.0000   0.0000   0.0000   0.0000   0.0000   0.0000   0.0000   0.0000   0.0000   0.0000 
  0.0000   0.0000   0.0000   0.0000   0.0000   0.0000   0.0000   0.0000   0.0000   0.0000 
  0.0000   0.0000   0.0000   0.0000   0.0000   0.0000   0.0000   0.0000   0.0000   0.0000 
  0.0000   0.0000   0.0000   0.0000   0.0000   0.0000   0.0000   0.0000   0.0000   0.0000 
  0.0000   0.0000   0.0000   0.0000   0.0000   0.0000   0.0000   0.0000   0.0000   0.0000 
  0.0000   0.0000   0.0000   0.0000   0.0000   0.0000   0.0000   0.0000   0.0000   0.0000 
  0.0000   0.0000   0.0000   0.0000   0.0000   0.0000   0.0000   0.0000   0.0000   0.0000 
  0.0000   0.0000   0.0000   0.0000   0.0000   0.0000   0.0000   0.0000   0.0000   0.0000 
  0.0000   0.0000   0.0000   0.0000   0.0000   0.0000   0.0000   0.0000   0.0000   0.0000 
  0.0000   0.0000   0.0000   0.0000   0.0000   0.0000   0.0000   0.0000   0.0000   0.0000 
  0.0000   0.0000   0.0000   0.0000   0.0000   0.0000   0.0000   0.0000   0.0000   0.0000 
  0.0000   0.0000   0.0000   0.0000   0.0000   0.0000   0.0000   0.0000   0.0000   0.0000 
  0.0000   0.0000   0.0000   0.0000   0.0000   0.0000   0.0000   0.0000   0.0000   0.0000 
  0.0000   0.0000   0.0000   0.0000   0.0000   0.0000   0.0000   0.0000   0.0000   0.0000 
  0.0000   0.0000   0.0000   0.0000   0.0000   0.0000   0.0000   0.0000   0.0000   0.0000 
  0.0000   0.0000   0.0000   0.0000   0.0000   0.0000   0.0000   0.0000   0.0000   0.0000 
  0.0000   0.0000   0.0000   0.0000   0.0000   0.0000   0.0000   0.0000   0.0000   0.0000 
  0.0000   0.0000   0.0000   0.0000   0.0000   0.0000   0.0000   0.0000   0.0000   0.0000 
  0.0000   0.0000   0.0000   0.0000   0.0000   0.0000   0.0000   0.0000   0.0000   0.0000 
  0.0000   0.0000   0.0000   0.0000   0.0000   0.0000   0.0000   0.0000   0.0000   0.0000 
  0.0000   0.0000   0.0000   0.0000   0.0000   0.0000   0.0000   0.0000   0.0000   0.0000 
  0.0000   0.0000   0.0000   0.0000   0.0000   0.0000   0.0000   0.0000   0.0000   0.0000 
  0.0000   0.0000   0.0000   0.0000   0.0000   0.0000   0.0000   0.0000   0.0000   0.0000 
  0.0000   0.0000   0.0000   0.0000   0.0000   0.0000   0.0000   0.0000   0.0000   0.0000 
  0.0000   0.0000   0.0000   0.0000   0.0000   0.0000   0.0000   0.0000   0.0000   0.0000 
  0.0000   0.0000   0.0000   0.0000   0.0000   0.0000   0.0000   0.0000   0.0000   0.0000 
  0.0000   0.0000   0.0000   0.0000   0.0000   0.0000   0.0000   0.0000   0.0000   0.0000 
  0.0000   0.0000   0.0000   0.0000   0.0000   0.0000   0.0000   0.0000   0.0000   0.0000 
  0.0000   0.0000   0.0000   0.0000   0.0000   0.0000   0.0000   0.0000   0.0000   0.0000 
  0.0000   0.0000   0.0000   0.0000   0.0000   0.0000   0.0000   0.0000   0.0000   0.0000 
  0.0000   0.0000   0.0000   0.0000   0.0000   0.0000   0.0000   0.0000   0.0000   0.0000 
  0.0000   0.0000   0.0000   0.0000   0.0000   0.0000   0.0000   0.0000   0.0000   0.0000 
  0.0000   0.0000   0.0000   0.0000   0.0000   0.0000   0.0000   0.0000   0.0000   0.0000 
  0.0000   0.0000   0.0000   0.0000   0.0000   0.0000   0.0000   0.0000   0.0000   0.0000 
  0.0000   0.0000   0.0000   0.0000   0.0000   0.0000   0.0000   0.0000   0.0000   0.0000 
  0.0000   0.0000   0.0000   0.0000   0.0000   0.0000   0.0000   0.0000   0.0000   0.0000 
  0.0000   0.0000   0.0000   0.0000   0.0000   0.0000   0.0000   0.0000   0.0000   0.0000 
  0.0000   0.0000   0.0000   0.0000   0.0000   0.0000   0.0000   0.0000   0.0000   0.0000 
  0.0000   0.0000   0.0000   0.0000   0.0000   0.0000   0.0000   0.0000   0.0000   0.0000 
  0.0000   0.0000   0.0000   0.0000   0.0000   0.0000   0.0000   0.0000   0.0000   0.0000 
  0.0000   0.0000   0.0000   0.0000   0.0000   0.0000   0.0000   0.0000   0.0000   0.0000 
  0.0000   0.0000   0.0000   0.0000   0.0000   0.0000   0.0000   0.0000   0.0000   0.0000 
  0.0000   0.0000   0.0000   0.0000   0.0000   0.0000   0.0000   0.0000   0.0000   0.0000 
  0.0000   0.0000   0.0000   0.0000   0.0000   0.0000   0.0000   0.0000   0.0000   0.0000 
  0.0000   0.0000   0.0000   0.0000   0.0000   0.0000   0.0000   0.0000   0.0000   0.0000 
  0.0000   0.0000   0.0000   0.0000   0.0000   0.0000   0.0000   0.0000   0.0000   0.0000 
  0.0000   0.0000   0.0000   0.0000   0.0000   0.0000   0.0000   0.0000   0.0000   0.0000 
  0.0000   0.0000   0.0000   0.0000   0.0000   0.0000   0.0000   0.0000   0.0000   0.0000 
  0.0000   0.0000   0.0000   0.0000   0.0000   0.0000   0.0000   0.0000   0.0000   0.0000 
  0.0000   0.0000   0.0000   0.0000   0.0000   0.0000   0.0000   0.0000   0.0000   0.0000 
  0.0000   0.0000   0.0000   0.0000   0.0000   0.0000   0.0000   0.0000   0.0000   0.0000 
  0.0000   0.0000   0.0000   0.0000   0.0000   0.0000   0.0000   0.0000   0.0000   0.0000 
  0.0000   0.0000   0.0000   0.0000   0.0000   0.0000   0.0000   0.0000   0.0000   0.0000 
  0.0000   0.0000   0.0000   0.0000   0.0000   0.0000   0.0000   0.0000   0.0000   0.0000 
  0.0000   0.0000   0.0000   0.0000   0.0000   0.0000   0.0000   0.0000   0.0000   0.0000 
  0.0000   0.0000   0.0000   0.0000   0.0000   0.0000   0.0000   0.0000   0.0000   0.0000 
  0.0000   0.0000   0.0000   0.0000   0.0000   0.0000   0.0000   0.0000   0.0000   0.0000 
  0.0000   0.0000   0.0000   0.0000   0.0000   0.0000   0.0000   0.0000   0.0000   0.0000 
  0.0000   0.0000   0.0000   0.0000   0.0000   0.0000   0.0000   0.0000   0.0000   0.0000 
  0.0000   0.0000   0.0000   0.0000   0.0000   0.0000   0.0000   0.0000   0.0000   0.0000 
  0.0000   0.0000   0.0000   0.0000   0.0000   0.0000   0.0000   0.0000   0.0000   0.0000 
  0.0000   0.0000   0.0000   0.0000   0.0000   0.0000   0.0000   0.0000   0.0000   0.0000 
  0.0000   0.0000   0.0000   0.0000   0.0000   0.0000   0.0000   0.0000   0.0000   0.0000 
  0.0000   0.0000   0.0000   0.0000   0.0000   0.0000   0.0000   0.0000   0.0000   0.0000 
  0.0000   0.0000   0.0000   0.0000   0.0000   0.0000   0.0000   0.0000   0.0000   0.0000 
  0.0000   0.0000   0.0000   0.0000   0.0000   0.0000   0.0000   0.0000   0.0000   0.0000 
  0.0000   0.0000   0.0000   0.0000   0.0000   0.0000   0.0000   0.0000   0.0000   0.0000 
  0.0000   0.0000   0.0000   0.0000   0.0000   0.0000   0.0000   0.0000   0.0000   0.0000 
  0.0000   0.0000   0.0000   0.0000   0.0000   0.0000   0.0000   0.0000   0.0000   0.0000 
  0.0000   0.0000   0.0000   0.0000   0.0000   0.0000   0.0000   0.0000   0.0000   0.0000 
  0.0000   0.0000   0.0000   0.0000   0.0000   0.0000   0.0000   0.0000   0.0000   0.0000 
  0.0000   0.0000   0.0000   0.0000   0.0000   0.0000   0.0000   0.0000   0.0000   0.0000 
  0.0000   0.0000   0.0000   0.0000   0.0000   0.0000   0.0000   0.0000   0.0000   0.0000 
  0.0000   0.0000   0.0000   0.0000   0.0000   0.0000   0.0000   0.0000   0.0000   0.0000 
  0.0000   0.0000   0.0000   0.0000   0.0000   0.0000   0.0000   0.0000   0.0000   0.0000 
  0.0000   0.0000   0.0000   0.0000   0.0000   0.0000   0.0000   0.0000   0.0000   0.0000 
  0.0000   0.0000   0.0000   0.0000   0.0000   0.0000   0.0000   0.0000   0.0000   0.0000 
  0.0000   0.0000   0.0000   0.0000   0.0000   0.0000   0.0000   0.0000   0.0000   0.0000 
  0.0000   0.0000   0.0000   0.0000   0.0000   0.0000   0.0000   0.0000   0.0000   0.0000 
  0.0000   0.0000   0.0000   0.0000   0.0000   0.0000   0.0000   0.0000   0.0000   0.0000 
  0.0000   0.0000   0.0000   0.0000   0.0000   0.0000   0.0000   0.0000   0.0000   0.0000 
  0.0000   0.0000   0.0000   0.0000   0.0000   0.0000   0.0000   0.0000   0.0000   0.0000 
  0.0000   0.0000   0.0000   0.0000   0.0000   0.0000   0.0000   0.0000   0.0000   0.0000 
  0.0000   0.0000   0.0000   0.0000   0.0000   0.0000   0.0000   0.0000   0.0000   0.0000 
  0.0000   0.0000   0.0000   0.0000   0.0000   0.0000   0.0000   0.0000   0.0000   0.0000 
  0.0000   0.0000   0.0000   0.0000   0.0000   0.0000   0.0000   0.0000   0.0000   0.0000 
  0.0000   0.0000   0.0000   0.0000   0.0000   0.0000   0.0000   0.0000   0.0000   0.0000 
  0.0000   0.0000   0.0000   0.0000   0.0000   0.0000   0.0000   0.0000   0.0000   0.0000 
  0.0000   0.0000   0.0000   0.0000   0.0000   0.0000   0.0000   0.0000   0.0000   0.0000 
  0.0000   0.0000   0.0000   0.0000   0.0000   0.0000   0.0000   0.0000   0.0000   0.0000 
  0.0000   0.0000   0.0000   0.0000   0.0000   0.0000   0.0000   0.0000   0.0000   0.0000 
  0.0000   0.0000   0.0000   0.0000   0.0000   0.0000   0.0000   0.0000   0.0000   0.0000 
  0.0000   0.0000   0.0000   0.0000   0.0000   0.0000   0.0000   0.0000   0.0000   0.0000 
  0.0000   0.0000   0.0000   0.0000   0.0000   0.0000   0.0000   0.0000   0.0000   0.0000 
  0.0000   0.0000   0.0000   0.0000   0.0000   0.0000   0.0000   0.0000   0.0000   0.0000 
  0.0000   0.0000   0.0000   0.0000   0.0000   0.0000   0.0000   0.0000   0.0000   0.0000 
  0.0000   0.0000   0.0000   0.0000   0.0000   0.0000   0.0000   0.0000   0.0000   0.0000 
  0.0000   0.0000   0.0000   0.0000   0.0000   0.0000   0.0000   0.0000   0.0000   0.0000 
  0.0000   0.0000   0.0000   0.0000   0.0000   0.0000   0.0000   0.0000   0.0000   0.0000 
  0.0000   0.0000   0.0000   0.0000   0.0000   0.0000   0.0000   0.0000   0.0000   0.0000 
  0.0000   0.0000   0.0000   0.0000   0.0000   0.0000   0.0000   0.0000   0.0000   0.0000 
  0.0000   0.0000   0.0000   0.0000   0.0000   0.0000   0.0000   0.0000   0.0000   0.0000 
  0.0000   0.0000   0.0000   0.0000   0.0000   0.0000   0.0000   0.0000   0.0000   0.0000 
  0.0000   0.0000   0.0000   0.0000   0.0000   0.0000   0.0000   0.0000   0.0000   0.0000 
  0.0000   0.0000   0.0000   0.0000   0.0000   0.0000   0.0000   0.0000   0.0000   0.0000 
  0.0000   0.0000   0.0000   0.0000   0.0000   0.0000   0.0000   0.0000   0.0000   0.0000 
  0.0000   0.0000   0.0000   0.0000   0.0000   0.0000   0.0000   0.0000   0.0000   0.0000 
  0.0000   0.0000   0.0000   0.0000   0.0000   0.0000   0.0000   0.0000   0.0000   0.0000 
  0.0000   0.0000   0.0000   0.0000   0.0000   0.0000   0.0000   0.0000   0.0000   0.0000 
  0.0000   0.0000   0.0000   0.0000   0.0000   0.0000   0.0000   0.0000   0.0000   0.0000 
  0.0000   0.0000   0.0000   0.0000   0.0000   0.0000   0.0000   0.0000   0.0000   0.0000 
  0.0000   0.0000   0.0000   0.0000   0.0000   0.0000   0.0000   0.0000   0.0000   0.0000 
  0.0000   0.0000   0.0000   0.0000   0.0000   0.0000   0.0000   0.0000   0.0000   0.0000 
  0.0000   0.0000   0.0000   0.0000   0.0000   0.0000   0.0000   0.0000   0.0000   0.0000 
  0.0000   0.0000   0.0000   0.0000   0.0000   0.0000   0.0000   0.0000   0.0000   0.0000 
  0.0000   0.0000   0.0000   0.0000   0.0000   0.0000   0.0000   0.0000   0.0000   0.0000 
  0.0000   0.0000   0.0000   0.0000   0.0000   0.0000   0.0000   0.0000   0.0000   0.0000 
  0.0000   0.0000   0.0000   0.0000   0.0000   0.0000   0.0000   0.0000   0.0000   0.0000 
  0.0000   0.0000   0.0000   0.0000   0.0000   0.0000   0.0000   0.0000   0.0000   0.0000 
  0.0000   0.0000   0.0000   0.0000   0.0000   0.0000   0.0000   0.0000   0.0000   0.0000 
  0.0000   0.0000   0.0000   0.0000   0.0000   0.0000   0.0000   0.0000   0.0000   0.0000 
  0.0000   0.0000   0.0000   0.0000   0.0000   0.0000   0.0000   0.0000   0.0000   0.0000 
  0.0000   0.0000   0.0000   0.0000   0.0000   0.0000   0.0000   0.0000   0.0000   0.0000 
  0.0000   0.0000   0.0000   0.0000   0.0000   0.0000   0.0000   0.0000   0.0000   0.0000 
  0.0000   0.0000   0.0000   0.0000   0.0000   0.0000   0.0000   0.0000   0.0000   0.0000 
  0.0000   0.0000   0.0000   0.0000   0.0000   0.0000   0.0000   0.0000   0.0000   0.0000 
  0.0000   0.0000   0.0000   0.0000   0.0000   0.0000   0.0000   0.0000   0.0000   0.0000 
  0.0000   0.0000   0.0000   0.0000   0.0000   0.0000   0.0000   0.0000   0.0000   0.0000 
  0.0000   0.0000   0.0000   0.0000   0.0000   0.0000   0.0000   0.0000   0.0000   0.0000 
  0.0000   0.0000   0.0000   0.0000   0.0000   0.0000   0.0000   0.0000   0.0000   0.0000 
  0.0000   0.0000   0.0000   0.0000   0.0000   0.0000   0.0000   0.0000   0.0000   0.0000 
  0.0000   0.0000   0.0000   0.0000   0.0000   0.0000   0.0000   0.0000   0.0000   0.0000 
  0.0000   0.0000   0.0000   0.0000   0.0000   0.0000   0.0000   0.0000   0.0000   0.0000 
  0.0000   0.0000   0.0000   0.0000   0.0000   0.0000   0.0000   0.0000   0.0000   0.0000 
  0.0000   0.0000   0.0000   0.0000   0.0000   0.0000   0.0000   0.0000   0.0000   0.0000 
  0.0000   0.0000   0.0000   0.0000   0.0000   0.0000   0.0000   0.0000   0.0000   0.0000 
  0.0000   0.0000   0.0000   0.0000   0.0000   0.0000   0.0000   0.0000   0.0000   0.0000 
  0.0000   0.0000   0.0000   0.0000   0.0000   0.0000   0.0000   0.0000   0.0000   0.0000 
  0.0000   0.0000   0.0000   0.0000   0.0000   0.0000   0.0000   0.0000   0.0000   0.0000 
  0.0000   0.0000   0.0000   0.0000   0.0000   0.0000   0.0000   0.0000   0.0000   0.0000 
  0.0000   0.0000   0.0000   0.0000   0.0000   0.0000   0.0000   0.0000   0.0000   0.0000 
  0.0000   0.0000   0.0000   0.0000   0.0000   0.0000   0.0000   0.0000   0.0000   0.0000 
  0.0000   0.0000   0.0000   0.0000   0.0000   0.0000   0.0000   0.0000   0.0000   0.0000 
  0.0000   0.0000   0.0000   0.0000   0.0000   0.0000   0.0000   0.0000   0.0000   0.0000 
  0.0000   0.0000   0.0000   0.0000   0.0000   0.0000   0.0000   0.0000   0.0000   0.0000 
  0.0000   0.0000   0.0000   0.0000   0.0000   0.0000   0.0000   0.0000   0.0000   0.0000 
  0.0000   0.0000   0.0000   0.0000   0.0000   0.0000   0.0000   0.0000   0.0000   0.0000 
  0.0000   0.0000   0.0000   0.0000   0.0000   0.0000   0.0000   0.0000   0.0000   0.0000 
  0.0000   0.0000   0.0000   0.0000   0.0000   0.0000   0.0000   0.0000   0.0000   0.0000 
  0.0000   0.0000   0.0000   0.0000   0.0000   0.0000   0.0000   0.0000   0.0000   0.0000 
  0.0000   0.0000   0.0000   0.0000   0.0000   0.0000   0.0000   0.0000   0.0000   0.0000 
  0.0000   0.0000   0.0000   0.0000   0.0000   0.0000   0.0000   0.0000   0.0000   0.0000 
  0.0000   0.0000   0.0000   0.0000   0.0000   0.0000   0.0000   0.0000   0.0000   0.0000 
  0.0000   0.0000   0.0000   0.0000   0.0000   0.0000   0.0000   0.0000   0.0000   0.0000 
  0.0000   0.0000   0.0000   0.0000   0.0000   0.0000   0.0000   0.0000   0.0000   0.0000 
  0.0000   0.0000   0.0000   0.0000   0.0000   0.0000   0.0000   0.0000   0.0000   0.0000 
  0.0000   0.0000   0.0000   0.0000   0.0000   0.0000   0.0000   0.0000   0.0000   0.0000 
  0.0000   0.0000   0.0000   0.0000   0.0000   0.0000   0.0000   0.0000   0.0000   0.0000 
  0.0000   0.0000   0.0000   0.0000   0.0000   0.0000   0.0000   0.0000   0.0000   0.0000 
  0.0000   0.0000   0.0000   0.0000   0.0000   0.0000   0.0000   0.0000   0.0000   0.0000 
  0.0000   0.0000   0.0000   0.0000   0.0000   0.0000   0.0000   0.0000   0.0000   0.0000 
  0.0000   0.0000   0.0000   0.0000   0.0000   0.0000   0.0000   0.0000   0.0000   0.0000 
  0.0000   0.0000   0.0000   0.0000   0.0000   0.0000   0.0000   0.0000   0.0000   0.0000 
  0.0000   0.0000   0.0000   0.0000   0.0000   0.0000   0.0000   0.0000   0.0000   0.0000 
  0.0000   0.0000   0.0000   0.0000   0.0000   0.0000   0.0000   0.0000   0.0000   0.0000 
  0.0000   0.0000   0.0000   0.0000   0.0000   0.0000   0.0000   0.0000   0.0000   0.0000 
  0.0000   0.0000   0.0000   0.0000   0.0000   0.0000   0.0000   0.0000   0.0000   0.0000 
  0.0000   0.0000   0.0000   0.0000   0.0000   0.0000   0.0000   0.0000   0.0000   0.0000 
  0.0000   0.0000   0.0000   0.0000   0.0000   0.0000   0.0000   0.0000   0.0000   0.0000 
  0.0000   0.0000   0.0000   0.0000   0.0000   0.0000   0.0000   0.0000   0.0000   0.0000 
  0.0000   0.0000   0.0000   0.0000   0.0000   0.0000   0.0000   0.0000   0.0000   0.0000 
  0.0000   0.0000   0.0000   0.0000   0.0000   0.0000   0.0000   0.0000   0.0000   0.0000 
  0.0000   0.0000   0.0000   0.0000   0.0000   0.0000   0.0000   0.0000   0.0000   0.0000 
  0.0000   0.0000   0.0000   0.0000   0.0000   0.0000   0.0000   0.0000   0.0000   0.0000 
  0.0000   0.0000   0.0000   0.0000   0.0000   0.0000   0.0000   0.0000   0.0000   0.0000 
  0.0000   0.0000   0.0000   0.0000   0.0000   0.0000   0.0000   0.0000   0.0000   0.0000 
  0.0000   0.0000   0.0000   0.0000   0.0000   0.0000   0.0000   0.0000   0.0000   0.0000 
  0.0000   0.0000   0.0000   0.0000   0.0000   0.0000   0.0000   0.0000   0.0000   0.0000 
  0.0000   0.0000   0.0000   0.0000   0.0000   0.0000   0.0000   0.0000   0.0000   0.0000 
  0.0000   0.0000   0.0000   0.0000   0.0000   0.0000   0.0000   0.0000   0.0000   0.0000 
  0.0000   0.0000   0.0000   0.0000   0.0000   0.0000   0.0000   0.0000   0.0000   0.0000 
  0.0000   0.0000   0.0000   0.0000   0.0000   0.0000   0.0000   0.0000   0.0000   0.0000 
  0.0000   0.0000   0.0000   0.0000   0.0000   0.0000   0.0000   0.0000   0.0000   0.0000 
  0.0000   0.0000   0.0000   0.0000   0.0000   0.0000   0.0000   0.0000   0.0000   0.0000 
  0.0000   0.0000   0.0000   0.0000   0.0000   0.0000   0.0000   0.0000   0.0000   0.0000 
  0.0000   0.0000   0.0000   0.0000   0.0000   0.0000   0.0000   0.0000   0.0000   0.0000 
  0.0000   0.0000   0.0000   0.0000   0.0000   0.0000   0.0000   0.0000   0.0000   0.0000 
  0.0000   0.0000   0.0000   0.0000   0.0000   0.0000   0.0000   0.0000   0.0000   0.0000 
  0.0000   0.0000   0.0000   0.0000   0.0000   0.0000   0.0000   0.0000   0.0000   0.0000 
  0.0000   0.0000   0.0000   0.0000   0.0000   0.0000   0.0000   0.0000   0.0000   0.0000 
  0.0000   0.0000   0.0000   0.0000   0.0000   0.0000   0.0000   0.0000   0.0000   0.0000 
  0.0000   0.0000   0.0000   0.0000   0.0000   0.0000   0.0000   0.0000   0.0000   0.0000 
  0.0000   0.0000   0.0000   0.0000   0.0000   0.0000   0.0000   0.0000   0.0000   0.0000 
  0.0000   0.0000   0.0000   0.0000   0.0000   0.0000   0.0000   0.0000   0.0000   0.0000 
  0.0000   0.0000   0.0000   0.0000   0.0000   0.0000   0.0000   0.0000   0.0000   0.0000 
  0.0000   0.0000   0.0000   0.0000   0.0000   0.0000   0.0000   0.0000   0.0000   0.0000 
  0.0000   0.0000   0.0000   0.0000   0.0000   0.0000   0.0000   0.0000   0.0000   0.0000 
  0.0000   0.0000   0.0000   0.0000   0.0000   0.0000   0.0000   0.0000   0.0000   0.0000 
  0.0000   0.0000   0.0000   0.0000   0.0000   0.0000   0.0000   0.0000   0.0000   0.0000 
  0.0000   0.0000   0.0000   0.0000   0.0000   0.0000   0.0000   0.0000   0.0000   0.0000 
  0.0000   0.0000   0.0000   0.0000   0.0000   0.0000   0.0000   0.0000   0.0000   0.0000 
  0.0000   0.0000   0.0000   0.0000   0.0000   0.0000   0.0000   0.0000   0.0000   0.0000 
  0.0000   0.0000   0.0000   0.0000   0.0000   0.0000   0.0000   0.0000   0.0000   0.0000 
  0.0000   0.0000   0.0000   0.0000   0.0000   0.0000   0.0000   0.0000   0.0000   0.0000 
  0.0000   0.0000   0.0000   0.0000   0.0000   0.0000   0.0000   0.0000   0.0000   0.0000 
  0.0000   0.0000   0.0000   0.0000   0.0000   0.0000   0.0000   0.0000   0.0000   0.0000 
  0.0000   0.0000   0.0000   0.0000   0.0000   0.0000   0.0000   0.0000   0.0000   0.0000 
  0.0000   0.0000   0.0000   0.0000   0.0000   0.0000   0.0000   0.0000   0.0000   0.0000 
  0.0000   0.0000   0.0000   0.0000   0.0000   0.0000   0.0000   0.0000   0.0000   0.0000 
  0.0000   0.0000   0.0000   0.0000   0.0000   0.0000   0.0000   0.0000   0.0000   0.0000 
  0.0000   0.0000   0.0000   0.0000   0.0000   0.0000   0.0000   0.0000   0.0000   0.0000 
  0.0000   0.0000   0.0000   0.0000   0.0000   0.0000   0.0000   0.0000   0.0000   0.0000 
  0.0000   0.0000   0.0000   0.0000   0.0000   0.0000   0.0000   0.0000   0.0000   0.0000 
  0.0000   0.0000   0.0000   0.0000   0.0000   0.0000   0.0000   0.0000   0.0000   0.0000 
  0.0000   0.0000   0.0000   0.0000   0.0000   0.0000   0.0000   0.0000   0.0000   0.0000 
  0.0000   0.0000   0.0000   0.0000   0.0000   0.0000   0.0000   0.0000   0.0000   0.0000 
  0.0000   0.0000   0.0000   0.0000   0.0000   0.0000   0.0000   0.0000   0.0000   0.0000 
  0.0000   0.0000   0.0000   0.0000   0.0000   0.0000   0.0000   0.0000   0.0000   0.0000 
  0.0000   0.0000   0.0000   0.0000   0.0000   0.0000   0.0000   0.0000   0.0000   0.0000 
  0.0000   0.0000   0.0000   0.0000   0.0000   0.0000   0.0000   0.0000   0.0000   0.0000 
  0.0000   0.0000   0.0000   0.0000   0.0000   0.0000   0.0000   0.0000   0.0000   0.0000 
  0.0000   0.0000   0.0000   0.0000   0.0000   0.0000   0.0000   0.0000   0.0000   0.0000 
